COMISIÓN NACIONAL DEL AGUA
COORDINACIÓN GENERAL DEL SERVICIO METEOROLÓGICO NACIONAL
BASE DE DATOS CLIMATOLÓGICA NACIONAL 

REGISTRO DIARIO HISTÓRICO
EMISIÓN   : 11/09/2026 

DATOS DISPONIBLES EN LA BASE DE DATOS A: SEPTEMBER DE 2026; 
CON LA INFORMACIÓN SUMINISTRADA POR LAS UNIDADES ADMINISTRATIVAS 

 ESTACIÓN   : 13007 
 NOMBRE     : CORRALEJO 
 ESTADO     : HIDALGO 
 MUNICIPIO  : EMILIANO ZAPATA 
 SITUACIÓN  : SUSPENDIDA 
 U. ADMNVA. : ORGANISMO DE CUENCA AGUAS DEL VALLE DE MÉXICO 
 CVE-OMM    :   
 LATITUD    : 19.63333333 ° 
 LONGITUD   : -98.66666667 ° 
 ALTITUD    : 2820 msnm 




FECHA		PRECIP	EVAP	TMAX	TMIN
		(mm)	(mm)	(°C )	(°C)
1967-01-01	0	NULO	19	2
1967-01-02	0	NULO	20	2.5
1967-01-03	0	NULO	17	1
1967-01-04	0	NULO	19	0.5
1967-01-05	0	NULO	18	0
1967-01-06	0	NULO	17	2
1967-01-07	0	NULO	18	1
1967-01-08	0	NULO	17	0
1967-01-09	0.01	NULO	13.5	2
1967-01-10	33.5	NULO	7	0
1967-01-11	4.5	NULO	7	0
1967-01-12	0.01	NULO	15	1
1967-01-13	0	NULO	14	5
1967-01-14	0	NULO	14	3
1967-01-15	0.01	NULO	15	2
1967-01-16	0	NULO	11	1
1967-01-17	0.01	NULO	12	1
1967-01-18	0	NULO	10	1
1967-01-19	0	NULO	16.5	1
1967-01-20	0	NULO	12.5	2
1967-01-21	0	NULO	15	2
1967-01-22	0	NULO	15	2
1967-01-23	0	NULO	16	1
1967-01-24	0	2.7	15	3
1967-01-25	0	3.1	17.5	2
1967-01-26	0	3.7	17	4
1967-01-27	0	4.5	17.5	3.5
1967-01-28	0	5.4	17.5	1.5
1967-01-29	0	6.1	16.5	1.5
1967-01-30	0	4.5	17	2
1967-01-31	0	6.3	18.5	3.5
1967-02-01	0	3.7	18.5	4
1967-02-02	0.01	4	19.5	4
1967-02-03	0.01	4.3	17.5	2.5
1967-02-04	5	5.5	10.5	4
1967-02-05	0	5.5	18.5	5.5
1967-02-06	0	5.3	18	6.5
1967-02-07	0	6.9	13.5	7
1967-02-08	0	4.1	15.5	5.5
1967-02-09	0	7.5	16.5	-2
1967-02-10	0	5.9	18	5
1967-02-11	0	4	17.5	1.5
1967-02-12	0	6	18	-5
1967-02-13	0	9	18	1.5
1967-02-14	0	6.9	16.5	1
1967-02-15	0	7.9	17.5	2
1967-02-16	0	6	18	2
1967-02-17	0	5.5	15.5	1
1967-02-18	0	3.5	16	2
1967-02-19	0	9.2	19	3
1967-02-20	0	4.9	17.5	2
1967-02-21	0	5.1	17	2.5
1967-02-22	0	5.9	18	0
1967-02-23	0	6	18.5	2
1967-02-24	0	4.6	18	4
1967-02-25	0	5.4	16	2
1967-02-26	0	5	18	2
1967-02-27	0	3.3	19	3
1967-02-28	0	4.6	16	3
1967-03-01	0.01	3.7	17	2
1967-03-02	0	3.6	18	-4
1967-03-03	0	6.6	19	4
1967-03-04	0.01	5.1	19	7
1967-03-05	0	4.9	20	-5
1967-03-06	0	3.9	21.5	4
1967-03-07	0	14.6	22	4
1967-03-08	0.01	3.7	21	-5
1967-03-09	5.5	9.6	23	4
1967-03-10	0	4.1	22	5
1967-03-11	0	2.8	21	3
1967-03-12	0	1.4	23.5	5
1967-03-13	0	2.9	23	6
1967-03-14	0	5.9	24	-5
1967-03-15	0	3.1	22	6
1967-03-16	0	4.8	22	-0.5
1967-03-17	0	5.2	22.5	-0.5
1967-03-18	0	4.8	20	-0.5
1967-03-19	0	4	20	3.5
1967-03-20	11.4	5.4	16.5	4
1967-03-21	0	5.9	15	3
1967-03-22	2	4.1	16.5	-3
1967-03-23	2.6	5.5	13.5	6
1967-03-24	0	3.1	16	3
1967-03-25	0	4.2	16.5	5
1967-03-26	0	4.9	19	3
1967-03-27	0	4.1	21.5	3.5
1967-03-28	0	4.9	20.5	3.5
1967-03-29	0	3.9	21	4.5
1967-03-30	0	3.7	21	5
1967-03-31	0	5.2	22	6
1967-04-01	0	5	21	4.5
1967-04-02	0	4.9	17	1
1967-04-03	0	5.1	18	1
1967-04-04	0	5.4	19	2
1967-04-05	0	6.4	21	3.5
1967-04-06	0	5.1	20	1.5
1967-04-07	0	4.6	19	3
1967-04-08	0	4.9	20	3.5
1967-04-09	0	8.5	21	4
1967-04-10	7.1	7.1	21	4
1967-04-11	5.1	5.1	18	5
1967-04-12	3.1	5.2	20	7.5
1967-04-13	0	5.6	22	7.5
1967-04-14	0	5	22	6
1967-04-15	3.7	6.6	20	5.5
1967-04-16	0	0.8	21.5	5.5
1967-04-17	7.7	10.1	19	8
1967-04-18	0	2.5	19	4.5
1967-04-19	0	6.6	20	5
1967-04-20	0	5.9	23	6.5
1967-04-21	0	5.1	24	8.5
1967-04-22	0	4.9	24	9
1967-04-23	0	4.9	26	8.5
1967-04-24	0	8.2	24.5	7
1967-04-25	0	9.7	24	7
1967-04-26	0	7.3	26	8
1967-04-27	0	14.3	21	7.5
1967-04-28	0.01	4.5	21	6
1967-04-29	0	4.5	22	6.5
1967-04-30	32	7.4	23	7.5
1967-05-01	2	3.3	22	9
1967-05-02	16.7	6.8	22	9
1967-05-03	4.4	3.2	19	8.5
1967-05-04	0	7.9	21	8.5
1967-05-05	0	3.8	22	6.5
1967-05-06	0.01	4.2	24.5	8
1967-05-07	0	6	19.5	7.5
1967-05-08	0	9.5	24	11
1967-05-09	0	8.2	26	9
1967-05-10	0	5.5	25.5	9
1967-05-11	0	8.9	26	7
1967-05-12	0	8.8	26	8.5
1967-05-13	0	6.6	24	7.5
1967-05-14	0	5.1	23	7
1967-05-15	0	4.6	13	8
1967-05-16	0.01	0.3	16	7
1967-05-17	0	3.4	19	3.5
1967-05-18	31	4.9	19	7
1967-05-19	3.1	4.8	19.5	8
1967-05-20	11	3.9	20	9.5
1967-05-21	0	6.8	16	9
1967-05-22	0	8.1	17	8
1967-05-23	0	7.1	19	7.5
1967-05-24	0	6.2	20.5	5
1967-05-25	0	4.5	21	7.5
1967-05-26	0	5.2	21	8
1967-05-27	5.5	10.4	20.5	5.5
1967-05-28	3.2	4.7	20	6.5
1967-05-29	0.01	4.9	21	8.5
1967-05-30	0	4.4	21.5	7.5
1967-05-31	0	4.7	23	6.5
1967-06-01	14.2	4.5	22	8.5
1967-06-02	0	5	19.5	7
1967-06-03	0	3.2	17	6.5
1967-06-04	0	4.7	20	6.5
1967-06-05	0	5.9	21.5	8
1967-06-06	0	6.9	22	4
1967-06-07	0	6.1	23.5	6.5
1967-06-08	0	7.1	24	5.5
1967-06-09	0.01	2.4	22	8.5
1967-06-10	0	8.6	23.5	8
1967-06-11	0.01	5.7	24	7
1967-06-12	44.9	7.9	23.5	10.5
1967-06-13	0	4.3	23.5	8.5
1967-06-14	10	6.5	20	7
1967-06-15	0.01	5.9	19.5	10.5
1967-06-16	23	5.8	20	9.5
1967-06-17	0.01	3.5	17	10
1967-06-18	4.5	7.5	19	9
1967-06-19	0	7.2	18	6.5
1967-06-20	0	5.4	18	6
1967-06-21	0.01	2.1	18	5.5
1967-06-22	6	8.5	17.5	6
1967-06-23	0.01	4.1	17	10
1967-06-24	0.01	5	18	8.5
1967-06-25	15	3.1	19	8
1967-06-26	0.01	2.8	19	6.5
1967-06-27	0.01	2.7	19	7.5
1967-06-28	0.01	3.4	18	6
1967-06-29	0	2	17.5	6
1967-06-30	3	0.9	17	7
1967-07-01	9	9	18	8
1967-07-02	0	4.9	19	7.5
1967-07-03	0	5.7	19	8.5
1967-07-04	0	6.2	17	8
1967-07-05	0	5.8	19.5	8.5
1967-07-06	0	6.3	20	6.5
1967-07-07	2	7.9	19	6.7
1967-07-08	15.2	4.1	17	5.5
1967-07-09	0	2.6	17.5	7
1967-07-10	0	5.6	19	4.5
1967-07-11	0.01	6.8	20	6
1967-07-12	2.3	5.4	19.5	7
1967-07-13	0.01	4.9	17	9.5
1967-07-14	0	5.9	19	6
1967-07-15	0	5.4	19.5	6
1967-07-16	0	6.5	20	4
1967-07-17	0	5.1	19.5	5
1967-07-18	9	4	18	6
1967-07-19	0.01	3.9	19	6
1967-07-20	0	5	18	6
1967-07-21	8	1.2	17	6
1967-07-22	13.8	4	18.5	5
1967-07-23	0	4.6	16.5	6.5
1967-07-24	0	2.2	18.5	5.5
1967-07-25	0	6.1	20	6.5
1967-07-26	0	3.9	21	6
1967-07-27	0	6.7	21	6
1967-07-28	0	4.1	21	6
1967-07-29	0	4.7	22	5.5
1967-07-30	0	3.8	21	6
1967-07-31	0.01	4.1	21.5	8
1967-08-01	0	4.9	21.5	6.5
1967-08-02	0.01	3.1	21	6
1967-08-03	5.3	0.5	20.5	6.5
1967-08-04	0	4.9	21	6
1967-08-05	0	5	22	5
1967-08-06	0	4.7	21.5	6
1967-08-07	0.01	4.7	21.5	4.5
1967-08-08	2	8.4	20.5	6.5
1967-08-09	11.3	1.3	19	8
1967-08-10	3.1	4.5	19	6.5
1967-08-11	3.5	5.9	19.5	7
1967-08-12	0	5	18.5	5.5
1967-08-13	0.01	2	19.5	8.5
1967-08-14	10.1	0.8	18.5	4
1967-08-15	14.5	1	16	9
1967-08-16	7.7	3.3	17	7.5
1967-08-17	4.8	5.6	18	7
1967-08-18	0	5.9	19	6.5
1967-08-19	0	6.8	17	7
1967-08-20	6.5	1.5	15.5	9.5
1967-08-21	5	1.6	15	9.5
1967-08-22	0	4	17	8.5
1967-08-23	0	2	18	7
1967-08-24	0.3	1.3	17.5	10.5
1967-08-25	2.2	4.1	19.5	7.5
1967-08-26	0.01	2.9	16.5	10.5
1967-08-27	27.1	3.7	17	9
1967-08-28	23.7	5.2	16	9.5
1967-08-29	1.3	3.7	17	6
1967-08-30	3.5	9.1	17.5	5.5
1967-08-31	0	5.1	17	7.5
1967-09-01	0	4.9	16.5	6.5
1967-09-02	0.01	5	18.5	6
1967-09-03	14.4	6	20.8	7
1967-09-04	0	5.3	18	8.5
1967-09-05	3.6	5.1	18.5	9.5
1967-09-06	7.2	9.5	26	9.5
1967-09-07	8.4	4.2	16.5	9
1967-09-08	0	2.4	18.5	8.5
1967-09-09	3	4	18	6.5
1967-09-10	0	5.7	16.5	6
1967-09-11	0	2.3	16	8
1967-09-12	0.01	5.9	19	7.5
1967-09-13	10.1	8	15.5	5.5
1967-09-14	0.01	4.9	16	6
1967-09-15	1.6	6.7	17.5	6.5
1967-09-16	0.01	3.8	19	7
1967-09-17	0	3.1	17.5	8.5
1967-09-18	0	3.1	17.5	5.5
1967-09-19	0	5	17.5	8.5
1967-09-20	0	3.2	18	9
1967-09-21	0.4	2	21	7.5
1967-09-22	8.1	0.6	16	10
1967-09-23	16.1	2.8	14.5	10
1967-09-24	0.01	2.1	13.5	10
1967-09-25	19.5	1.6	13.5	8.5
1967-09-26	12.5	3.2	11	8.5
1967-09-27	20	0.7	13.5	9.5
1967-09-28	0.01	6.2	13	8.5
1967-09-29	0	3.9	16	4
1967-09-30	0	7.8	19	3.5
1967-10-01	0	4.2	18.5	4.5
1967-10-02	0	3.6	19	4
1967-10-03	0	4.4	17.5	5
1967-10-04	0.3	1.7	16	7.5
1967-10-05	0.01	2.7	17.5	8
1967-10-06	0	1.9	18	6
1967-10-07	0	4.7	19	6.5
1967-10-08	8.5	3.6	17	5.5
1967-10-09	0	1.9	14	8
1967-10-10	4.5	0.5	14	7.5
1967-10-11	0	3	16	8
1967-10-12	4.1	2.2	18.5	5
1967-10-13	0.01	3.7	17	6.5
1967-10-14	0	3.2	18.5	6.5
1967-10-15	2.1	3.2	19.5	7
1967-10-16	0.01	2.2	15.5	6.5
1967-10-17	2.7	4.3	15.5	5.5
1967-10-18	0	3.9	12	2.5
1967-10-19	0	5.3	15.5	-3
1967-10-20	0	3.2	18	3
1967-10-21	0	2	17	-0.5
1967-10-22	0	5.9	17	2
1967-10-23	0	4	17.5	3.5
1967-10-24	0	1.9	17	3.5
1967-10-25	0	2.1	15	1.5
1967-10-26	0	3.6	16.5	3.5
1967-10-27	0	3.5	17.5	3.5
1967-10-28	7.6	1.6	16.5	4.5
1967-10-29	0	2.9	13.5	6.5
1967-10-30	0	1	15	8
1967-10-31	0	2	17	7.5
1967-11-01	0	3.8	17.5	4.5
1967-11-02	0	3.3	19.5	2.5
1967-11-03	0	4.6	19.5	4
1967-11-04	0	3.8	17	3.5
1967-11-05	0	4.2	18.5	3.5
1967-11-06	0	3.6	17.5	2.5
1967-11-07	0	1.4	19.5	4
1967-11-08	0	4.8	15.5	4.5
1967-11-09	0	4	16.5	3.5
1967-11-10	0	2	16.5	2.5
1967-11-11	0.01	1.5	17	2.5
1967-11-12	0	2.4	10.5	3.5
1967-11-13	0	3	12.5	3.5
1967-11-14	0	2	17	2.5
1967-11-15	3.2	2.2	18.5	4.5
1967-11-16	0	3.8	19	6.5
1967-11-17	0	4.1	18	7
1967-11-18	0	4	18.5	2.5
1967-11-19	0	4	18.5	1.5
1967-11-20	0	4.9	18.5	3.5
1967-11-21	0	4.7	20.5	4
1967-11-22	0	3.1	20	5
1967-11-23	0	5.9	19	4.5
1967-11-24	0	4	19	4
1967-11-25	0	4	21	3.5
1967-11-26	0	5.2	20.5	4
1967-11-27	0	4.9	21.5	5.5
1967-11-28	0	5.1	19.5	1
1967-11-29	0	5	19	4.5
1967-11-30	0	4	18	5
1967-12-01	0	4	19	6.5
1967-12-02	0	4	19.5	7
1967-12-03	0	1.9	12.5	4.5
1967-12-04	0.01	1.9	17.5	3.5
1967-12-05	0	5	17	4.5
1967-12-06	0	1.9	17.5	4.5
1967-12-07	0	2.1	17.5	5.5
1967-12-08	0	2.4	18.5	5
1967-12-09	0	2.8	18.5	2.5
1967-12-10	0	4.2	19	1.5
1967-12-11	0	3	17.5	1.5
1967-12-12	0	5	19	5
1967-12-13	0	3.9	18	1.5
1967-12-14	0	5.1	19.5	4.5
1967-12-15	0	3.1	20	4
1967-12-16	0	3.9	19.5	5
1967-12-17	0	3	19.5	5
1967-12-18	0	4	18	3
1967-12-19	0	2.5	19	3.5
1967-12-20	0	4.2	19	5.5
1967-12-21	0	3.2	17	6.5
1967-12-22	0	2.5	11.5	4
1967-12-23	0	4.6	13.5	1.5
1967-12-24	0	4.4	16.5	-1
1967-12-25	0	5.9	16	3.5
1967-12-26	0	3.3	17.5	2
1967-12-27	0	5.3	17	2.5
1967-12-28	0	5.3	17	2
1967-12-29	0	4.8	18.5	2.5
1967-12-30	0	5	17	4.5
1967-12-31	0	5.1	18	2
1968-01-01	0	3.9	19	2.5
1968-01-02	0	6.5	20	4.5
1968-01-03	0	4.1	21.5	3.5
1968-01-04	0	4.1	20	3
1968-01-05	0	6.7	19	0
1968-01-06	0	5.3	19	4.5
1968-01-07	0	6.7	13	4
1968-01-08	0	3.7	16	1
1968-01-09	0	3	14.5	2.5
1968-01-10	0	2.4	15	1.5
1968-01-11	0	2.8	18.5	2.5
1968-01-12	0	3.1	16.5	3
1968-01-13	0	5	15	-5
1968-01-14	0	3	14.5	-2
1968-01-15	0	3	14.5	2.5
1968-01-16	2.5	3.5	14	1
1968-01-17	0	2.5	14.5	1
1968-01-18	0	3.5	14.5	0
1968-01-19	0	4.3	17	1
1968-01-20	0	4.5	18	2.5
1968-01-21	0	4.6	17.5	2
1968-01-22	0.01	5.5	17	2.5
1968-01-23	0	2.8	15	2
1968-01-24	0	2.1	11	2.5
1968-01-25	0	5	15.5	1.5
1968-01-26	0	3	16.5	1.5
1968-01-27	0	6	17.5	2
1968-01-28	0	4.1	20	4
1968-01-29	0	5.8	19	4
1968-01-30	0	5	20	5
1968-01-31	0	4.2	19.5	3.5
1968-02-01	16.5	6.4	19.5	4.5
1968-02-02	0	2.1	10.5	5
1968-02-03	4.8	5.7	16.5	1
1968-02-04	5.5	2	14.5	3
1968-02-05	0	3.5	12.5	2
1968-02-06	0	3.1	20.5	5
1968-02-07	0	2.3	11.5	-6
1968-02-08	0	2.4	15.5	0
1968-02-09	0	3.8	17	-1.5
1968-02-10	0	4.6	14.5	3
1968-02-11	0	5.3	13	5.5
1968-02-12	0	3.9	16.5	1.5
1968-02-13	0	4.8	19.5	0
1968-02-14	0	5.2	17	2
1968-02-15	0	4.8	16.5	4
1968-02-16	0	4.1	16	2.5
1968-02-17	7.8	4.8	14	2.5
1968-02-18	0	1.1	10.5	4
1968-02-19	0	4.9	19	1
1968-02-20	0	5	18	1.5
1968-02-21	0	6	18.5	3
1968-02-22	0	8	18.5	5
1968-02-23	0	6	19.5	5.5
1968-02-24	0	6.8	17	2.5
1968-02-25	0	5.8	21.5	4
1968-02-26	0	5.1	18	3
1968-02-27	0	6.1	20.5	2
1968-02-28	0	5.4	20.5	2.5
1968-02-29	0	4.4	20.5	2.5
1968-03-01	0	5.7	17	3
1968-03-02	0	5	17	4
1968-03-03	0	4.9	16	2.5
1968-03-04	0	2	14.5	5.5
1968-03-05	0	3.8	13.5	3.5
1968-03-06	0	5.8	18.5	6
1968-03-07	0	5.1	19.5	1.5
1968-03-08	0	8.1	20.5	2.5
1968-03-09	0	7.9	21	8
1968-03-10	0	8	20.5	4
1968-03-11	0	7	19	5
1968-03-12	0	7	20	0
1968-03-13	0	6.8	20	0
1968-03-14	0	9	21	1
1968-03-15	0	6.8	22.5	4
1968-03-16	0	7.1	20.5	3
1968-03-17	0	6	21.5	3.5
1968-03-18	0	5	22	5
1968-03-19	0	9.2	21.5	5.5
1968-03-20	0	5.9	21.5	3.5
1968-03-21	0	6.7	19	2.5
1968-03-22	0	8.1	21.5	3
1968-03-23	0	5.9	17	-0.5
1968-03-24	0	7.1	18	1.5
1968-03-25	0	5	17.5	1.5
1968-03-26	0	7	21.5	3.5
1968-03-27	0	8	23.5	5.5
1968-03-28	0	7.9	23.5	5
1968-03-29	0	7.7	23.5	2.5
1968-03-30	0.01	7.1	23	4
1968-03-31	0	6	22.5	8
1968-04-01	0	7.1	24	4.5
1968-04-02	6.1	8.3	23.5	8
1968-04-03	0	6.7	21.5	8
1968-04-04	0	5.1	22	5.5
1968-04-05	1.2	5.2	18.5	5.5
1968-04-06	0.01	3	20.5	6
1968-04-07	3.5	2.4	19	6.5
1968-04-08	11.5	5.5	18	4.5
1968-04-09	0	2.9	16.5	5
1968-04-10	12	1.1	16.5	4.5
1968-04-11	2.1	3.1	15.5	6
1968-04-12	0.01	3	18.5	5.5
1968-04-13	0.01	5	20.5	6.5
1968-04-14	0	4.9	21.5	6.5
1968-04-15	0	5.9	22	7
1968-04-16	0	6.1	23.5	8
1968-04-17	0	5.7	23	8
1968-04-18	0	5.1	23	7.5
1968-04-19	2.1	6.1	22.5	6.5
1968-04-20	0	5	20	6.5
1968-04-21	0	4.9	22.5	6.5
1968-04-22	13.1	3.1	21	6.5
1968-04-23	16	8	21	9
1968-04-24	17.1	8	16.5	6
1968-04-25	7.1	2	18.5	7.5
1968-04-26	0	4.8	18.5	7.5
1968-04-27	0	4.2	21	8
1968-04-28	10	4.8	20	6.5
1968-04-29	12.5	2.4	17.5	6.5
1968-04-30	2	2	15.5	6.5
1968-05-01	21.8	4.6	19	8
1968-05-02	7.7	5.9	19	6.5
1968-05-03	12.1	6.8	20.5	9
1968-05-04	0	6.2	21.5	10
1968-05-05	0	4.8	20.5	9
1968-05-06	0.01	4.1	21.5	7.5
1968-05-07	0.01	5.9	22	8
1968-05-08	0.01	4.1	20	8.5
1968-05-09	3.7	4.5	20.5	7.5
1968-05-10	3.5	5.6	19.5	6.5
1968-05-11	5	4	20	8
1968-05-12	15.2	4.1	18.5	6
1968-05-13	0	6	20	6.5
1968-05-14	3.1	5.1	21.5	6
1968-05-15	0	6.9	21	7
1968-05-16	0	3.9	22	7.5
1968-05-17	0	5.6	22.5	8.5
1968-05-18	2.9	2.9	16.5	8.5
1968-05-19	2.5	0.1	17.5	9
1968-05-20	0	5	16	7
1968-05-21	6.5	1.5	18	8
1968-05-22	6.7	2.6	16	8
1968-05-23	0	5.2	19.5	9
1968-05-24	0	4	20.5	7.5
1968-05-25	0	6	20.5	8.5
1968-05-26	0	6.9	20.5	5.5
1968-05-27	0	7	22	4
1968-05-28	0	5.9	21	6
1968-05-29	0	6.1	21	4.5
1968-05-30	0	6	21.5	3.5
1968-05-31	0	5.8	22.5	6.5
1968-06-01	0	6	23	7.5
1968-06-02	0	7	22	5
1968-06-03	12.5	6.5	21	5.5
1968-06-04	4.1	2	20.5	7
1968-06-05	0	6.1	19	6.5
1968-06-06	0	6.9	22	9
1968-06-07	0	7	22.5	9.5
1968-06-08	0	5.9	22	9.5
1968-06-09	0	6.1	23.5	7.5
1968-06-10	0	6.8	22.5	6.5
1968-06-11	7.5	4.5	21	7.5
1968-06-12	1.9	4	19	9
1968-06-13	3	7.1	19.5	8.5
1968-06-14	0	3.9	20.5	3
1968-06-15	0	5.8	21.5	6.5
1968-06-16	0	5.1	21	7.5
1968-06-17	0	3.9	19.5	7
1968-06-18	15.5	2.2	19.5	8.5
1968-06-19	18.5	6.8	18	9
1968-06-20	14.1	3.8	15.5	10
1968-06-21	31.9	5	16.5	10
1968-06-22	21	4.9	16	8
1968-06-23	10	4	15	8.5
1968-06-24	22	6.9	15	9
1968-06-25	8.2	2.2	14.5	9.5
1968-06-26	12.1	5.1	14.5	8.5
1968-06-27	0.01	1.7	16.5	9
1968-06-28	8.7	NULO	16.5	10
1968-06-29	8	2	17.5	7
1968-06-30	5.2	3.3	18	9
1968-07-01	6.5	3.4	16.5	7.5
1968-07-02	0	4.9	17	6.5
1968-07-03	0	5.1	16	5.5
1968-07-04	8.7	2.6	16.5	6.5
1968-07-05	3.2	2.2	16.5	7.5
1968-07-06	2.8	6.9	14.5	8.5
1968-07-07	11.1	4.1	18.5	8.5
1968-07-08	0.01	3	19	7.5
1968-07-09	0.01	2.9	19.5	7.5
1968-07-10	0	5	19	7.5
1968-07-11	0.01	3.9	19.5	7.5
1968-07-12	0.01	2.2	18	6
1968-07-13	0.01	1.9	18	6.5
1968-07-14	8.5	2.5	16.5	8.5
1968-07-15	0.01	4	16.5	7.5
1968-07-16	0.01	2	17.5	6.5
1968-07-17	1.2	3.2	16.5	7
1968-07-18	0	4.1	19	8.5
1968-07-19	0	3.8	18	6.5
1968-07-20	5.2	3.3	18.5	5.5
1968-07-21	0	4.8	18	7
1968-07-22	0.01	4	17.5	6.5
1968-07-23	0	4.9	18.5	4.5
1968-07-24	0	5	19.5	6.5
1968-07-25	7.2	6.2	18	7.5
1968-07-26	2	2.9	16.5	5.5
1968-07-27	5.1	3.7	18	6
1968-07-28	0.01	2.5	15.5	7
1968-07-29	4	2.8	19	5
1968-07-30	5.8	2.7	15	8
1968-07-31	2	2.1	16.5	7
1968-08-01	0	4.7	18.5	7
1968-08-02	0	4.3	19	7.5
1968-08-03	0	4.9	19.5	8
1968-08-04	0	5.9	18.5	6.5
1968-08-05	5.5	4.5	17.5	5.5
1968-08-06	1.5	2.6	16.5	3.5
1968-08-07	0	4.9	18	7.5
1968-08-08	20	3.1	17.5	7
1968-08-09	0	4.8	18.5	4.5
1968-08-10	0	3.8	19	6
1968-08-11	0	4.8	21.5	7.5
1968-08-12	0	4.1	21.5	9.5
1968-08-13	0	5.1	20	5.5
1968-08-14	0	4.7	18.5	6
1968-08-15	0	3.3	17	9
1968-08-16	0.01	1.8	15.5	9
1968-08-17	0	5.9	18	9.5
1968-08-18	0	4.9	19.5	5.5
1968-08-19	5.9	4.1	18.5	5.5
1968-08-20	3.9	4.8	17.5	8.5
1968-08-21	0	2.1	14	6.5
1968-08-22	0	2.3	16.5	7
1968-08-23	2.3	5	19	3.5
1968-08-24	0.7	3.3	14.5	8
1968-08-25	0	3.9	19	8.5
1968-08-26	0.01	4.9	20	6.5
1968-08-27	0	5	19	6
1968-08-28	2	3.2	19.5	4
1968-08-29	3.5	2.1	18.5	7
1968-08-30	0.01	4.2	19.5	4.5
1968-08-31	1	4	19.5	5
1968-09-01	6.7	5.7	17.5	6
1968-09-02	12	4	17.5	6
1968-09-03	0	4	18	8.5
1968-09-04	0.01	2	18.5	7.5
1968-09-05	3	4.7	17.5	6
1968-09-06	0.01	1.4	15.5	8
1968-09-07	0	3.7	16.5	8.5
1968-09-08	0	5.3	16.5	7.5
1968-09-09	0	4.8	17	6
1968-09-10	0	4.1	18.5	8.5
1968-09-11	5.7	2.2	18	9
1968-09-12	1.5	5	19	8.5
1968-09-13	3.6	2.5	17.5	7.5
1968-09-14	36.3	4.1	17.5	9
1968-09-15	14	4.4	18.5	9
1968-09-16	11.7	5.4	20	7.5
1968-09-17	0	1.7	20.5	8
1968-09-18	0	3	16.5	8.5
1968-09-19	0	3.9	18.5	6.5
1968-09-20	0	3.3	19.5	8.5
1968-09-21	0	3.7	18.5	6.5
1968-09-22	0	3.4	17.5	8
1968-09-23	2.6	4.3	16	7.5
1968-09-24	2	3.6	16.5	6
1968-09-25	0	4.4	17.5	8.5
1968-09-26	0.01	2.9	17	9.5
1968-09-27	14.4	3.3	18.5	8.5
1968-09-28	0	4.2	19	6
1968-09-29	0.01	2.8	18.5	9.5
1968-09-30	0	4.4	18	8.5
1968-10-01	0	6.2	19.5	7.5
1968-10-02	4	6.9	20	6
1968-10-03	0.01	2.9	19.5	6.5
1968-10-04	0	1.9	20.5	5.5
1968-10-05	0	2	20.5	5
1968-10-06	1.2	4.3	20.5	7.5
1968-10-07	8.3	5.3	18	7.5
1968-10-08	13.5	2.7	17.5	6
1968-10-09	0	1.3	17.5	7.5
1968-10-10	0	3.4	15.5	6.5
1968-10-11	0	3.1	17.5	8.5
1968-10-12	0	3.9	17.5	4.5
1968-10-13	0	3.8	17.5	6
1968-10-14	0	5.1	16.5	3.5
1968-10-15	0	2.9	18.5	7
1968-10-16	0	4.9	20	6
1968-10-17	0	3.7	19.5	5
1968-10-18	0	5.5	17	7.5
1968-10-19	3.2	1.6	18	6.5
1968-10-20	0	4.4	18	6.5
1968-10-21	0	3	19	6
1968-10-22	0	3	19	8
1968-10-23	0	2.5	19	4.5
1968-10-24	0.01	3.6	15	7
1968-10-25	0	1.9	13.5	3.5
1968-10-26	0	3.4	18	1.5
1968-10-27	0	5	19.5	2
1968-10-28	0	4	16.5	-0.5
1968-10-29	0	3.7	18	-0.5
1968-10-30	0	3.5	18.5	3.5
1968-10-31	0	5.4	19	5.5
1968-11-01	0	3.5	19.5	3.5
1968-11-02	0	5.9	19.5	3.5
1968-11-03	0	4.8	18.5	4
1968-11-04	0	4.1	18.5	3.5
1968-11-05	0	4.1	19.5	5
1968-11-06	0	4.9	20.5	5.5
1968-11-07	0	3	19	4.5
1968-11-08	0	3.2	18.5	4.5
1968-11-09	0	6.4	18.5	5.5
1968-11-10	0	5.7	20	4.5
1968-11-11	0	3.8	18.5	1.5
1968-11-12	0	5.2	19	-0.5
1968-11-13	0	5	20.5	2
1968-11-14	0	3.9	19	2
1968-11-15	0	5.2	20.5	3.5
1968-11-16	0	4.8	21.5	5
1968-11-17	0	5.1	20.5	6.5
1968-11-18	1.2	1.7	20	4
1968-11-19	5.5	3.2	18	5.5
1968-11-20	0	2.8	19.5	6
1968-11-21	0	1.8	15.5	5.5
1968-11-22	0	3.9	16	0
1968-11-23	0	4.7	17.5	2.5
1968-11-24	0	2.1	15.5	3.5
1968-11-25	0	3.7	18.5	0
1968-11-26	0	4.3	18.5	4.5
1968-11-27	0	4.8	19	5.5
1968-11-28	0	3.2	19	3.5
1968-11-29	1.3	2.3	18	4.5
1968-11-30	0	3.2	18.5	4.5
1968-12-01	3	3.7	19.5	3.5
1968-12-02	0.01	1	18.5	6
1968-12-03	1.5	2.7	15.5	8.5
1968-12-04	8.6	1.4	15	5.5
1968-12-05	1.2	3.2	17.5	6
1968-12-06	1.5	3.1	17	7
1968-12-07	2.5	1.6	13.5	5.5
1968-12-08	0.01	1.1	10	4.5
1968-12-09	0	1.4	16	2
1968-12-10	0	4.6	16	1
1968-12-11	0	1.1	14.5	5.5
1968-12-12	0	3.9	16	4.5
1968-12-13	0	3	18	2.5
1968-12-14	0	2.9	11	4
1968-12-15	0	2.2	17	1
1968-12-16	0	2.9	16.5	2.5
1968-12-17	0	3.8	18	3
1968-12-18	0	3.1	16	2.5
1968-12-19	0	3.1	19.5	4
1968-12-20	0	3.7	19	3.5
1968-12-21	0	2.9	18.5	2.5
1968-12-22	0.01	3.2	16.5	4
1968-12-23	0	1.1	13	5
1968-12-24	0	2.1	17	4
1968-12-25	0.01	1.9	16.5	4.5
1968-12-26	0	2.4	17	5
1968-12-27	0	3.9	17.5	7
1968-12-28	0	3.1	19	1.5
1968-12-29	0	4.1	20	4
1968-12-30	0	3	19	4
1968-12-31	0	4	18	3
1969-01-01	0	2.7	12.5	3.5
1969-01-02	4.5	3.3	17.5	1.5
1969-01-03	7.6	3	15.5	2
1969-01-04	25.5	4	13	2.5
1969-01-05	0	0.5	11.5	1.5
1969-01-06	0	1.1	12.5	1
1969-01-07	0	4.1	17	-1
1969-01-08	0	4.3	19.5	3.5
1969-01-09	0	3.4	17	5
1969-01-10	0	5.6	NULO	NULO
1969-01-11	0	3.8	18	5
1969-01-12	0	3.5	18.5	2.5
1969-01-13	0	4	19	4.5
1969-01-14	0	4.8	17	3.5
1969-01-15	0	3.9	18	4.5
1969-01-16	0	3	17	2.5
1969-01-17	0	2.9	11	4
1969-01-18	1.2	3.4	14.5	3.5
1969-01-19	0	5.7	14	2.5
1969-01-20	0	3.2	17	0
1969-01-21	0	4	16	2.5
1969-01-22	0	5.2	18.5	3
1969-01-23	0	4.1	20	3.5
1969-01-24	0	5.6	20	3
1969-01-25	0	3.2	19.5	2
1969-01-26	0	4	19.5	4.5
1969-01-27	0	3.5	20	2.5
1969-01-28	0	3.2	20.5	3.5
1969-01-29	0	4.1	22	6
1969-01-30	0	3	23	4.5
1969-01-31	0	3.8	19.5	1.5
1969-02-01	0	4.2	22.5	4
1969-02-02	0	1.6	21.5	6
1969-02-03	0	3.3	15.5	2.5
1969-02-04	0	4	18.5	2
1969-02-05	0	3.5	19.5	2.5
1969-02-06	0	5.5	19.5	6.5
1969-02-07	0	3.7	21	4.5
1969-02-08	0	5.6	21.5	3.5
1969-02-09	0	4.7	20.5	3
1969-02-10	0	5.2	21.5	4.5
1969-02-11	0	3.9	21.5	6
1969-02-12	1.2	2.5	19.5	4
1969-02-13	0	7.8	17	4
1969-02-14	0	9.1	18	7
1969-02-15	0	6.5	NULO	NULO
1969-02-16	0	5.6	21.5	4.5
1969-02-17	0	5.1	20.5	5.5
1969-02-18	0	2.8	16.5	2
1969-02-19	0	2.7	18.5	2.5
1969-02-20	0	5.7	19	2
1969-02-21	0	5.1	20	3.5
1969-02-22	0	4.3	20	5
1969-02-23	2.5	5.1	20.5	3.5
1969-02-26	0	6.3	20.5	6.5
1969-02-27	0	4.6	NULO	NULO
1969-02-28	0	4.5	20.5	4.5
1969-03-01	0	4.9	22.5	6.5
1969-03-02	0	6.6	22	9.5
1969-03-03	0	8.2	21	4.5
1969-03-04	0	8.4	21.5	5.5
1969-03-05	0	8.3	20.5	8.5
1969-03-06	0	9.4	20	9.5
1969-03-07	0	8.8	21	10.5
1969-03-08	0	8.2	21.5	9.5
1969-03-09	0	5.9	23	7.5
1969-03-10	0	5.1	24.5	7
1969-03-11	0	9.2	22.5	9
1969-03-12	0	7.3	23	11.5
1969-03-13	0	8.6	23	5
1969-03-14	0	8.9	23.5	6
1969-03-15	0	6.6	21.5	8.5
1969-03-16	0	6	21.5	5.5
1969-03-17	4.1	0.5	16.5	8
1969-03-18	2	4.2	18	7
1969-03-19	0	4	20	5
1969-03-20	0	2.3	21.5	5.5
1969-03-21	0	4.7	23	6
1969-03-22	0	8	22	6
1969-03-23	0	7.6	21.5	7
1969-03-24	0	7.8	23	6.5
1969-03-25	0	3.5	19.5	5.5
1969-03-26	0	4.6	17	8
1969-03-27	2.7	6.4	19	3.5
1969-03-28	0	4.4	18.5	2.5
1969-03-29	11.5	5.2	20	3.5
1969-03-30	3.5	1.5	15.5	3
1969-03-31	0	4.6	13	4
1969-04-01	0	3.2	18.5	1.5
1969-04-02	0	2.9	21.5	4.5
1969-04-03	0	5.7	24	5
1969-04-04	0	7.3	23.5	6.5
1969-04-05	0	2.6	21	7.5
1969-04-06	0	1.7	21.5	5.5
1969-04-07	20	1.5	19.5	6.5
1969-04-08	0	2.7	20.5	5.5
1969-04-09	0	4.4	21.5	6
1969-04-10	0	3.5	20	9.5
1969-04-11	0	5.6	21	7
1969-04-12	0	8.8	23	9.5
1969-04-13	0	7	24	6.5
1969-04-14	0	4.6	23.5	5
1969-04-15	0	6.6	20	6
1969-04-16	0	9.7	20.5	6.5
1969-04-17	0	8.4	19.5	5.5
1969-04-18	0	8.4	25.5	9
1969-04-19	0	4.8	25.5	5.5
1969-04-20	0	5.9	25.5	6
1969-04-21	0	5.3	22.5	5.5
1969-04-22	0	5.3	22.5	7.5
1969-04-23	7.5	6.1	23.5	7.5
1969-04-24	1.5	5.5	18.5	6
1969-04-25	0	5	20.5	4.5
1969-04-26	0	5.5	20	5
1969-04-27	0	6.9	22	4.5
1969-04-28	0	4.9	21	6.5
1969-04-29	0	5.6	21.5	5.5
1969-04-30	0	8.9	23	5
1969-05-01	0	8.1	23.5	6
1969-05-02	0	4.7	24	7
1969-05-03	0	8.9	25	8
1969-05-04	0	9.5	25.5	7.5
1969-05-05	0	7.2	20	10.5
1969-05-06	0	10.5	24.5	6
1969-05-07	0	8.1	27	8
1969-05-08	0	6.8	26	8.5
1969-05-09	0	3.9	19	8
1969-05-10	0	4.8	23	9
1969-05-11	0	6.4	24	6.5
1969-05-12	0	4.1	21.5	6
1969-05-13	4.1	6.9	22.5	6.5
1969-05-14	0	5.8	23	7
1969-05-15	0	8	23.5	8
1969-05-16	0	5.7	22.5	7.5
1969-05-17	0	5.4	21	9
1969-05-18	0	4.7	21	5.5
1969-05-19	0	7.6	19.5	6.5
1969-05-20	0	8	23	7
1969-05-21	0	6.6	22.5	2.5
1969-05-22	0	8.2	24.5	6
1969-05-23	0	6	22.5	5.5
1969-05-24	0	5.5	22	5.5
1969-05-25	0	5.8	21.5	7
1969-05-26	0	7.1	21.5	5.5
1969-05-27	0	7.5	21.5	3
1969-05-28	0	5.7	22	3.5
1969-05-29	0	5.3	20	3.5
1969-05-30	14	2.4	20.5	4.5
1969-05-31	4.5	2.7	21	9
1969-07-01	0	3.6	19	9
1969-07-02	3.5	2.6	14	9.5
1969-07-03	3.1	2.3	19.5	9
1969-07-04	2.5	4	20.5	10.5
1969-07-05	0	3.8	21	10
1969-07-06	56.5	4.8	19	8
1969-07-07	7	3.9	19.5	9
1969-07-08	3.5	2.6	17	10
1969-07-09	3	4.4	18.5	7
1969-07-10	0	5.3	20	6.5
1969-07-11	4.5	2.8	19.5	7
1969-07-12	3.5	5.2	19	8
1969-07-13	7.5	1.7	19	7
1969-07-14	0	3.2	18	10.5
1969-07-15	6.5	4.9	21	8
1969-07-16	0	4.8	19.5	6.5
1969-07-17	0	5.1	21	7.5
1969-07-18	0	5	22	6.5
1969-07-19	2.5	0.6	20	7
1969-07-20	1	3.9	20.5	6
1969-07-21	9.2	3.5	21	7.5
1969-07-22	2	3.7	19	9.5
1969-07-23	0	0.6	20.5	9.5
1969-07-24	0	3.8	18.5	8.5
1969-07-25	9	5.1	NULO	NULO
1969-07-26	0	4.5	20.5	8.5
1969-07-27	0	3.1	20.5	8.5
1969-07-28	0	4.6	22	7.5
1969-07-29	0	4.9	21	5.5
1969-07-30	0	5.3	20	6
1969-07-31	6.5	5.8	19.5	5
1969-08-01	8.5	3.7	19.5	5
1969-08-02	2.5	1.2	17	6
1969-08-03	7.5	3.8	16	9.5
1969-08-04	6.5	3.3	17.5	8.5
1969-08-05	5.1	3.1	17.5	9.5
1969-08-06	8.5	1.6	16	9.5
1969-08-07	5	2.5	18.5	8.5
1969-08-08	0	2.8	17	7.5
1969-08-09	2	4.1	17	7
1969-08-10	0	3.6	15	9.5
1969-08-11	0	4.1	16.5	6
1969-08-12	7.5	2.5	18.5	7.5
1969-08-13	13.5	6.1	19	8
1969-08-14	15	4.8	17	9.5
1969-08-15	12.1	2.8	16.5	10
1969-08-16	20	6	18.5	10
1969-08-17	1	3.7	19.5	7.5
1969-08-18	0	2.8	18.5	6
1969-08-19	3.5	5.5	19	5.5
1969-08-20	2.5	1.9	16	10
1969-08-21	17	1.4	15	9
1969-08-22	28.5	8.5	14	10
1969-08-23	1.5	2.7	16	9.5
1969-08-24	9.5	7	17.5	9
1969-08-25	3	3.6	16.5	9.5
1969-08-26	26.5	2.5	17	8
1969-08-27	0	3.2	18	8.5
1969-08-28	5	3.5	17.5	9.5
1969-08-29	16.5	2	15	8.5
1969-08-30	3.5	2	16.5	9.5
1969-08-31	15.5	0.6	14.5	9
1969-09-01	26	1.5	15.5	7.5
1969-09-02	3	0.8	15.5	10.5
1969-09-03	0	2.3	15.5	8.5
1969-09-04	0	3.9	16.5	7.5
1969-09-05	0	1.6	15	6
1969-09-06	14	1.2	14.5	9
1969-09-07	5	0.2	NULO	NULO
1969-09-08	15.5	0.3	13.5	9
1969-09-09	0	4.2	16.5	8.5
1969-09-10	0	2.4	17	9
1969-09-11	0	1.6	14	8.5
1969-09-12	0	1.4	16.5	9
1969-09-13	3	2.2	18.5	7
1969-09-14	3	1.6	19	9.5
1969-09-15	0	4.1	19	7.5
1969-09-16	0	5.1	14.5	4.5
1969-09-17	0	4.6	19	4.5
1969-09-18	0	3	17.5	8.5
1969-09-19	0	3.8	18.5	5.5
1969-09-20	0	1.9	19	7
1969-09-21	0	3.6	19	5.5
1969-09-22	5.7	7.9	19.5	7
1969-09-23	0	2.7	18.5	7.5
1969-09-24	0	4.6	18	6.5
1969-09-25	1	6.8	19	6.5
1969-09-26	0	3.5	17	7
1969-09-27	0	4.3	15	8.5
1969-09-28	0	3.1	10	5
1969-09-29	0	2.5	15.5	5
1969-09-30	0	5.7	16.5	3.5
1969-10-01	0	5	19.5	1
1969-10-02	0	1.2	18	3
1969-10-03	0	3.1	21	8
1969-10-04	1	3.5	20	7
1969-10-05	0	2.2	21	8
1969-10-06	0	2.3	18	8.5
1969-10-07	0	4.1	16.5	6
1969-10-08	0	4.3	17	8
1969-10-09	0	2	20	4.5
1969-10-10	0	3	14	4.5
1969-10-11	0	1.2	14	7
1969-10-12	0	4.9	22	7
1969-10-13	0	3.1	19.5	8
1969-10-14	0	3.1	18	7.5
1969-10-15	0	1.2	19	4
1969-10-16	0	4.8	19	5
1969-10-17	0	3.2	17	6.5
1969-10-18	0	4.9	20	3.5
1969-10-19	1	3.8	21.5	4.5
1969-10-20	0	4.7	21.5	8
1969-10-21	0	2.7	22.5	5
1969-10-22	0	3.1	20	4.5
1969-10-23	0	5.9	21	6
1969-10-24	0	5	20.5	3
1969-10-25	0	5.2	20	3
1969-10-26	0	3.9	20	1.5
1969-10-27	0	2.8	18	1.5
1969-10-28	0	2.9	16.5	3.5
1969-10-29	5.5	3.3	19	4.5
1969-10-30	4.2	2.6	20	5
1969-10-31	0	2.9	18.5	4.5
1969-12-01	0	3.6	19.5	3
1969-12-02	0	2.3	19	4
1969-12-03	0	4.1	18	2
1969-12-04	0	4.1	18	3.5
1969-12-05	0	2.6	17	4.5
1969-12-06	0	2.4	17	7
1969-12-07	0	4.9	17.5	-1
1969-12-08	0	5.7	18	4.5
1969-12-09	0	4.9	18.5	-1.5
1969-12-10	0	4.4	20.5	0
1969-12-11	0	5.4	19	2
1969-12-12	0	2.9	15	1
1969-12-13	0	3.8	18	0
1969-12-14	0	4	19.5	2.5
1969-12-15	0	3.4	17	2.5
1969-12-16	0	4.9	17.5	2
1969-12-17	0	3.6	18.5	2.5
1969-12-18	0	4.1	18.5	3.5
1969-12-19	0	4.3	17	4.5
1969-12-20	0	3.2	17	2.5
1969-12-21	0	4	16	3
1969-12-22	0	3.4	18	1
1969-12-23	0	3.6	18	3.5
1969-12-24	0	3.5	19	1.5
1969-12-25	0	5.1	19.5	3.5
1969-12-26	0	4.9	20	1.5
1969-12-27	0	6.2	19.5	2
1969-12-28	0	5.5	18	1
1969-12-29	0	2.2	10	3
1969-12-30	0	4.8	19.5	5.5
1969-12-31	0	3.2	18.5	4.5
1970-01-01	0	4.1	17.5	4.5
1970-01-02	0	4	18.5	3
1970-01-03	0	3.2	17	3.5
1970-01-04	0	4.5	18	4
1970-01-05	4.5	1.8	15	2.5
1970-01-06	0	4.1	16.5	1.5
1970-01-07	0	2.4	15.5	0
1970-01-08	0	4.3	16	0
1970-01-09	0	1.6	13	1
1970-01-10	0	5.3	16.5	1
1970-01-11	0	4.1	17	5.5
1970-01-12	0	3.5	18.5	3.5
1970-01-13	0	6.5	17	2
1970-01-14	0	5.1	17	1.5
1970-01-15	0	6.8	17.5	0
1970-01-16	0	6.1	18	3
1970-01-17	0	4.9	20	2
1970-01-18	0	3.5	16.5	-3
1970-01-19	0	4.9	18	0
1970-01-20	0	4.9	17.5	-1
1970-01-21	0	4.7	17	0
1970-01-22	0	2.5	15	1.5
1970-01-23	2.1	1.4	15	0
1970-01-24	0	2.5	13.5	0
1970-01-25	0	2.2	17	1
1970-01-26	0	5.7	17.5	3
1970-01-27	0	4	18	2.5
1970-01-28	0	3.6	20	3.5
1970-01-29	0	4	20	5.5
1970-01-30	0	3.6	18.5	2.5
1970-01-31	0	5.7	20	3
1970-02-01	0	5.5	19	6
1970-02-02	0	5.8	19	7.5
1970-02-03	0	4	16	1
1970-02-04	0	4.1	20.5	-1
1970-02-05	0	5	20.5	1.5
1970-02-06	0	3.4	20	3
1970-02-07	0	4	18	3.5
1970-02-08	0	3.9	17.5	2
1970-02-09	0	2.2	16	5
1970-02-10	6.2	4.2	15	2
1970-02-11	0	3.8	12.5	3
1970-02-12	0	2.5	15	-1
1970-02-13	0	3.1	17.5	0.5
1970-02-14	0	2.6	18.5	3
1970-02-15	0	5.4	20	1
1970-02-16	0	4.1	15.5	3.5
1970-02-17	0	4.3	17	4
1970-02-18	0	5.5	16	4
1970-02-19	0	2.8	16	3.5
1970-02-20	1.5	2.5	14.5	5
1970-02-21	0	2.2	13	4
1970-02-22	0	3.9	16	2.5
1970-02-23	0	4.1	19	3
1970-02-24	0	5.2	18	5.5
1970-02-25	0	3.2	18.5	2
1970-02-26	0	6	20	2
1970-02-27	0	4.7	17.5	6.5
1970-02-28	0	3.4	19	5.5
1970-03-01	0	2.7	17.5	6
1970-03-02	0	3.1	19	6
1970-03-03	0	4	20.5	5
1970-03-04	0	7.2	19.5	4.5
1970-03-05	0	8.7	20.5	4
1970-03-06	0	8.8	21	8.5
1970-03-07	0	8.1	19	6
1970-03-08	0	8.9	19.5	2.5
1970-03-09	0	7.7	21	5
1970-03-10	0	9.9	20	4
1970-03-11	0	5.7	19.5	3.5
1970-03-12	0	7.6	21	4
1970-03-13	0	3.9	18.5	3.5
1970-03-14	0	5.4	20	3.5
1970-03-15	0	6.6	21.5	4.5
1970-03-16	0	6.1	22	3.5
1970-03-17	0	6.7	21.5	6
1970-03-18	0	5.2	21	5.5
1970-03-19	0	6.2	25	6.5
1970-03-20	0	8.9	22.5	6
1970-03-21	0	8.9	24	5.5
1970-03-22	0	7.9	24.5	7
1970-03-23	0	7.1	25	5
1970-03-24	0	5.6	24.5	7
1970-03-25	0	7.6	25	5.5
1970-03-26	0	8.5	24.5	6
1970-03-27	0	9.2	24	5.5
1970-03-28	0	7.3	24.5	7
1970-03-29	0	11.4	23	6.5
1970-03-30	0	7.3	25.5	8.5
1970-03-31	0	9	26	8
1970-04-01	0	9.7	27	11
1970-04-02	0	6.2	25.5	8
1970-04-03	0	7.1	24	7.5
1970-04-04	0	8.6	26.5	10.5
1970-04-05	8.5	8.2	24.5	5.5
1970-04-06	3.5	5.1	22	7
1970-04-07	0	8.2	21	7.5
1970-04-08	0	6.1	20	8
1970-04-09	0	4.5	20	6.5
1970-04-10	0	6.6	18.9	6
1970-04-11	0	6.2	20.5	7.5
1970-04-12	0	6.2	22.5	5.5
1970-04-13	0	7	22.5	6.5
1970-04-14	0	7	23.5	6
1970-04-15	0	6.6	22.5	6.5
1970-04-16	0	8.9	19.5	7.5
1970-04-17	0	7.3	25	8
1970-04-18	0	7	24.5	7
1970-04-19	0	6.3	25.5	7
1970-04-20	0	8.6	19.5	6.5
1970-04-21	0	6.1	24.5	9
1970-04-22	0	7.1	26.5	10
1970-04-23	0	8.8	22	8.5
1970-04-24	0	7.7	21.5	8.5
1970-04-25	0	9.2	25.5	7
1970-04-26	0	5.9	27	7.5
1970-04-27	0	8.2	26.5	10
1970-04-28	0	7.1	27.5	10
1970-04-29	0	9.5	26.5	8.5
1970-04-30	0	7.2	25.5	7.5
1970-05-01	0	8.1	26	8.5
1970-05-02	0	4.5	24	9
1970-05-03	15	5.1	20.5	7
1970-05-04	0	5.4	19	8
1970-05-05	0	8	20.5	6
1970-05-06	0	7.2	22	4
1970-05-07	0	8.1	24	6
1970-05-08	0	7.6	25	8
1970-05-09	0	6.5	24.5	7
1970-05-10	3.5	4.7	22	8.5
1970-05-11	0	4.9	23	9
1970-05-12	0	6.4	21.5	7.5
1970-05-13	6.5	4	22.5	8.5
1970-05-14	8	5.2	20.5	7
1970-05-15	6.5	4.8	19.5	6
1970-05-16	5	2.5	17	7
1970-05-17	0	6.8	18	2.5
1970-05-18	0	8.2	19	3
1970-05-19	0	7.6	20.5	3.5
1970-05-20	0	4.5	21	4
1970-05-21	0	5.5	22	5
1970-05-22	5.5	4.5	21	5.5
1970-05-23	0	4.9	19	7.5
1970-05-24	3.7	4.6	22	7
1970-05-25	0	6.8	23.5	7.5
1970-05-26	0	6.7	23	10
1970-05-27	0	7.3	24	8.5
1970-05-28	11.5	6.6	23	10.5
1970-05-29	0	4.3	23	9
1970-05-30	0	6.3	23.5	9
1970-05-31	0	5.9	22	7.5
1970-06-01	7	5.2	22	7.5
1970-06-02	0	4.3	20	7.5
1970-06-03	0	3.6	17.5	4.5
1970-06-04	0	4.1	17.5	6.5
1970-06-05	0	8.2	21.5	8.5
1970-06-06	0	7.7	22.5	5.5
1970-06-07	1	7.4	21.5	5.5
1970-06-08	3	2.3	18.5	10
1970-06-09	2	3.1	15	10.5
1970-06-10	13	3.6	20	9
1970-06-11	4	3.6	20	9
1970-06-12	0	5.1	21	7
1970-06-13	0	5.2	23	7.5
1970-06-14	0	7.7	21	6.5
1970-06-15	0	6.4	22	3
1970-06-16	0	7.2	21.5	7
1970-06-17	28.5	11.9	22	6
1970-06-18	19	2	18.5	6.5
1970-06-19	4	2.1	18	8.5
1970-06-20	6	1.5	14.5	10
1970-06-21	28.5	4.4	14.5	11
1970-06-22	13	1.6	15.5	10
1970-06-23	2	2.8	17	10
1970-06-24	0	2.1	19	9.5
1970-06-25	20	5.5	18.5	10.5
1970-06-26	8	1.7	15	10.5
1970-06-27	1	2.5	17.5	10
1970-06-28	0	4.9	18	10
1970-06-29	6	3.9	18.5	9
1970-06-30	0	4.7	18	8.5
1970-07-01	9.5	3.7	16	4.5
1970-07-02	0	2.4	15	7.5
1970-07-03	6.2	4.9	17	5.5
1970-07-04	0	4.8	17	6.5
1970-07-05	0	5.2	18.5	7.5
1970-07-06	0	4.9	18.5	8
1970-07-07	0	4.4	19	6.5
1970-07-08	11.8	4.1	18	8
1970-07-09	30	1.7	19	7.5
1970-07-10	4	2	19	6.5
1970-07-11	0	5.1	20	7
1970-07-12	0	7.1	20.5	6.5
1970-07-13	0	6	20	6.5
1970-07-14	0	3.2	16	5.5
1970-07-15	7	1.6	15.5	9.5
1970-07-16	2	1	15	8.5
1970-07-17	7.5	3.3	17.5	9
1970-07-18	0	5.2	18	8
1970-07-19	1	4.5	18.5	7
1970-07-20	0	4.8	19	6.5
1970-07-21	0	1.8	17	10
1970-07-22	11	1.6	16	6
1970-07-23	1.5	3.2	16.5	7
1970-07-24	0	1.3	17	9.5
1970-07-25	0	3.4	18	7.5
1970-07-26	0	1.9	17	6.5
1970-07-27	0	4.6	17.5	5
1970-07-28	0	3.6	16.5	4.5
1970-07-29	1.5	2.7	16.5	7
1970-07-30	1.5	1.6	16.5	7
1970-07-31	0	3.5	19	7
1970-08-01	0	4.7	19.5	6.5
1970-08-02	6.2	5.4	19	8
1970-08-03	1	4.1	19.5	7.5
1970-08-04	1.5	2	16	8.5
1970-08-05	2	3	16	10
1970-08-06	8.5	0.6	15.5	10
1970-08-07	0	3.3	18	8
1970-08-08	0	4	19	7.5
1970-08-09	2	6.2	20	7
1970-08-10	1	1.8	19.5	7
1970-08-11	0	2.7	19	6.5
1970-08-12	2.5	4.7	20	7
1970-08-13	0	6.3	20	6
1970-08-14	0	5.2	20	6
1970-08-15	5.5	8.5	16.5	5.5
1970-08-16	0	0.8	14.5	7
1970-08-17	0	3.9	11.5	7.5
1970-08-18	3.5	2.3	14	5.5
1970-08-19	0	5.6	19.5	6
1970-08-20	0	4.7	20	6
1970-08-21	0	2.2	21	7
1970-08-22	29	5.9	18	8.5
1970-08-23	0	4.8	19	9
1970-08-24	0	4.5	20	7.5
1970-08-25	0	5.8	19	7
1970-08-26	0	4.6	19.5	5.5
1970-08-27	0	3.4	17	5
1970-08-28	0	3.9	16	6.5
1970-08-29	0	4.7	17	7.5
1970-08-30	0	0.2	15	9
1970-08-31	1	3.9	16	9.5
1970-09-01	6.5	0.7	17	10.5
1970-09-02	10	4.4	19	10
1970-09-03	0	5.6	18	7.5
1970-09-04	20	7.1	18.5	8.5
1970-09-05	3	1.5	17	6.5
1970-09-06	0	4.7	18	6.5
1970-09-07	0	4.7	18	5
1970-09-08	0	3.1	17	5.5
1970-09-09	4.5	2.9	17	6
1970-09-10	0	4.7	16.5	8
1970-09-11	0	5.6	18	7.5
1970-09-12	8.5	0.8	16.5	7
1970-09-13	0	1.1	16	7.5
1970-09-14	3	5.6	18.5	7.5
1970-09-15	9	4.9	19	7.5
1970-09-16	0	4.1	18	7.5
1970-09-17	0	3.8	17	6
1970-09-18	0	3.5	16.5	8
1970-09-19	6	2	17	5.5
1970-09-20	2.5	0.8	18	6.5
1970-09-21	5	5.2	19	7
1970-09-22	0	5.3	18.5	8
1970-09-23	0	4	18.5	7.5
1970-09-24	13	1.5	16	9.5
1970-09-25	6	3	16	10
1970-09-26	4.5	2.7	15.5	9.5
1970-09-27	7	1.6	16.5	10
1970-09-28	6.5	1.6	17	7.5
1970-09-29	0	2.4	14.5	8
1970-09-30	0	2.2	15	8
1970-10-01	0	3.1	19	4.5
1970-10-02	0	5.4	20.5	5
1970-10-03	0	3.2	18.5	6
1970-10-04	0	2.8	19	9
1970-10-05	0	0.9	18.5	6
1970-10-06	0	3.8	19	7.5
1970-10-07	0	4.8	21	5
1970-10-08	0	5.1	21.5	5
1970-10-09	0	4.6	19	6
1970-10-10	0	3.4	21.5	6
1970-10-11	5.5	4	20	6
1970-10-12	0	2.4	20	8.5
1970-10-13	0	2.6	20.5	8.5
1970-10-14	0	1.1	20	6.5
1970-10-15	0	4.9	16.5	7
1970-10-16	0	2.8	14	7
1970-10-17	0	4.2	18.5	5.5
1970-10-18	0	3	17	3.5
1970-10-19	0	3.2	20	3
1970-10-20	0	3.6	19	3.5
1970-10-21	0	4.1	20.5	3.5
1970-10-22	0	5.2	20	3
1970-10-23	0	4.1	21	5
1970-10-24	0	3	21.5	4.5
1970-10-25	0	4.3	22	6.5
1970-10-26	0	5	22.5	5
1970-10-27	0	3.4	17	6.5
1970-10-28	6	1.8	17	6
1970-10-29	0	3.4	17.5	4.5
1970-10-30	0	3.3	19.5	3
1970-10-31	0	4.3	18	4.5
1970-11-01	0	1.4	19.5	5
1970-11-02	0	5	19.5	4.5
1970-11-03	0	2.5	18.5	3.5
1970-11-04	0	3.5	12	4
1970-11-05	0	2.2	16.5	1.5
1970-11-06	0	4.5	15.5	5
1970-11-07	0	3.5	19	3
1970-11-08	0	5.3	19.5	3
1970-11-09	0	5.2	18	5
1970-11-10	0	4	18	1
1970-11-11	0	4.3	19	2.5
1970-11-12	0	4.8	20	2
1970-11-13	0	5.5	19.5	6.5
1970-11-14	0	4	20.5	5.5
1970-11-15	0	3.8	16	3
1970-11-16	0	4.6	13	1.5
1970-11-17	0	3.9	18	1.5
1970-11-18	0	4.6	19	-2
1970-11-19	0	5.1	20	0
1970-11-20	0	5.9	18	0
1970-11-21	0	5	21	1
1970-11-22	0	3.9	22.5	3
1970-11-23	0	4.8	16	2.5
1970-11-24	0	3.6	17.5	-2
1970-11-25	0	3.9	18.5	2.5
1970-11-26	0	5.8	19.5	3
1970-11-27	0	5	20	2.5
1970-11-28	0	3.5	18	0
1970-11-29	0	4.8	17.5	1.5
1970-11-30	0	5.6	19	1.5
1970-12-01	0	4.6	20	2.5
1970-12-02	0	4.5	19	1.5
1970-12-03	0	3.9	19	2
1970-12-04	0	5.3	19	0
1970-12-05	0	4.4	18	0
1970-12-06	0	4.5	13	-2.5
1970-12-07	0	2.4	16	-4
1970-12-08	0	3	18	-1
1970-12-09	0	4.8	18	2.5
1970-12-10	0	3.9	18	4
1970-12-11	0	4.9	18.5	2.5
1970-12-12	0	5	16.5	2
1970-12-13	0	4.5	19	3
1970-12-14	0	5.5	19	1.5
1970-12-15	0	4.2	20	4.5
1970-12-16	0	4.1	19.5	2.5
1970-12-17	0	4.8	19.5	1.5
1970-12-18	0	5	20	4.5
1970-12-19	0	4.5	20	4
1970-12-20	0	3.3	19.5	5
1970-12-21	0	2.9	20	4
1970-12-22	0	5	20.5	6
1970-12-23	0	3.2	20	6.5
1970-12-24	0	5	18	1.5
1970-12-25	0	5.6	18.5	4
1970-12-26	0	4.6	18	1.5
1970-12-27	0	5.5	19	1
1970-12-28	0	5.2	20	3
1970-12-29	0	5.7	20	4
1970-12-30	0	5.1	19	-1
1970-12-31	0	2.6	17	-1
1972-01-01	0	3.7	17.5	4
1972-01-02	0	4.6	16	6.5
1972-01-03	0	5	17.5	2
1972-01-04	0	3.2	17.5	2.5
1972-01-05	0	5.7	17.5	3.5
1972-01-06	0	4.3	16	5.5
1972-01-07	0	5.5	11	2.5
1972-01-08	0	3.6	17	1
1972-01-09	0	5.6	19	3
1972-01-10	0	3.6	18	4
1972-01-11	0	5.7	19	3
1972-01-12	0	4.5	19.5	2.5
1972-01-13	0	5.6	18.5	3
1972-01-14	0	3.7	17	1.5
1972-01-15	0	4.2	9	1.5
1972-01-16	0	3.9	10	0
1972-01-17	0	6	15.5	-2
1972-01-18	0	4.8	15.5	1.5
1972-01-19	0	5.3	15.5	2.5
1972-01-20	0	3.9	16	3.5
1972-01-21	0	4.1	17.5	5
1972-01-22	0	4.8	18	1
1972-01-23	0	4.9	17.5	3
1972-01-24	0	4.2	20.5	3
1972-01-25	0	5.2	17	1.5
1972-01-26	0	4	19.5	4.5
1972-01-27	0	4	19	1.5
1972-01-28	0	3.8	19	2.5
1972-01-29	0	5	18.5	1
1972-01-30	0	3.3	16.5	3
1972-01-31	0	4.2	16	3.5
1972-02-01	0	4.6	18.5	6
1972-02-02	0	4	19	5.5
1972-02-03	0	3.3	16	4
1972-02-04	0	4.6	15.5	2
1972-02-05	0	4.4	17.5	0
1972-02-06	0	5.5	19	4.5
1972-02-07	0	4.5	19	4
1972-02-08	0	4	16	1
1972-02-09	0	5.8	18	1.5
1972-02-10	0	4.8	18	-1
1972-02-11	0	5.2	20	3.5
1972-02-12	0	4.7	19.5	2.5
1972-02-13	0	5.3	19.5	4.5
1972-02-14	0	5.9	19.5	2
1972-02-15	0	6.1	20.5	2.5
1972-02-16	0	5.3	18.5	6
1972-02-17	0	5.9	14.5	4.5
1972-02-18	0	6.6	13.5	-1.5
1972-02-19	0	5.7	15	-3
1972-02-20	0	5.8	18	-3
1972-02-21	0	3.5	19.5	0
1972-02-22	0	6.9	18.5	1
1972-02-23	0	5.9	20.5	2.5
1972-02-24	0	5	21	3
1972-02-25	0	6.8	22	2
1972-02-26	0	5.5	22	5
1972-02-27	0	5.4	22	5
1972-02-28	3.5	7.5	21	5.5
1972-02-29	0	5.9	20.5	6
1972-03-01	0	6.1	20.5	3.5
1972-03-02	0	5.7	19.5	4
1972-03-03	0	6.1	20.5	3.5
1972-03-04	0	5.1	21.5	5.5
1972-03-05	0	5.5	21	6
1972-03-06	18	8.9	18.5	3
1972-03-07	0	4.6	21	2
1972-03-08	0	6.6	20	4
1972-03-09	0	3.7	15	3.5
1972-03-10	0	4.9	15.5	3
1972-03-11	8	5.6	17.5	1
1972-03-12	0	3.7	16.5	2.5
1972-03-13	0	4.4	18	2.5
1972-03-14	2	5.9	18	3.5
1972-03-15	0	3.8	17.5	3
1972-03-16	1	4.8	19.5	3
1972-03-17	0	5.8	19	3
1972-03-18	0	5.2	20	4
1972-03-19	0	6.1	20.5	3
1972-03-20	0	7.8	21	3
1972-03-21	0	6.2	22.5	5
1972-03-22	2	4.8	17	4
1972-03-23	1.5	5.5	19	5
1972-03-24	1	6	20	6
1972-03-25	1	7.6	20	5
1972-03-26	0	6	21	5
1972-03-27	0	6	20.5	6
1972-03-28	0	5.8	22.5	6
1972-03-29	0	4.9	23.5	6
1972-03-30	0	4.5	22	8.5
1972-03-31	0	6.8	22.5	3.5
1972-04-01	0	6	22	4
1972-04-02	0	6.3	22.5	1.5
1972-04-03	0	7.4	22.5	4
1972-04-04	0	6.9	23.5	7
1972-04-05	0	6.3	23	3
1972-04-06	0	6.9	23.5	3.5
1972-04-07	0	5.9	25	7
1972-04-08	0	4.2	24.5	7.5
1972-04-09	0	8.7	24.5	5
1972-04-10	0	5.4	23.5	6
1972-04-11	0	6.3	24	8
1972-04-12	0	6.6	20	5.5
1972-04-13	0	6.1	19.5	6.5
1972-04-14	2	7.4	19.5	7
1972-04-15	9	5.1	22.5	7
1972-04-16	0	2.6	21.5	5.5
1972-04-17	4.5	6.7	18.5	5
1972-04-18	1	2.5	16.5	7.5
1972-04-19	2	6.1	21	6
1972-04-20	0	6.8	22.5	5.5
1972-04-21	0	6.7	25	8
1972-04-22	0	5.1	22	7.5
1972-04-23	0	7.6	24.5	8
1972-04-24	0	6.9	20	8.5
1972-04-25	0	6.3	23.5	7
1972-04-26	0	5.5	23	5.5
1972-04-27	0	6.7	22	7.5
1972-04-28	0	6.4	23.5	11
1972-04-29	0	5.9	23.5	7
1972-04-30	0	4.9	23.5	7.5
1972-05-01	1	5.3	22	8.5
1972-05-02	0	7.5	24	10
1972-05-03	0	5.3	22.5	8
1972-05-04	2	7.8	21.5	6.5
1972-05-05	0	5.4	22.5	5.5
1972-05-06	0	6.8	24.5	7
1972-05-07	1.5	6.6	22	8.5
1972-05-08	3.5	7.4	23	8
1972-05-09	2	7	21	8
1972-05-10	0	5.2	23	7.5
1972-05-11	0	5.4	23	7
1972-05-12	0	4.2	23.5	8.5
1972-05-13	0	4.5	23.5	9.5
1972-05-14	0	6.4	24.5	10
1972-05-15	0	8.4	24	9.5
1972-05-16	0	6.8	24.5	7
1972-05-17	0	7.6	25	9.5
1972-05-18	0	6.8	21	9
1972-05-19	0	6.2	24	8.5
1972-05-20	0	7	23.5	4.5
1972-05-21	0	6	20	6.5
1972-05-22	0	7.7	21	7
1972-05-23	3	7.5	24.5	10
1972-05-24	5	7.9	23.5	7.5
1972-05-25	6.5	4.2	19.5	8.5
1972-05-26	0	5.4	22	6.5
1972-05-27	0	5.8	21.5	7
1972-05-28	1	6.2	24	7
1972-05-29	15.5	8	17.5	7
1972-05-30	6	3.9	17.3	8.5
1972-05-31	8.5	2.5	16.5	7.5
1972-06-01	4.3	0.7	16.5	8.5
1972-06-02	0	2.8	17.5	8
1972-06-03	0	2.2	17.5	7.5
1972-06-04	10.5	2.8	17.5	6.5
1972-06-05	16.5	2.4	16	7
1972-06-06	12	2.7	15.5	9
1972-06-07	0	2.1	16.5	8.5
1972-06-08	1	2.3	16.5	10
1972-06-09	0	2.9	19	9
1972-06-10	1	2.3	19	8
1972-06-11	17.5	3.6	17	10
1972-06-12	1.5	0.4	20.5	10
1972-06-13	32	1.2	16	10
1972-06-14	0	3.9	20	10
1972-06-15	0	3.9	19	9.5
1972-06-16	0	2.7	18.5	9
1972-06-17	0	5	18.5	8.5
1972-06-18	0	2.7	20.5	7.5
1972-06-19	0	5.6	22	6.5
1972-06-20	0	2.2	21.5	7
1972-06-21	7	6.4	21	10.5
1972-06-22	1.5	2.6	19.5	9
1972-06-23	2.5	5.6	21.5	8.5
1972-06-24	13.5	5.9	21	9
1972-06-25	0	5.1	20.5	7.5
1972-06-26	4	6.3	20	8
1972-06-27	0	4.9	21	8
1972-06-28	0	4.6	20.5	6
1972-06-29	0	5.1	19	4.5
1972-06-30	0	3.7	20	5
1972-07-01	0	5.2	21	5
1972-07-02	0	3.5	20.5	9.5
1972-07-03	6	5.8	20.5	6.5
1972-07-04	0	2.5	17	4
1972-07-05	0	6.7	17	3
1972-07-06	0	6	17.5	5
1972-07-07	0	6	18	4
1972-07-08	0	2.3	19	5
1972-07-09	11.2	6.3	18	7
1972-07-10	0	3.8	16	6
1972-07-11	10	5	17.5	6.5
1972-07-12	1.5	4.1	17.5	7.5
1972-07-13	17	4	17	8.5
1972-07-14	1.5	3	15.5	10
1972-07-15	13	0.9	16	9.5
1972-07-16	1.5	4.3	17	9
1972-07-17	2	2.2	16	9.5
1972-07-18	8	4.8	19	9.5
1972-07-19	6	1.2	17	8.5
1972-07-20	14	5.5	15.5	7.5
1972-07-21	0	2.1	17.5	7.5
1972-07-22	5	3	16	9
1972-07-23	0	5.2	16.5	8.5
1972-07-24	0	1	15	8.5
1972-07-25	0	2.9	16.5	8
1972-07-26	0	2.9	16.5	8.5
1972-07-27	2.5	5.3	17.5	8.5
1972-07-28	2	2.3	15	8.5
1972-07-29	1	2.7	14.5	5
1972-07-30	0	2.5	17.5	7
1972-07-31	6.5	4	17.5	6
1972-08-01	4	1	14.5	7.5
1972-08-02	14	1.6	14	9.5
1972-08-03	6.5	2.7	15	10
1972-08-04	0	4.5	18	8
1972-08-05	0	3.2	15	6.5
1972-08-06	0	4.2	15	8
1972-08-07	0	2.8	17.5	5
1972-08-08	15	5.7	18.5	7.5
1972-08-09	0	3.3	18.5	5
1972-08-10	3.5	5.1	18.5	6.5
1972-08-11	1.5	3.4	17.5	5.5
1972-08-12	4.5	4.8	17	7.5
1972-08-13	0	3.4	16.5	6
1972-08-14	0	4.7	17.5	6
1972-08-15	0	3	15	7
1972-08-16	1.5	5.4	17	4.5
1972-08-17	0	3.3	18.5	8
1972-08-18	0	3.9	18.5	4
1972-08-19	0	5.2	14	6
1972-08-20	0	3.8	16.5	7
1972-08-21	0	5.1	18	4
1972-08-22	0	1.2	20.5	6
1972-08-23	0	4	20	6
1972-08-24	0	4.5	19	8
1972-08-25	3.5	4.9	22	6
1972-08-26	0	4.1	20.5	7
1972-08-27	0	3.4	18	5.5
1972-08-28	0	4.7	18.5	7
1972-08-29	0	3.5	17.5	6
1972-08-30	1.5	2.8	17.5	8.5
1972-08-31	0	4.3	19.5	8
1972-09-01	4	4.7	21	8
1972-09-02	1	4.5	19.5	7
1972-09-03	0	5.8	19.5	4.5
1972-09-04	0	5	20	3
1972-09-05	0	4.8	20.5	5.5
1972-09-06	0	4.3	20.5	5
1972-09-07	0	3.8	18.5	6
1972-09-08	3.5	4	21.5	8.5
1972-09-09	0	3.2	19.5	8
1972-09-10	0	2.4	19.5	8.5
1972-09-11	0	4.9	19	5.5
1972-09-12	10	4.2	18	5
1972-09-13	12	4.9	20	8.5
1972-09-14	2.5	4.2	19.5	8.5
1972-09-15	6	4.2	18.5	9
1972-09-16	0	1.9	17.5	9.5
1972-09-17	6.5	2.9	18.5	6
1972-09-18	8.5	4.5	18.5	9.5
1972-09-19	0	4.2	16.5	5.5
1972-09-20	0	4.5	19	6
1972-09-21	9	2.3	17	6
1972-09-22	0	2.2	10.5	9
1972-09-23	0	4.6	15.5	7
1972-09-24	48	5.3	20	6
1972-09-25	1.5	3.4	20	6
1972-09-26	4.5	3.2	17.5	7
1972-09-27	0	2.5	17.5	5
1972-09-28	0	4.7	18.5	7
1972-09-29	0	3.8	19.5	3
1972-09-30	0	3.7	19	6.5
1972-10-01	0	4.2	18	4
1972-10-02	0	4.1	19.5	4
1972-10-03	0	5.8	20	3.5
1972-10-04	0	2.5	17	2.5
1972-10-05	4.5	3.7	18	4
1972-10-06	4	3	20	5
1972-10-07	5.5	3.4	18	10
1972-10-08	0	1	17	8
1972-10-09	0	4.1	19.5	7.5
1972-10-10	0	4.3	19	5.5
1972-10-11	0	4	16	8.5
1972-10-12	2.5	1.6	14.5	3.5
1972-10-13	1	1.1	12.5	6.5
1972-10-14	0	2.5	12.5	6
1972-10-15	0	2.4	16.5	6.5
1972-10-16	0	1.1	17.5	8
1972-10-17	10.5	5.2	20	6
1972-10-18	18.5	3.7	21	6
1972-10-19	0	3.2	19.5	5.5
1972-10-20	0	4.1	19.5	9
1972-10-21	0	5.5	21	6
1972-10-22	11.5	3.6	19	7.5
1972-10-23	3	4	18.5	5.5
1972-10-24	0	2.7	18.5	4.5
1972-10-25	0	3.1	19.5	5.5
1972-10-26	0	2.5	18.5	7
1972-10-27	0	3.8	22	7.5
1972-10-28	0	4	22	7
1972-10-29	0	5	22	6
1972-10-30	0	4.2	22	6.5
1972-10-31	0	5.5	22	7
1972-11-01	0	3.6	23.5	8.5
1972-11-02	0	3.9	21.5	5
1972-11-03	0	3.6	19.5	5.5
1972-11-04	1.5	2.6	15	4
1972-11-05	0	3.3	19.5	4.5
1972-11-06	0	5.4	20.5	5
1972-11-07	0	3.5	16.5	5.5
1972-11-08	0	4.8	19	5
1972-11-09	0	4.8	20	6
1972-11-10	0	3.2	21.5	6.5
1972-11-11	13.5	4.1	20	5
1972-11-12	20	4	19	8
1972-11-13	0	3.7	20	6
1972-11-14	0	4.1	19.5	6.5
1972-11-15	0	3.5	19	6.5
1972-11-16	0	4	19.5	6
1972-11-17	0	3.9	19.5	5
1972-11-18	0	2.2	19	5.5
1972-11-19	0	2.9	18	6.5
1972-11-20	0	3.1	17.5	7.5
1972-11-21	4	3.7	19	6.5
1972-11-22	0	3.9	16	5.5
1972-11-23	0	2.2	18.5	5.5
1972-11-24	0	2.3	19	5.5
1972-11-25	0	1.8	17.5	5
1972-11-26	0	4.6	16	8
1972-11-27	0	2.7	19.5	4
1972-11-28	3.5	4.1	17	8.5
1972-11-29	0	2.4	18	5.5
1972-11-30	1	3.1	16.5	5.5
1972-12-01	0	3.8	15	6.5
1972-12-02	0	4.6	17.5	4.5
1972-12-03	0	4.9	18	5
1972-12-04	0	2.6	18	5
1972-12-05	0	3.9	20	5
1972-12-06	0	3.2	20	7
1972-12-07	0	4.1	20.5	3.5
1972-12-08	0	4.7	21	5.5
1972-12-09	0	4.1	21.5	5
1972-12-10	0	3.2	22	4.5
1972-12-11	0	4	19	1
1972-12-12	12.5	5.2	17	5
1972-12-13	0	2.6	16.5	3.5
1972-12-14	0	1.6	19	5.5
1972-12-15	0	4.7	16.5	5.5
1972-12-16	0	2.9	6	-1
1972-12-17	0	2.1	10.5	-1
1972-12-18	0	2.8	14	1.5
1972-12-19	0	2.4	17.5	2
1972-12-20	0	5.7	15.5	5
1972-12-21	0	3.2	14.5	7
1972-12-22	0	4.1	16.5	-1
1972-12-23	0	4.9	19	3.5
1972-12-24	0	3.3	12	2
1972-12-25	0	3.8	19	1.5
1972-12-26	0	5.6	11	2.5
1972-12-27	0	4.4	17	-1
1972-12-28	0	5.3	19	1.5
1972-12-29	0	4.2	20	1
1972-12-30	0	5	20.5	3.5
1972-12-31	0	4.1	20	5.5
1973-01-01	0	4.9	20.5	5
1973-01-02	0	5.6	21	4.5
1973-01-03	0	4.9	22	3.5
1973-01-04	0	4.9	23	5
1973-01-05	0	3.8	21.5	3
1973-01-06	0	6.4	22	4.5
1973-01-07	0	5.5	21	3.5
1973-01-08	0	4.7	18	6
1973-01-09	0	5	19	4.5
1973-01-10	0	3.3	18.5	3
1973-01-11	0	6.7	16	5.5
1973-01-12	0	5.4	15	0
1973-01-13	0	3.7	16.5	0
1973-01-14	0	4.3	14	3.5
1973-01-15	0	6.6	16	1
1973-01-16	0	4.7	16	-1.5
1973-01-17	0	3.1	16.5	2
1973-01-18	0	5.7	19	3
1973-01-19	0	4.9	19.5	1
1973-01-20	0	6.2	20	1
1973-01-21	0	5.5	19.5	1
1973-01-22	0	5.4	19.5	-1
1973-01-23	0	5.9	20.5	1.5
1973-01-24	0	6.2	19.5	0
1973-01-25	0	5.2	22	1
1973-01-26	0	4.5	23.5	3
1973-01-27	0	6.1	23.5	4.5
1973-01-28	0	6.3	20	0
1973-01-29	0	6.2	15	-5
1973-01-30	0	4.3	21	0
1973-01-31	0	4.9	21	0
1973-02-01	0	5.6	20	3.5
1973-02-02	0	5.5	21	4.5
1973-02-03	0	6.7	21	2.5
1973-02-04	0	6.1	22	6
1973-02-05	0	5.8	22.5	4.5
1973-02-06	0	5.8	23	3
1973-02-07	0	5.6	22.5	4.5
1973-02-08	0	5.3	22.5	6.5
1973-02-09	0	5	19	7.5
1973-02-10	0	7.5	18.5	2
1973-02-11	0	5.4	20	2
1973-02-12	0	6.1	19	4
1973-02-13	0	7.4	21	2.5
1973-02-14	0	5.4	21	1
1973-02-15	0	6.3	20	3
1973-02-16	0	5.4	17.5	4
1973-02-17	0	5.7	19.5	5
1973-02-18	0	4.9	20	5
1973-02-19	0	5.5	19	7
1973-02-20	0	6.3	20	3
1973-02-21	0	4.7	19	4
1973-02-22	0	6.1	23	5
1973-02-23	0	5.5	22	5.5
1973-02-24	0	6.1	22	3.5
1973-02-25	0	5.1	22.5	5
1973-02-26	0	6.1	21	4
1973-02-27	2	5	17	5
1973-02-28	2	6.7	18.5	3
1973-03-01	0	5.6	20	4.5
1973-03-02	0	4.7	21.5	5.5
1973-03-03	0	7.7	21.5	6
1973-03-04	0	6.1	22.5	6
1973-03-05	0	5.6	23	6.5
1973-03-06	0	5.4	22	6.5
1973-03-07	0	7.1	25	5.5
1973-03-08	0	6.5	24	8
1973-03-09	0	7.1	24.5	6.5
1973-03-10	0	5.8	24.5	6
1973-03-11	0	7.1	25.5	4.5
1973-03-12	0	7.1	25.5	7.5
1973-03-13	0	8.6	25.5	8
1973-03-14	0	7.2	25.5	5.5
1973-03-15	0	7.1	25.5	5
1973-03-16	0	7	25	6.5
1973-03-17	0	8.7	22	5
1973-03-18	0	7.3	23.5	5.5
1973-03-19	1	7.2	23.5	5.5
1973-03-20	0	8	23.5	6.5
1973-03-21	0	7.9	24.5	8
1973-03-22	0	7.3	23.5	6
1973-03-23	0	8.8	23	6
1973-03-24	0	8.1	24.5	10.5
1973-03-25	0	9.6	25	5
1973-03-26	0	7.5	26	6.5
1973-03-27	0	7.9	26	7
1973-03-28	0	7.2	26.5	6.5
1973-03-29	0	8.9	25.5	6.5
1973-03-30	0	7.4	24.5	5
1973-03-31	0	6.9	22.5	7.5
1973-04-01	0	7.3	24.5	8.5
1973-04-02	0	7.6	24.5	6.5
1973-04-03	0	7	23	11.5
1973-04-04	0	9.8	22	5
1973-04-05	0	8.9	20	5.5
1973-04-06	0	6.1	16	9.5
1973-04-07	0	8	20	5
1973-04-08	0	6.8	21	1.5
1973-04-09	0	8.2	22.5	3.5
1973-04-10	0	8.9	21	3.5
1973-04-11	0	7.9	23.5	4.5
1973-04-12	2	6.3	22	8
1973-04-13	8	6.1	22	7
1973-04-14	5.5	7.1	20	7.5
1973-04-15	3	6.4	19	8
1973-04-16	2.5	7.6	21.5	7
1973-04-17	2.5	5.3	23.5	8.5
1973-04-18	0	3.9	22	7.5
1973-04-19	0	6.2	23.5	8.5
1973-04-20	0	8.5	24.5	8.5
1973-04-21	0	8.3	25.5	10.5
1973-04-22	2.5	3.7	26	10
1973-04-23	0	7.7	25	11.5
1973-04-24	0	6.9	23.5	10
1973-04-25	0	7.3	25	10
1973-04-26	0	7	25	10.5
1973-04-27	0	4.2	20	5
1973-04-28	0	7	23	6
1973-04-29	0	5.6	24.5	8
1973-04-30	10	2.4	22	8.5
1973-05-01	0	6.5	24.5	8.5
1973-05-02	14	4.6	24	9
1973-05-03	0	7.4	20	7.5
1973-05-04	0	5.8	22	7
1973-05-05	0	4.9	23.6	9
1973-05-06	9	4.9	23.5	11
1973-05-07	0	5	23.5	9.5
1973-05-08	0	5.8	20	9.5
1973-05-09	1.5	5.3	21.5	8.5
1973-05-10	9	3.2	20.5	9
1973-05-11	0	5.2	22.5	8
1973-05-12	0	5.6	23.5	7.5
1973-05-13	0	6.4	20	7
1973-05-14	0	4.6	17.5	8
1973-05-15	0	4.3	17.5	8
1973-05-16	0	5.8	22	6.5
1973-05-17	13.5	4.8	21	7.5
1973-05-18	11.5	3.9	14	8
1973-05-19	0	3.9	16.5	7.5
1973-05-20	0	4.2	19	6.5
1973-05-21	0	6.1	21	6.5
1973-05-22	0	7.8	24	6.5
1973-05-23	0	8.2	25	8.5
1973-05-24	0	7.3	26	9
1973-05-25	0	7.9	27	10
1973-05-26	0	7.2	28	10
1973-05-27	0	8.2	27	12
1973-05-28	3.5	1.7	24.5	9.5
1973-05-29	0	4.9	21.5	7
1973-05-30	0	4.9	21	7.5
1973-05-31	0	5.3	19.5	6
1973-06-01	0	5	19.5	5
1973-06-02	0	6.5	23.5	6.5
1973-06-03	0	9.5	25.5	8.5
1973-06-04	0	8.3	25.5	8.5
1973-06-05	0	5.2	24.5	7
1973-06-06	0	5.2	19.5	6
1973-06-07	0	7.5	21	5
1973-06-08	27.5	4.9	18.5	4.5
1973-06-09	7	2.6	14	6
1973-06-10	3.5	1	16	6
1973-06-11	0	4.8	18	8.5
1973-06-12	4.5	3.4	21	9
1973-06-13	0	6.6	22.5	9
1973-06-14	9	3.6	19	10
1973-06-15	0	5.2	18	9.5
1973-06-16	1.5	4	20.5	9
1973-06-17	14	2.2	21	8.5
1973-06-18	0	4.4	21	8
1973-06-19	0	2.6	20.5	9.5
1973-06-20	4.5	2.3	19.5	8
1973-06-21	5	2	14	8.5
1973-06-22	2	1.3	12	9.5
1973-06-23	7.5	0.9	13.5	9.5
1973-06-24	10	1.4	16	10
1973-06-25	0	1.3	16	10
1973-06-26	16.5	1.5	17	10
1973-06-27	2	1.1	14.5	9.5
1973-06-28	0	1.1	14.5	8.5
1973-06-29	3	2.2	17.5	9
1973-06-30	8	3.5	17	8.5
1973-07-01	15	3.1	17.5	9
1973-07-02	5.8	0.2	16	10.5
1973-07-03	14.5	11.4	13.5	9.5
1973-07-04	1.8	1.8	15.5	9.5
1973-07-05	25.5	2.6	15	9.5
1973-07-06	12.5	2.6	18.5	9.5
1973-07-07	6	2.8	16	8.5
1973-07-08	4.7	1.6	16	9.5
1973-07-09	0	2.2	18	7.5
1973-07-10	1	4.7	18	4.5
1973-07-11	0	3.8	19.5	6
1973-07-12	0	5.6	20	6.5
1973-07-13	6	5	19	7.5
1973-07-14	12.7	4.7	18	7.5
1973-07-15	2.8	5.3	19	8
1973-07-16	0	5.3	19.5	7
1973-07-17	4.3	4.7	20	7.5
1973-07-18	0	5.6	18.5	6
1973-07-19	0	5.6	18.5	6
1973-07-20	2.5	5.1	19.5	5.5
1973-07-21	0	3.1	19	6
1973-07-22	0	3.7	19	9
1973-07-23	24.5	3.6	19	8
1973-07-24	2	2.7	16.5	6.5
1973-07-25	2.5	1.8	15	9
1973-07-26	2.5	2.3	15	8
1973-07-27	4.5	3.1	18.5	8
1973-07-28	1.5	5	18	7.5
1973-07-29	3	4.7	19.5	6.5
1973-07-30	1	2.8	19.5	8
1973-07-31	0	4	19.5	7
1973-08-01	6	6.6	19.5	6.5
1973-08-02	0	4.7	19.5	4.5
1973-08-03	18.5	6.7	19.5	7
1973-08-04	6.5	3.6	16.5	7
1973-08-05	29	2.9	17	6
1973-08-06	9	2	14.5	9
1973-08-07	2	1.9	17	6
1973-08-08	1	2.6	18	6.5
1973-08-09	23	3.9	18.5	7.5
1973-08-10	1.3	2.6	17	9.5
1973-08-11	8.6	2.4	16	10.5
1973-08-12	16.3	2.7	16.5	8.5
1973-08-13	0	2.3	17.5	8
1973-08-14	8.6	4.8	18	9
1973-08-15	0	1.7	18.5	8
1973-08-16	24.5	4.2	17.5	9
1973-08-17	14.6	3.4	18	9.5
1973-08-18	0	3.8	19	8
1973-08-19	0	4.9	18.5	5.5
1973-08-20	2.5	1.9	14	7
1973-08-21	0	2.9	13.5	5
1973-08-22	2.3	2.2	14	7
1973-08-23	0	3.8	15.5	6.5
1973-08-24	21.3	3.9	16	6.5
1973-08-25	23	4.1	17	10
1973-08-26	0.8	3.2	16	9.5
1973-08-27	17.8	2.6	16.5	9.5
1973-08-28	3.7	3	18.5	10
1973-08-29	21.8	4.6	18	10
1973-08-30	0	4	18.5	8.5
1973-08-31	0	5.5	18	7
1973-09-01	0	3	18	6.5
1973-09-02	1	5.3	17.5	6
1973-09-03	1	1.3	14	9
1973-09-04	33	2.9	15	10
1973-09-05	0	2.4	16.5	9
1973-09-06	0	2	17	6
1973-09-07	0	1.1	17.5	10
1973-09-08	19.8	3.5	16.5	10
1973-09-09	3.2	3.1	18.5	7.5
1973-09-10	7	3.4	18	10
1973-09-11	0	2.8	16	10
1973-09-12	3	2.5	18	7
1973-09-13	0	4.8	20	7.5
1973-09-14	1.2	4.4	20	8
1973-09-15	0	2.4	18.5	6.5
1973-09-16	2.2	3.7	18	8
1973-09-17	0	3.5	19	8.5
1973-09-18	0	4.1	18.5	7.5
1973-09-19	0	3.8	20	6
1973-09-20	0	3.8	21	6
1973-09-21	0	4.5	20.5	4.5
1973-09-22	3.6	4.5	21.5	6
1973-09-23	0	3.5	21	8.5
1973-09-24	0	2.2	19.5	9
1973-09-25	0	2.9	20.5	8
1973-09-26	10.9	3.8	21.5	6
1973-09-27	0	1.6	16	9
1973-09-28	4	2.8	17	6
1973-09-29	0.8	2.8	19	6
1973-09-30	4.2	2.2	19.5	10
1973-10-01	0.7	4.3	17.5	8.5
1973-10-02	0	3.7	20	6.5
1973-10-03	0	4.4	20	1.5
1973-10-04	0	3.8	20	5
1973-10-05	0	4.6	19.5	4.5
1973-10-06	0	3	16	6
1973-10-07	0	2.5	17	5.5
1973-10-08	0	3.3	19	7.5
1973-10-09	1.7	2.6	20.5	7
1973-10-10	4	2.7	18.5	9
1973-10-11	1.2	1.6	15.5	8
1973-10-12	5.3	1.7	15	9.5
1973-10-13	0	2.4	19	7
1973-10-14	0.5	1.7	16	10
1973-10-15	0	3.4	18.5	7.5
1973-10-16	0	2.6	18	6
1973-10-17	0	4	15.5	5
1973-10-18	0	3.5	16.5	4
1973-10-19	0	2.4	16.5	5
1973-10-20	7.5	1.8	17	5.5
1973-10-21	7.2	1.5	17.5	5
1973-10-22	0	2.4	14.5	7
1973-10-23	0	2.1	19	4
1973-10-24	1.8	2.6	17.5	5
1973-10-25	1	2.3	19	6
1973-10-26	0	2.1	19	5
1973-10-27	10.7	3	19	5.5
1973-10-28	0	3.1	16.5	6
1973-10-29	0	1.4	18	3.5
1973-10-30	0	2.5	17	4.5
1973-10-31	0	1.5	20	6
1973-11-01	16.7	4	19	5.5
1973-11-02	0	2.7	20.5	5.5
1973-11-03	0	3.3	21	7
1973-11-04	0	2.8	21	6.5
1973-11-05	0	4.9	20	5.5
1973-11-06	0	4.5	19	2.5
1973-11-07	0	4.8	21	2
1973-11-08	0	5.1	20.5	3.5
1973-11-09	0	4.9	17.5	3
1973-11-10	0	2.2	14	2
1973-11-11	0	2.8	13.5	2
1973-11-12	0	1.1	13	6
1973-11-13	0.8	2.3	15.5	5
1973-11-14	0	2.5	17.5	4.5
1973-11-15	0	5.9	18.5	2.5
1973-11-16	0	3.1	18	1.5
1973-11-17	0	3	17.5	6.5
1973-11-18	0	3.1	17	4
1973-11-19	0	3.4	20	4.5
1973-11-20	0	4.7	21	3.5
1973-11-21	0	4.8	21.5	3.5
1973-11-22	0	4.5	20.5	4
1973-11-23	0	4	19.5	3
1973-11-24	0	2.1	19	4.5
1973-11-25	0.7	2	18	3.5
1973-11-26	0	2.1	16.5	4.5
1973-11-27	2.2	1.9	18	6.5
1973-11-28	2.5	3.1	13.5	3.5
1973-11-29	0	2.7	13.5	1.5
1973-11-30	0	2.1	12.5	-1
1973-12-01	0	2.2	15	0.5
1973-12-02	0	0.9	17	2
1973-12-03	0	4.5	20	4.5
1973-12-04	0	4.4	19.5	3.5
1973-12-05	0	3.7	19	1.5
1973-12-06	0	2.2	16.5	3
1973-12-07	0	0.6	9	1
1973-12-08	0	3	16	3.5
1973-12-09	0	2.8	15.5	1
1973-12-10	0.6	0.8	8.5	1
1973-12-11	0	3	15.5	-1.5
1973-12-12	0	2.1	10	1
1973-12-13	0	5.6	17	2
1973-12-14	0	4.5	18.5	2.5
1973-12-15	0	4	17.5	2.5
1973-12-16	0	3.6	15.5	0
1973-12-17	0	3.3	16	-4
1973-12-18	0	2.3	15.5	1
1973-12-19	0	4.6	15	2
1973-12-20	0	2.9	15.5	0.5
1973-12-21	0	3.7	14.5	-2.5
1973-12-22	0	3.8	16	0.5
1973-12-23	0	4.1	16.5	2
1973-12-24	0	1.8	16.5	2
1973-12-25	0	2.8	15	1
1973-12-26	0	3.4	15.5	0.5
1973-12-27	1.1	2.5	18	1
1973-12-28	0	2.9	16.5	2
1973-12-29	0.5	2.3	16	3
1973-12-30	0	3.7	18	3.5
1973-12-31	0	3.5	16.5	3.5
1974-01-01	2	2.3	15	4
1974-01-02	0	2	17.5	2.5
1974-01-03	0	4.3	17	2
1974-01-04	0	2.7	18	2.5
1974-01-05	0	3.3	19.5	3
1974-01-06	2.5	3.7	17.5	4.5
1974-01-07	0	3.2	18	3
1974-01-08	0	4	19	3
1974-01-09	0	3.6	20	3
1974-01-10	0	3.4	20	3.5
1974-01-11	0	3	19	5.5
1974-01-12	0	2.1	15	4.5
1974-01-13	0	4.2	17.5	6
1974-01-14	0	3.6	18	3
1974-01-15	0	3.7	17.5	3
1974-01-16	0	3.5	17.5	1
1974-01-17	0	3.8	18	2.5
1974-01-18	0	3.3	18	2
1974-01-19	0	3.6	19	3
1974-01-20	0	3.2	18.5	3
1974-01-21	0	5.1	19	2.5
1974-01-22	0	4.6	20	3.5
1974-01-23	0	4.2	19.5	4
1974-01-24	0	3.9	16	3
1974-01-25	0	3	17	2.5
1974-01-26	0	2.7	17	2
1974-01-27	0	3.1	19.5	4.5
1974-01-28	0	5	18.5	4
1974-01-29	0	4.1	20.5	3
1974-01-30	0	5	20	3.5
1974-01-31	0	4.9	19	5
1974-02-01	0	3.1	19	4
1974-02-02	0	4.9	19	5.5
1974-02-03	0.5	4.2	21	5
1974-02-04	3.5	3.5	15	6
1974-02-05	0	2.2	17	2.5
1974-02-06	0	3.5	20	3
1974-02-07	0	5	20.5	5
1974-02-08	0	3.5	18	3
1974-02-09	0	2.2	16	2
1974-02-10	0	4.4	17.5	1
1974-02-11	0	5.2	18	2
1974-02-12	0	4.9	19	2
1974-02-13	0	5.4	19.5	3.5
1974-02-14	0	6.2	20.5	5.5
1974-02-15	0	2.4	22	7
1974-02-16	0	4.6	21.5	4
1974-02-17	0	4.9	21.5	5.5
1974-02-18	0	4.4	22	5
1974-02-19	0	4.6	20.5	6
1974-02-20	0	5.2	21	4
1974-02-21	0	5.8	23	2
1974-02-22	0	3.7	19	3
1974-02-23	0	4.7	21.5	5
1974-02-24	0.5	5.4	17	5.5
1974-02-25	0	2.6	15	0.5
1974-02-26	0	3.8	17.5	-3
1974-02-27	0	6.5	19	2
1974-02-28	0	5.4	17.5	1
1974-03-01	0	6.3	18.5	1
1974-03-02	0	7.3	21	0.5
1974-03-03	0	6.7	18.5	5
1974-03-04	0	6.8	23	5.5
1974-03-05	0	7.2	24	6
1974-03-06	0	6.3	22	5
1974-03-07	0	5.2	23	4
1974-03-08	9	5.6	22	5.5
1974-03-09	2	5.1	22	5
1974-03-10	39	5.3	17.5	6.5
1974-03-11	0	2.8	15.5	5
1974-03-12	10	4.4	17	3
1974-03-13	1	3.7	17	3
1974-03-14	0	3.5	18	4
1974-03-15	0	3.3	16	4
1974-03-16	2.2	2.7	14	2.5
1974-03-17	12.3	2.5	13	3
1974-03-18	0	2.2	14	5
1974-03-19	0	4.1	19	4.5
1974-03-20	0	6.3	22	6
1974-03-21	0	5.3	23	6.5
1974-03-22	0	9.1	22.5	8
1974-03-23	0	9	22.5	8
1974-03-24	0	7.1	23	9
1974-03-25	0	7.3	21	5
1974-03-26	0	4.1	20.5	6
1974-03-27	0	4.8	22	6.5
1974-03-28	0	7.4	23	7
1974-03-29	0	7.5	22.5	6
1974-03-30	0	6.7	23	6
1974-03-31	5.4	10.6	22	6.5
1974-04-01	3	6.2	22	6.5
1974-04-02	0	4.4	18.5	6
1974-04-03	0	5.9	22	6
1974-04-04	0	4.5	22.5	7
1974-04-05	0	2.7	17.5	5
1974-04-06	0	4.6	20	1
1974-04-07	0	7.4	20.5	6
1974-04-08	0	7.1	21	7
1974-04-09	0.4	4.9	19	3
1974-04-10	0	5.9	19	5
1974-04-11	0	5.7	21	6.5
1974-04-12	0	5.2	23.5	5
1974-04-13	0	4.5	26.5	7
1974-04-14	0	3.9	22	7
1974-04-15	3.5	5.6	21.5	7.5
1974-04-16	11	3.5	21	7
1974-04-17	3	3.9	19	5.5
1974-04-18	0	4.2	19	8
1974-04-19	4.5	4.5	20	7.5
1974-04-20	1	4.8	21.5	7
1974-04-21	0	5.2	24	8
1974-04-22	0	4.4	24.5	8
1974-04-23	0	7.4	23	4.5
1974-04-24	0	6.2	21.5	2.5
1974-04-25	0	6.9	21	2
1974-04-26	0	4.8	21	6.5
1974-04-27	0	6.3	21.5	5.5
1974-04-28	0	3.4	20	5.5
1974-04-29	4	4.3	21	6
1974-04-30	4	4.2	19.5	7
1974-05-01	2	2.3	18	6
1974-05-02	4.5	2.2	21.5	6
1974-05-03	0	5.1	21	6.5
1974-05-04	0	6.2	21	8
1974-05-05	0	5.2	20	6.5
1974-05-06	2.9	2.5	22.5	6
1974-05-07	0	7.1	23	6.5
1974-05-08	2.9	8.8	24.5	7
1974-05-09	0	7.9	25	10
1974-05-10	0	10.1	26	10
1974-05-11	0	9.3	25.5	12
1974-05-12	3.3	9.1	25	9.5
1974-05-13	0	4.9	24	6.5
1974-05-14	0	5	25.5	7.5
1974-05-15	0	5.7	25	7
1974-05-16	0	7.3	25	8
1974-05-17	0	5.5	22	8.5
1974-05-18	0	6.4	21	6
1974-05-19	0	3.9	19.5	2
1974-05-20	0	7.4	23	5
1974-05-21	0	6.7	23	6.5
1974-05-22	0	6.5	21.5	4.5
1974-05-23	0	6	20	3.5
1974-05-24	14.3	4.6	20	4.5
1974-05-25	0.8	2.3	17	7.5
1974-05-26	4.5	1.9	17	9.5
1974-05-27	1.4	3.3	18	9
1974-05-28	3	2.6	18.5	7.5
1974-05-29	3.6	1.6	17	8
1974-05-30	2.2	4.9	21.5	7
1974-05-31	0	5.2	21	9
1974-06-01	1	3	20	10
1974-06-02	0	3.1	21	7
1974-06-03	0	6.4	21.5	7
1974-06-04	0	5	22.5	5.5
1974-06-05	0	5	23	7
1974-06-06	10.4	6.1	24	9
1974-06-07	0	5.4	21	9
1974-06-08	0	5.5	22.5	8
1974-06-09	0.4	4.8	23.5	7.5
1974-06-10	0	4.3	21	9
1974-06-11	9.4	5.7	19	9
1974-06-12	0	5.7	20	7
1974-06-13	32	5.2	20	8
1974-06-14	13.2	2.5	19	8.5
1974-06-15	3.5	5	15.5	8
1974-06-16	25.5	2.3	13	9
1974-06-17	1.7	3.4	13.5	8.5
1974-06-18	11	0.5	15	9
1974-06-19	23.8	3	16.5	8.5
1974-06-20	12.4	3.8	15.5	9.5
1974-06-21	1	1.2	15	9.5
1974-06-22	0.8	1.6	16	7
1974-06-23	28	3.8	17	9
1974-06-24	0	3.1	16	8
1974-06-25	0	2.8	15	6
1974-06-26	0	4.1	16	6.5
1974-06-27	0	5.4	17	4.5
1974-06-28	0	4.1	17.5	7.5
1974-06-29	8	2.5	18.5	9.5
1974-06-30	13	2.9	16.5	9.5
1974-07-01	17.8	4	17	8.5
1974-07-02	6.5	2.2	18	9
1974-07-03	32	3.2	16	7
1974-07-04	13.8	3.6	17.5	8.5
1974-07-05	19.8	1.6	13	10
1974-07-06	7.5	1.7	13.5	9.5
1974-07-07	0	2.1	16.5	7
1974-07-08	7.5	4	16.5	8
1974-07-09	12.7	3.7	15	6
1974-07-10	1	1.6	15	4
1974-07-11	9.6	3	15.5	6
1974-07-12	27.5	4.8	16	6.5
1974-07-13	1	1.9	12.5	5.5
1974-07-14	0	3.8	16	2
1974-07-15	3	1.8	16	6
1974-07-16	7	3.3	17	5.5
1974-07-17	8	2.3	16.5	7.5
1974-07-18	2.5	2	14	7.5
1974-07-19	5	3.4	17	3
1974-07-20	0	6	17	4
1974-07-21	16	5.8	19	6
1974-07-22	0	3.2	18.5	5
1974-07-23	0	5.6	19	5
1974-07-24	6.5	5.4	20	8
1974-07-25	9.6	6.3	11	7
1974-07-26	0	4.6	19.5	8.5
1974-07-27	0	4.2	20	7.5
1974-07-28	0	6.6	18.5	5.5
1974-07-29	1.4	2.8	19	5.5
1974-07-30	0	2.3	17	6.5
1974-07-31	0	4.1	18.5	7
1974-08-01	0	2.7	19.5	6
1974-08-02	1.6	2.4	19	8
1974-08-03	3.8	4.1	18.5	6
1974-08-04	0	5.6	18	4
1974-08-05	1	3.1	18.5	5.5
1974-08-06	0	5	20	6
1974-08-07	0	2.7	19	6
1974-08-08	0	3.8	20	7
1974-08-09	7	3.6	19.5	8
1974-08-10	0	5.8	20	4
1974-08-11	11.5	4.1	20	6
1974-08-12	5	5.4	18	5
1974-08-13	2.8	6.6	19	4.5
1974-08-14	0	5.3	19	6
1974-08-15	2.2	6.2	20	6
1974-08-16	7	4.2	19	6.5
1974-08-17	26.3	5.4	18	6
1974-08-18	0	4.3	17.5	8
1974-08-19	0	5.5	18	6
1974-08-20	0	5.1	19	6
1974-08-21	0	4.7	19.5	6
1974-08-22	0	3.2	18	6
1974-08-23	0	5.4	18.5	4
1974-08-24	3.5	3.7	19	5
1974-08-25	0	2.7	16	5
1974-08-26	6.4	3.6	19.5	8
1974-08-27	0	4.9	19.5	7.5
1974-08-28	0	3.4	20	7
1974-08-29	0	3.6	19.5	9
1974-08-30	0	3.7	18.5	8.5
1974-08-31	0	4.3	18	7
1974-09-01	2	5	20	6.5
1974-09-02	0	4.1	20	5
1974-09-03	0	4.2	20	4.5
1974-09-04	0	3.5	16.5	5
1974-09-05	0	3.7	19	9
1974-09-06	0	5.7	20	4
1974-09-07	0	6.4	19.5	3
1974-09-08	0	5.8	19	3
1974-09-09	0	4.9	20.5	2
1974-09-10	2.5	1.5	11	3
1974-09-11	2.4	0.7	15.5	8.5
1974-09-12	0.5	2.5	19	9.5
1974-09-13	0	4.3	20	6
1974-09-14	0	4.7	18.5	5
1974-09-15	0.7	1	15	8
1974-09-16	0	2.7	20	7
1974-09-17	0	3.9	19.5	6
1974-09-18	0	4.9	17.5	7
1974-09-19	0	4.4	17.5	7
1974-09-20	42.5	5.3	15	8
1974-09-21	21.6	3	13	10
1974-09-22	8.4	2.2	16	10
1974-09-23	4.5	1.4	17	10
1974-09-24	0	3.2	19.5	10
1974-09-25	3	4.6	19	8
1974-09-26	30	3.2	19	10
1974-09-27	2.6	2.1	18.5	10
1974-09-28	0.9	3	19.5	7
1974-09-29	2.8	2.3	17	9
1974-09-30	1	2.4	12	8
1974-10-01	0	2.7	13.5	7
1974-10-02	0	2.8	14	6.5
1974-10-03	0	2.7	13	3
1974-10-04	0	4.3	15.5	1.5
1974-10-05	0	3	17	2
1974-10-06	0	5.7	18	-1
1974-10-07	0	3	13	3.5
1974-10-08	0	2.2	15	5
1974-10-09	0	2.9	15	-0.5
1974-10-10	0	5.1	17	2
1974-10-11	0	3.7	19	2
1974-10-12	0	4.7	20	5.5
1974-10-13	2	2.8	19.5	6
1974-10-14	0	5.2	21	7
1974-10-15	0	3.8	16	4.5
1974-10-16	28	2.8	16.5	4.5
1974-10-17	4.5	1.6	15	6
1974-10-18	10.8	2.3	14	7
1974-10-19	35	4.8	17	7
1974-10-20	0.5	3.1	16.5	4.5
1974-10-21	0	2.8	17	2
1974-10-22	0	4.3	17.5	3.5
1974-10-23	0	3	17	6
1974-10-24	0	3.8	16	6.5
1974-10-25	0	4.2	18.5	2.5
1974-10-26	0	3.8	17	7
1974-10-27	0	2.9	19.5	4
1974-10-28	0.6	3.4	19	5
1974-10-29	9.5	3.8	20.5	5.5
1974-10-30	0	3.1	20	6.5
1974-10-31	0	3.9	20	7
1974-11-01	0	2.7	20	5
1974-11-02	0	3.7	18.5	5.5
1974-11-03	0	5.2	21.5	6.5
1974-11-04	0	3.4	20.5	4.5
1974-11-05	0	3.1	20	4
1974-11-06	0	3.4	20	5
1974-11-07	0	4.4	18.5	3
1974-11-08	0	3.1	18	4.5
1974-11-09	0	4.6	19.5	5.5
1974-11-10	0	3.5	19	6
1974-11-11	0	1.6	11.5	3
1974-11-12	0	1.5	8	1.5
1974-11-13	0	2.2	15	0.5
1974-11-14	0	4.5	13	3
1974-11-15	0	1.8	17	1
1974-11-16	1	2.9	17.5	2
1974-11-17	0	3	20.5	3.5
1974-11-18	0	2.6	20.5	4
1974-11-19	0	2.9	20.5	4.5
1974-11-20	0.5	4.4	19	3
1974-11-21	0.4	3.7	15	6.5
1974-11-22	3.5	2	17	3.5
1974-11-23	0	3.3	18	4
1974-11-24	0	2.7	17	3.5
1974-11-25	0	1.3	7	1.5
1974-11-26	0	3.9	15	-2
1974-11-27	0	4.2	15.5	-2.5
1974-11-28	0	3.7	19.5	0
1974-11-29	0	4.1	19	3.5
1974-11-30	0	4.2	20	2.5
1974-12-01	0	3	20.5	4
1974-12-02	0	3.9	18	3
1974-12-03	0	2	17	2.5
1974-12-04	0	1.3	19	3.5
1974-12-05	0	3.5	17.5	5.5
1974-12-06	0	3.2	20.5	5
1974-12-07	0	2.8	20.5	4
1974-12-08	0	2.4	19	2.5
1974-12-09	0	3.1	16.5	5
1974-12-10	0	3.7	16.5	3
1974-12-11	0	2.7	16	3
1974-12-12	0	3.4	17	3
1974-12-13	0	3.4	17.5	1.5
1974-12-14	0	3.2	20	2.5
1974-12-15	0	4.7	20	3.5
1974-12-16	0	3.8	17.5	5
1974-12-17	0	2.4	16	4.5
1974-12-18	0	3.1	18	5
1974-12-19	0	2.9	18	2
1974-12-20	0	1.2	14.5	3
1974-12-21	0	1.3	12	2.5
1974-12-22	0	2.2	18	3
1974-12-23	0	3.2	20	3
1974-12-24	0	3.9	20	5
1974-12-25	0	3.6	20	3.5
1974-12-26	0	2.8	17	5
1974-12-27	0	3	17	5
1974-12-28	0	3	20.5	3.5
1974-12-29	0	4.1	22.5	3.5
1974-12-30	0	4.3	21.5	3.5
1974-12-31	0	4.7	21	6
1975-01-01	0	4.2	19	6
1975-01-02	0	2.6	18.5	1.5
1975-01-03	0	4.2	18.5	1.5
1975-01-04	0	2.7	18	1.5
1975-01-05	0	2.8	16.5	3
1975-01-06	0	3.2	16.5	2
1975-01-07	0	2.2	15	5
1975-01-08	0	2.7	14.5	6
1975-01-09	0	5.7	17	2.5
1975-01-10	0	3.6	18	6
1975-01-11	0	3.6	18	1.5
1975-01-12	0	3	18.5	4
1975-01-13	0	4.2	17	-0.5
1975-01-14	0	4.7	17	0
1975-01-15	0	4.9	18.5	-2.5
1975-01-16	0	3.5	18.5	1
1975-01-17	0	3	16	-1
1975-01-18	0.5	0.9	17.5	3
1975-01-19	0.5	3.1	16	2.5
1975-01-20	6	1.1	9	3
1975-01-21	9.3	1.2	9	3.5
1975-01-22	0	1.4	13	4
1975-01-23	0	2	13	4
1975-01-24	0	2.3	16	4
1975-01-25	0	3.1	16.5	4
1975-01-26	0	4.3	18.5	4
1975-01-27	0	2.4	18.5	4
1975-01-28	0	3.1	20	4
1975-01-29	0	2.9	18.5	4.5
1975-01-30	0	2.9	18	3.5
1975-01-31	13.5	3.6	18.5	3.5
1975-02-01	2	2.6	18.5	5.5
1975-02-02	2.7	2.2	16	5.5
1975-02-03	0	2.5	17.5	6.5
1975-02-04	4.8	3.2	18	7
1975-02-05	0	3.4	17.5	4.5
1975-02-06	0	3.5	19	3.5
1975-02-07	0	2.8	18	5
1975-02-08	0	4.3	17	1.5
1975-02-09	0	4.9	17.5	3
1975-02-10	0	5.9	18.5	2
1975-02-11	0	5.7	18.5	5
1975-02-12	0	4.2	18.5	1.5
1975-02-13	0	3.8	19	-1
1975-02-14	0	4.9	18.5	3
1975-02-15	0	4.7	18	3
1975-02-16	0	4.8	21.5	1.5
1975-02-17	0	5.2	22	1.5
1975-02-18	0	5.6	23	1.5
1975-02-19	0	6.2	22.5	4
1975-02-20	0	6.8	20.5	2.5
1975-02-21	0	6.2	19	2.5
1975-02-22	0	6.7	20	6
1975-02-23	0	6.2	20	5
1975-02-24	0	5.6	17	1
1975-02-25	0	5	19	0
1975-02-26	0	6.1	19.5	5
1975-02-27	0	5.2	20	5
1975-02-28	0	5.6	20.5	5.5
1975-03-01	0	5.1	20	4.5
1975-03-02	0	6.5	21	5.5
1975-03-03	0	5.1	21	5.5
1975-03-04	0	5.6	20.5	6
1975-03-05	0	5.4	20.5	3
1975-03-06	0	5.3	20.5	5
1975-03-07	0	7.3	21	6.5
1975-03-08	0	6.8	22	2.5
1975-03-09	0	6.1	21.5	6
1975-03-10	3.5	5.9	24	7.5
1975-03-11	0	6.6	21	5.5
1975-03-12	0	5.8	23	5
1975-03-13	0	6.2	23.5	4
1975-03-14	0	5.9	23	4
1975-03-15	0	7.4	24	5
1975-03-16	0	6.2	25	9
1975-03-17	0	6.1	24	6
1975-03-18	0	8.2	24	6
1975-03-19	6.3	6	23.5	7
1975-03-20	0	5.7	22.5	7.5
1975-03-21	0	5.7	24	7.5
1975-03-22	0	6.3	26	11
1975-03-23	0	7.6	24	7.5
1975-03-24	0	5.9	24	7
1975-03-25	0	4.7	23	6
1975-03-26	0	5	22.5	6.5
1975-03-27	0	5.7	24	6
1975-03-28	0	5.2	25	5.5
1975-03-29	0	7.2	26	7
1975-03-30	0	6.1	24	7
1975-03-31	0	6.3	24	10.5
1975-04-01	0	5.6	25	8.5
1975-04-02	0	4.3	26.5	8
1975-04-03	0	4.8	21	2.5
1975-04-04	0	4.9	20	7.5
1975-04-05	0	5.5	26	7.5
1975-04-06	2	5.9	25	7
1975-04-07	0	4.5	22	7.5
1975-04-08	0	7	23	5.5
1975-04-09	0	8.2	24	7
1975-04-10	0	9.5	23.5	9.5
1975-04-11	0	5.9	20	10
1975-04-12	1.5	7.5	23	7
1975-04-13	0	5.2	22.5	6.5
1975-04-14	0	5.2	25	7.5
1975-04-15	0	6.1	23	6.5
1975-04-16	0	5.5	25.5	6
1975-04-17	0	5.4	26	7.5
1975-04-18	0	6.5	26.5	7.5
1975-04-19	0	4.9	24	10
1975-04-20	0	5.9	26	6
1975-04-21	0	3.8	24.5	7.5
1975-04-22	0	4.2	23.5	3
1975-04-23	0	7.7	25	5
1975-04-24	0	7.4	27	9
1975-04-25	0	6.4	26	9
1975-04-26	4	6.7	25	7.5
1975-04-27	0	3.5	22	7
1975-04-28	0	2.8	22	8
1975-04-29	0	4.8	20	7
1975-04-30	2.6	6.7	23.5	7.5
1975-05-01	0	5.5	24.5	9
1975-05-02	0	3.7	23.5	9
1975-05-03	3	4.5	24	9
1975-05-04	0	5	23	9
1975-05-05	0	5	24	10
1975-05-06	2.4	4.6	22.5	9.5
1975-05-07	0	4	24	10
1975-05-08	1.5	3.4	22	9
1975-05-09	2.5	4.5	25	7.5
1975-05-10	0	5.1	23	8
1975-05-11	0	2.5	18.5	8
1975-05-12	8.5	5.7	19	8
1975-05-13	0	5.6	20.5	5
1975-05-14	0	6	20	6.5
1975-05-15	3	4.2	20.5	6.5
1975-05-16	0	3.1	21.5	7.5
1975-05-17	4.7	6.3	22	6
1975-05-18	0	4.5	21	6.5
1975-05-19	0	5.6	20.5	6.5
1975-05-20	2	3.3	17.5	9.5
1975-05-21	0	3.7	21	7.5
1975-05-22	17	4.1	23	7
1975-05-23	38	4.7	19.5	10
1975-05-24	0	3.4	20	8.5
1975-05-25	0	3.1	18	10
1975-05-26	1.3	3.2	19	7.5
1975-05-27	1.8	3.4	17	6.5
1975-05-28	19	3.8	17.5	9
1975-05-29	13	2.5	16.5	9
1975-05-30	20	5	19	9
1975-05-31	4.6	2.2	15	8
1975-06-01	0	2.8	15.5	9
1975-06-02	0	3.9	14.5	7.5
1975-06-03	8	2.9	15	8.5
1975-06-04	9.3	2.2	16	9
1975-06-05	0.5	4.7	18.5	8.5
1975-06-06	9.8	4.1	20	8
1975-06-07	3.6	4.5	21	9
1975-06-08	1	3.1	20	9.5
1975-06-09	43.4	4.4	19.5	10
1975-06-10	26.8	5	20	7.5
1975-06-11	0	4.9	19	9.5
1975-06-12	0	2.4	21	8.5
1975-06-13	0	5.5	19	9
1975-06-14	0	4.6	20	7.5
1975-06-15	0	4.7	20.5	8.5
1975-06-16	2	3	20.5	7.5
1975-06-17	0	4.1	20.5	7
1975-06-18	15.5	4.2	21	6.5
1975-06-19	0	3.7	19	8.5
1975-06-20	6	3.1	15	8.5
1975-06-21	3	2.5	15.5	8
1975-06-22	1	2.1	16	7.5
1975-06-23	2.4	1.1	15.5	9
1975-06-24	3	3.2	17	7
1975-06-25	0.7	3.2	18	4
1975-06-26	10	1.9	15.5	8
1975-06-27	6	2	15.5	7.5
1975-06-28	5.7	4.8	17.5	6
1975-06-29	0.5	4.1	18	7
1975-06-30	3	4.5	17.5	6
1975-07-01	0.5	4.7	18	4
1975-07-02	3.5	4.2	17	6
1975-07-03	0	3.5	17	6
1975-07-04	6.4	4.2	16	5.5
1975-07-05	6.4	2.9	16	6.5
1975-07-06	0	3.9	17	5
1975-07-07	0	3.2	16	7
1975-07-08	9	3.5	18	8
1975-07-09	0	3.4	15.5	8
1975-07-10	0	3.7	17.5	5.5
1975-07-11	38.7	4.3	15.5	8
1975-07-12	1.8	1.7	16	8
1975-07-13	0	2.9	17	7.5
1975-07-14	0	2.3	16	8
1975-07-15	5	1.8	14.5	9
1975-07-16	14.3	4.1	16	8.5
1975-07-17	3	3.2	17	7
1975-07-18	6	3.6	18	6
1975-07-19	12.3	3.3	17	7.5
1975-07-20	0	3.8	18	5.5
1975-07-21	0	2.3	17	6.5
1975-07-22	5	4.1	18.5	6
1975-07-23	10	4.7	19	6
1975-07-24	6.3	3.4	18	5.5
1975-07-25	0	4.2	17.5	5
1975-07-26	25	4.8	17.5	7
1975-07-27	1.5	3.8	16	9
1975-07-28	0	3.1	18.5	4.5
1975-07-29	0	3	18	7
1975-07-30	1	2.2	18	6.5
1975-07-31	1.7	3.5	17.5	5.5
1975-08-01	0	4.8	20	6.5
1975-08-02	0	5.8	19	8
1975-08-03	28.4	6.1	19	6
1975-08-04	0	3.7	18.5	9
1975-08-05	7	2.6	17	7.5
1975-08-06	2	3.1	17.5	9
1975-08-07	0	3	17.5	7
1975-08-08	0	5.6	19	5.5
1975-08-09	0	3.3	19.5	8
1975-08-10	5.6	3.9	18.5	6.5
1975-08-11	7	3	18	6.5
1975-08-12	1.8	4.4	19	6.5
1975-08-13	5.6	4.8	19.5	7
1975-08-14	0	3.4	18.5	7
1975-08-15	0	4	18.5	5.5
1975-08-16	0	3.6	19.5	5.5
1975-08-17	1.4	3.8	19	5
1975-08-18	13.4	3	17.5	7
1975-08-19	8.6	3.5	17.5	6
1975-08-20	0	3.8	17	6
1975-08-21	0	3.2	16	5.5
1975-08-22	6.5	4.6	17.5	7
1975-08-23	0	2.7	17.5	5
1975-08-24	12	5.6	19	5.5
1975-08-25	0.8	3	18	9
1975-08-26	6	4.7	19	6.5
1975-08-27	0	4	17	8
1975-08-28	0	3.7	18	4
1975-08-29	5.7	3.6	17.5	6
1975-08-30	6	3.3	19	6.5
1975-08-31	14.7	3.4	18	6
1975-09-01	0	1.3	16	7
1975-09-02	0.8	2.6	16	7
1975-09-03	0	2.2	16	6
1975-09-04	1.8	1.7	17	5
1975-09-05	0	2.1	19	7
1975-09-06	0	3.2	17	5.5
1975-09-07	0	1.6	17	6
1975-09-08	0.5	3.9	18	8.5
1975-09-09	15.5	2.3	15	8.5
1975-09-10	3.4	1.8	15	10
1975-09-11	0	1.8	16	10
1975-09-12	0	1.2	16	10
1975-09-13	2.3	1.7	15	8
1975-09-14	0	1.5	14.5	6
1975-09-15	1.5	2.9	16.5	7.5
1975-09-16	2	1.5	16	8
1975-09-17	0	1.7	15.5	9.5
1975-09-18	0	1.9	20	7
1975-09-19	0	4.7	19	5
1975-09-20	0	2.2	17	4
1975-09-21	0	1.9	17	5.5
1975-09-22	0	2.7	13.5	5
1975-09-23	0	2.8	16	6.5
1975-09-24	0	3.5	15	0
1975-09-25	0	4.9	15.5	-3
1975-09-26	0	2.2	18.5	1
1975-09-27	0	5.4	18	-1
1975-09-28	0	4.4	19	1.5
1975-09-29	0	4.7	20	1
1975-09-30	0	4.6	21	1
1975-10-01	0	4.8	20	3.5
1975-10-02	1.5	2.2	13	6.5
1975-10-03	0	1.5	13	6.5
1975-10-04	0	2.2	14.5	6
1975-10-05	0	2.7	15.5	6.5
1975-10-06	2	2.3	15	7
1975-10-07	4.7	2.3	18	7.5
1975-10-08	0	2.9	18	8
1975-10-09	0	1.1	16	6
1975-10-10	0.7	1.9	14.5	7
1975-10-11	0	2.4	15	8
1975-10-12	0	0.8	13.5	3
1975-10-13	1.4	1.8	17	7
1975-10-14	15	3.8	20	5
1975-10-15	0	2.7	20	6
1975-10-16	0	2.7	20	5
1975-10-17	0	2.3	18.5	6
1975-10-18	0	1.4	15	6
1975-10-19	0	3.6	19.5	1.5
1975-10-20	0	5.4	21	0
1975-10-21	0	4.7	21.5	1
1975-10-22	0	4.6	22	5
1975-10-23	0	3.9	22.5	4
1975-10-24	0	3.5	21.5	4
1975-10-25	0	3.8	23	5.5
1975-10-26	0	1	21	8.5
1975-10-27	1	1.6	20.5	6
1975-10-28	0	3.8	19.5	5
1975-10-29	1.2	3.6	14	3
1975-10-30	0	3.7	13	5
1975-10-31	0	3.2	19.5	6
1975-11-01	0	1.5	19.5	4.5
1975-11-02	0	4.7	20	5
1975-11-03	0	2.8	17	3.5
1975-11-04	0	3.2	17.5	3.5
1975-11-05	0	3	17.5	4.5
1975-11-06	0	4.1	20.5	7
1975-11-07	0	3.2	20	3
1975-11-08	0	3.9	20	3
1975-11-09	0	4.9	20.5	4
1975-11-10	0	4.9	18.5	4
1975-11-11	0	3.3	20.5	-1
1975-11-12	0	4.1	17	1
1975-11-13	0	2.7	15.5	-0.5
1975-11-14	0	3.7	18	-1
1975-11-15	0	3.6	19	0.5
1975-11-16	0	4.2	19	2
1975-11-17	0	4	20	1
1975-11-18	0	4.7	20	1
1975-11-19	0	3	19.5	3.5
1975-11-20	0	3	20.5	1.5
1975-11-21	0	3	18.5	1
1975-11-22	0	1.3	17	4
1975-11-23	0	1.2	18.5	3
1975-11-24	0	3.7	18.5	2.5
1975-11-25	0	1.3	18.5	2
1975-11-26	0	3.9	20	2.5
1975-11-27	0	1.3	20	2.5
1975-11-28	0	3.5	19.5	4
1975-11-29	0	1.2	19	5.5
1975-11-30	0	4.7	19	6
1975-12-01	0	2.3	20.5	6.5
1975-12-02	0	5.7	19	4
1975-12-03	0	3.1	19.5	2
1975-12-04	0	3.9	20	-0.5
1975-12-05	0	3.2	19.5	0.5
1975-12-06	0	5.6	17	3
1975-12-07	0	3	15.5	0.5
1975-12-08	0	1.5	16.5	-0.5
1975-12-09	0	2.2	14.5	0
1975-12-10	0	3.7	16.5	-2
1975-12-11	0	3	17	-0.5
1975-12-12	0	3.3	19	1
1975-12-13	0	3.8	19	-0.5
1975-12-14	0	4.3	20.5	2
1975-12-15	0	4.2	20.5	3
1975-12-16	0	3.9	20	2.5
1975-12-17	0	4.2	20	3.5
1975-12-18	0	1.4	12	2.5
1975-12-19	0	2.7	13	1
1975-12-20	0	1.8	16	1.5
1975-12-21	0	2.1	15.5	3
1975-12-22	0	4.1	17.5	3
1975-12-23	0	3.7	19	2
1975-12-24	0	3.5	19	2.5
1975-12-25	0	4.6	17.5	0.5
1975-12-26	0	2.4	17	-2.5
1975-12-27	0	4.6	15.5	-3
1975-12-28	0	4.1	16.5	-2.5
1975-12-29	0	4.8	17.5	-4
1975-12-30	0	4.9	16	-3
1975-12-31	0	4.9	18.5	-1.5
1976-01-01	0	2.1	20	-2
1976-01-02	0	3	20	0.5
1976-01-03	0	2.7	20	2
1976-01-04	0	4.4	18.5	0.5
1976-01-05	0	3.1	19	1
1976-01-06	0	2.3	18.5	2
1976-01-07	0	4.3	19.5	3
1976-01-08	0	2.7	17	1
1976-01-09	0	2.7	16	-1.5
1976-01-10	0	4.2	18	-2
1976-01-11	0	4.7	18.5	2
1976-01-12	0	3.9	18.5	2.5
1976-01-13	0	2.5	18	1.5
1976-01-14	0	5.7	18	1
1976-01-15	0	1.8	14.5	4.5
1976-01-16	0	3	15.5	2
1976-01-17	1	0.3	4	1.5
1976-01-18	0	2.8	14.5	-4
1976-01-19	0	2.7	13.5	-1.5
1976-01-20	0	2	14.5	0
1976-01-21	0	2.3	12.5	0.5
1976-01-22	0	3.8	15	-2.5
1976-01-23	0	2.2	17.5	0.5
1976-01-24	0	4.8	20	3
1976-01-25	0	4	19.5	4
1976-01-26	0	2.9	19	2
1976-01-27	0	2.1	14	2
1976-01-28	0	2.1	18	1.5
1976-01-29	0	4.8	18	1.5
1976-01-30	0	2.9	16	3.5
1976-01-31	0	3.9	15.5	4
1976-02-01	0	2	15.5	0.5
1976-02-02	0.4	2.7	13.5	0
1976-02-03	0	1.7	13.5	0.5
1976-02-04	0	3.1	18	0.5
1976-02-05	0	2.2	18.5	2.5
1976-02-06	0	3.1	18.5	4
1976-02-07	0	1.8	13	4.5
1976-02-08	0	5.2	18.5	1.5
1976-02-09	0	4.8	21	0.5
1976-02-10	0	5.2	22	1.5
1976-02-11	0	6	22.5	2.5
1976-02-12	0	4.1	22.5	0.5
1976-02-13	0	6.8	21.5	3
1976-02-14	0	5.1	19	0.5
1976-02-15	0	4.8	19	0.5
1976-02-16	0	4.1	20	1.5
1976-02-17	0	3.2	22	2.5
1976-02-18	0	2.9	21.5	5.5
1976-02-19	0	4.9	20	3.5
1976-02-20	0	4.7	23.5	5
1976-02-21	0	5.2	23	4
1976-02-22	0	3	18	0
1976-02-23	0	3.3	12.5	-3.5
1976-02-24	0	4.7	16	-3
1976-02-25	0	4.9	20.5	-1
1976-02-26	0	6.7	16	-4
1976-02-27	0	3.2	17	-4
1976-02-28	0	6.7	18	-0.5
1976-02-29	0	5.1	19	2
1976-03-01	0	4.1	20	2.5
1976-03-02	0	4.9	21.5	3
1976-03-03	0	5.1	21.5	3.5
1976-03-04	0	4.8	21.5	3.5
1976-03-05	0	5.9	22.5	3
1976-03-06	0	4.9	21.5	4.5
1976-03-07	0	3.2	21.5	3.5
1976-03-08	0	6.9	23	4
1976-03-09	0	4.2	23.5	5
1976-03-10	0	5.7	23	4.5
1976-03-11	0	4.2	23.5	7.5
1976-03-12	0	4.9	23	7
1976-03-13	0	5.1	23	7
1976-03-14	0	3.9	20	4.5
1976-03-15	0	5.1	22.5	5
1976-03-16	0	6.1	20	6.5
1976-03-17	0	4.9	21.5	3.5
1976-03-18	0	5.1	23.5	4.5
1976-03-19	0.5	4.4	21	8
1976-03-20	0	3.2	23	7
1976-03-21	0	4.9	24	6.5
1976-03-22	0	5.8	22	4
1976-03-23	0	3.2	21.5	2
1976-03-24	0	5.9	21	5.5
1976-03-25	0	4.7	22	5
1976-03-26	0	6.8	24.5	4.5
1976-03-27	0	5	23.5	6
1976-03-28	0	6.9	23.5	5
1976-03-29	0	7.2	24	6.5
1976-03-30	0	5.9	23	9
1976-03-31	26	4.1	17	5.5
1976-04-01	2	1.7	12	4.5
1976-04-02	5.7	2.1	16.5	3.5
1976-04-03	0	4	19.5	4
1976-04-04	6.2	5	18	6.5
1976-04-05	0.7	3.9	17.5	7
1976-04-06	0	5.7	19	4.5
1976-04-07	0	6.2	23	5
1976-04-08	0	4.8	21	5.5
1976-04-09	1.5	2.8	22	4.5
1976-04-10	0	3.8	19	7.5
1976-04-11	9	5	21	8
1976-04-12	1.8	3.5	19	7.5
1976-04-13	0	4.2	20	6
1976-04-14	0	4.1	22	6
1976-04-15	14.5	5.3	19	6.5
1976-04-16	0	2.8	19.5	6.5
1976-04-17	0	5	20	7
1976-04-18	3	4.2	22.5	6
1976-04-19	0	5	21	6.5
1976-04-20	0	4.8	22.5	8.5
1976-04-21	0	6.9	20	7
1976-04-22	0	6.2	22	5.5
1976-04-23	2.5	5.6	20.5	9
1976-04-24	15.5	3.6	19.5	7.5
1976-04-25	0	4.7	17	6
1976-04-26	7	3.1	19	5
1976-04-27	0	2.8	18	7
1976-04-28	0	4	19	6
1976-04-29	0	4.2	22	6.5
1976-04-30	0	5.9	21	6
1976-05-01	0.5	3.7	19	5
1976-05-02	1	3	18.5	4
1976-05-03	0	3.7	19.5	4
1976-05-04	0	2.4	19	7
1976-05-05	0.7	4.7	21	9
1976-05-06	0.3	4.7	21	7
1976-05-07	0	5.1	21.5	7
1976-05-08	23.3	4.3	20.5	6.5
1976-05-09	1.3	2.7	19.5	7
1976-05-10	0	3	18.5	8.5
1976-05-11	0	5.8	19	6.5
1976-05-12	5.8	5.9	21.5	5
1976-05-13	0	4.8	19.5	9
1976-05-14	0	1.6	16.5	8
1976-05-15	0	2.9	20.5	7
1976-05-16	1.3	5.6	22	7.5
1976-05-17	14.7	4.8	20	5
1976-05-18	13	4	18	6.5
1976-05-19	2.8	2.2	17	4
1976-05-20	3.4	5	17.5	5
1976-05-21	0	3.4	18.5	6
1976-05-22	0	4.8	19.5	6
1976-05-23	0	4.3	21.5	6.5
1976-05-24	0	7.3	23.5	10
1976-05-25	0	6.8	24	8.5
1976-05-26	3.2	5	23	10
1976-05-27	23.8	6	21.5	7.5
1976-05-28	0	3.7	19	8
1976-05-29	3.8	3.7	21.5	8.5
1976-05-30	0	5.3	21.5	7.5
1976-05-31	0	4.4	22	10
1976-06-01	1.3	4.3	22	7.5
1976-06-02	0	7.7	20.5	7.5
1976-06-03	0	3.7	20	4.5
1976-06-04	0	4.7	20.5	4
1976-06-05	0	5.5	18.5	4
1976-06-06	0	4	18	4
1976-06-07	0	4	18.5	4
1976-06-08	0	3.8	19.5	7
1976-06-09	0	2.5	19.5	8
1976-06-10	0	5	22.5	7.5
1976-06-11	0	7.3	22.5	7.5
1976-06-12	0	5.6	22.5	5
1976-06-13	0	5.2	20.5	4.5
1976-06-14	0	2.7	21	7.5
1976-06-15	32	5.1	20.5	9
1976-06-16	1.2	3.1	17	8.5
1976-06-17	0	5.6	21	8
1976-06-18	0	4.4	21.5	7.5
1976-06-19	0	6.7	21	5.5
1976-06-20	0	3.4	16.5	6.5
1976-06-21	0	4.6	16.5	8
1976-06-22	0.5	2.4	18	6.5
1976-06-23	8	1.3	17	7
1976-06-24	2.8	2.1	17.5	7.5
1976-06-25	2.9	4.5	18.5	8
1976-06-26	3	3.4	19.5	8.5
1976-06-27	3.8	3.1	14	10.5
1976-06-28	0	2.4	15.5	8
1976-06-29	2	2.3	15.5	9
1976-06-30	1.7	3.3	17.5	8
1976-07-01	5.3	0.6	15.5	10
1976-07-02	6.3	0.9	16	7
1976-07-03	6.6	3.2	17	8.5
1976-07-04	0	2	18.5	10
1976-07-05	4.2	2.4	17.5	8
1976-07-06	24.2	2.9	14.5	9.5
1976-07-07	5.7	2.7	17.5	9.5
1976-07-08	44	0.8	16.5	10
1976-07-09	3.5	0.8	16	10
1976-07-10	7.6	1.6	16.5	10.5
1976-07-11	0.7	2.5	14.5	10
1976-07-12	0	2.3	14.5	9
1976-07-13	0	0.8	16	8.5
1976-07-14	4.5	4.3	19.5	9.5
1976-07-15	12.5	2.7	18.5	9.5
1976-07-16	3.7	5.2	16	9.5
1976-07-17	0	3.2	17.5	7
1976-07-18	0	4.6	17	5.5
1976-07-19	0.5	1.7	17.5	4
1976-07-20	4.5	4.2	18.5	5.5
1976-07-21	27.4	3.5	16.5	8
1976-07-22	0	4.1	17.5	7.5
1976-07-23	0	3.2	17.5	5
1976-07-24	0	4.8	15.5	4
1976-07-25	2.6	2.9	15.5	3
1976-07-26	9.5	3.8	17.5	6.5
1976-07-27	7.3	5.3	18.5	5.5
1976-07-28	0.6	2.4	19.5	8.5
1976-07-29	22	5.5	18.5	5.5
1976-07-30	4.3	2.4	18.5	6
1976-07-31	0.8	3	17.5	6.5
1976-08-01	4.5	4.5	19	4
1976-08-02	0	4.9	18.5	5.5
1976-08-03	0	5.6	18.5	5.5
1976-08-04	0	5.1	19.5	4.5
1976-08-05	0	2.4	19	4
1976-08-06	0.1	2	19.5	6
1976-08-07	6	4	17	7.5
1976-08-08	2.3	3.1	17.5	4
1976-08-09	0	3.8	18.5	6
1976-08-10	0	5.4	17	4.5
1976-08-11	0	3.3	19.5	7
1976-08-12	1.2	3	19.5	5.5
1976-08-13	2.8	5.4	19.5	5
1976-08-14	8	3.2	18.5	6
1976-08-15	2	1.3	17	4.5
1976-08-16	6.8	4.1	18.5	8.5
1976-08-17	3.5	1.6	16.5	9.5
1976-08-18	4.8	1.1	13	8.5
1976-08-19	3.5	0.9	13.5	8
1976-08-20	12.3	1.9	12.5	9.5
1976-08-21	14.8	0.8	15.5	9
1976-08-22	0	2.1	17.5	9
1976-08-23	0	3	17.5	5.5
1976-08-24	3.3	4	18.5	4.5
1976-08-25	0	4.1	18	7
1976-08-26	3.8	3.7	18	5.5
1976-08-27	11.4	1.8	18	7
1976-08-28	3.3	2.4	16.5	9
1976-08-29	0	4.9	17	7.5
1976-08-30	0	2.6	15	6.5
1976-08-31	0	3.2	17.5	6.5
1976-09-01	1	3.6	19.5	5.5
1976-09-02	0	3.5	18	5
1976-09-03	7.4	3	16.5	7.5
1976-09-04	0	5.2	18	6.5
1976-09-05	0	1.4	19.5	4
1976-09-06	0	3.9	19.5	6.5
1976-09-07	0.5	5.2	20	5.5
1976-09-08	0	3.5	19.5	7.5
1976-09-09	0	1.1	15.5	6
1976-09-10	0.7	3.1	13.5	5
1976-09-11	0.5	3.5	16.5	8
1976-09-12	0	2.9	20.5	5.5
1976-09-13	0	5.5	21	5.5
1976-09-14	0.5	2.8	19	6
1976-09-15	0	3.2	19.5	9
1976-09-16	0.5	4	18.5	6
1976-09-17	7.6	1.8	18.5	8.5
1976-09-18	0	4.7	20	6.5
1976-09-19	0	2.9	20.5	8.5
1976-09-20	9	3.3	20	8
1976-09-21	5.8	2.2	18.5	7.5
1976-09-22	3.5	4.1	18.5	9.5
1976-09-23	3.5	2.8	20	6.5
1976-09-24	4	3.4	18	6
1976-09-25	13.3	3.6	19.5	6.5
1976-09-26	10.2	2.5	18.5	7
1976-09-27	13.4	3.7	20.5	7
1976-09-28	0	3	19.5	7.5
1976-09-29	0.4	3.9	18.5	7
1976-09-30	46	3.3	17	9.5
1976-10-01	0	2.8	19.5	9.5
1976-10-02	0	2.2	19.5	6.5
1976-10-03	0	2.5	20	7
1976-10-04	0	2.5	20.5	5.5
1976-10-05	0	3.2	19.5	5.5
1976-10-06	16.5	3.1	15	8.5
1976-10-07	18	1.3	13.5	8.5
1976-10-08	7.2	2.2	18.5	8.5
1976-10-09	0	3.4	13.5	7.5
1976-10-10	18.6	2.1	15	8.5
1976-10-11	2.1	0.3	16.5	7
1976-10-12	6.3	3.8	17	5.5
1976-10-13	7	2.3	16	6.5
1976-10-14	5	2.1	19	7.5
1976-10-15	13.2	3.2	16.5	9
1976-10-16	0	1.1	16.5	6.5
1976-10-17	0	2.4	15.5	7.5
1976-10-18	0	2.4	17	4.5
1976-10-19	0	2.3	18.5	6.5
1976-10-20	0	1.9	13.5	6.5
1976-10-21	0	2.7	17	4
1976-10-22	0	1.5	19	3.5
1976-10-23	0	4.5	20.5	4.5
1976-10-24	0	2.1	21	7
1976-10-25	0.7	4.3	19	7.5
1976-10-26	0	1.1	19.5	9.5
1976-10-27	0	1.2	20.5	7.5
1976-10-28	8.4	3.2	16.5	6.5
1976-10-29	0.8	1.9	19.5	6.5
1976-10-30	0	2.3	20.5	5.5
1976-10-31	0	3.5	19.5	8
1976-11-01	0	2.9	18.5	5.5
1976-11-02	0	1	14	5.5
1976-11-03	0	1.4	13	0
1976-11-04	0	1.8	11.5	1.5
1976-11-05	0.6	1.5	8.5	2.5
1976-11-06	0	1.6	14.5	1.5
1976-11-07	0	2.4	15	3
1976-11-08	0	0.5	10.5	3.5
1976-11-09	0	2.8	19	1
1976-11-10	0	2	18	4.5
1976-11-11	0	2.2	19.5	5
1976-11-12	0	1.9	18	3.5
1976-11-13	0	3.1	19.5	3.5
1976-11-14	0	2.3	20.5	2
1976-11-15	0	4.6	19.5	2
1976-11-16	0	3.1	17.5	2.5
1976-11-17	1.7	1.3	15.5	5
1976-11-18	0	0.8	15	8
1976-11-19	0	2.4	16	8
1976-11-20	0	1.4	16.5	5
1976-11-21	6.2	2.2	15.5	5
1976-11-22	0	1.7	8.5	4.5
1976-11-23	0	1.7	15.5	1.5
1976-11-24	0	1.6	15.5	4
1976-11-25	0	3.5	20	2.5
1976-11-26	0	2	19	5
1976-11-27	0	2	18.5	4.5
1976-11-28	0	2.8	20.5	4
1976-11-29	0	0.6	17	4.5
1976-11-30	1.2	1.1	16.5	6.5
1976-12-01	13.3	3.7	14.5	5.5
1976-12-02	12.4	2.5	14.5	5.5
1976-12-03	0	0.7	15.5	6.5
1976-12-04	0	2.7	16.5	5.5
1976-12-05	0	1.1	16.5	4
1976-12-06	0	3.4	20	3
1976-12-07	0	2.5	19	3.5
1976-12-08	0	1.1	16.5	5.5
1976-12-09	0	2.9	17	2
1976-12-10	0	1.3	18.5	2.5
1976-12-11	0	2.2	19	3.5
1976-12-12	0	2.6	19	3
1976-12-13	0	2.8	17.5	4.5
1976-12-14	0	1.3	18.5	6.5
1976-12-15	0	2.9	20.5	5.5
1976-12-16	5	1	14	7
1976-12-17	0	1.9	17.5	6.5
1976-12-18	0	2.9	17.5	3.5
1976-12-19	0	2.3	19.5	3.5
1976-12-20	0	2.6	13.5	5.5
1976-12-21	0	3	14	4.5
1976-12-22	0	3.5	15.5	2
1976-12-23	0	1.3	14.5	4
1976-12-24	0	3	18.5	1.5
1976-12-25	0	3.4	20.5	2.5
1976-12-26	0	1.7	17.5	4
1976-12-27	0	4.1	18.5	1.5
1976-12-28	0	3.5	18	4.5
1976-12-29	0	2.3	20	6
1976-12-30	0	3.7	19.5	3
1976-12-31	0	3.2	20.5	3.5
1977-01-01	0	4.9	19	4.5
1977-01-02	0	4	20.5	9
1977-01-03	0	4.9	20.5	1.5
1977-01-04	0	3	22.5	2
1977-01-05	0	3.4	22	3
1977-01-06	0	4	22	3
1977-01-07	0	3.8	23.5	2.5
1977-01-08	0	4.8	23	1
1977-01-09	0	4.1	20.5	1
1977-01-10	0	3.6	20.5	2.5
1977-01-11	0	3.4	20	0
1977-01-12	0	2.7	17.5	2.5
1977-01-13	0	2.9	16.5	1
1977-01-14	0	2.3	15.5	4.5
1977-01-15	0	3.7	18.5	3
1977-01-16	0	3.3	19.5	2.5
1977-01-17	0	1.5	16	3.5
1977-01-18	0	2.5	18	5
1977-01-19	1	2	10	3
1977-01-20	0	1.4	16	2.5
1977-01-21	0	0.9	19	2.5
1977-01-22	0	1.4	18	4.5
1977-01-23	0	3.1	19	3
1977-01-24	0	4.3	20.5	4.5
1977-01-25	0	2	19.5	4
1977-01-26	0	0.5	18	2
1977-01-27	0	2.6	20	5
1977-01-28	0	4.8	21.5	5.5
1977-01-29	0	3.4	22.5	3.5
1977-01-30	0	4.7	21	3
1977-01-31	0	2.4	18.5	2
1977-02-01	0	3.8	20.5	1
1977-02-02	0	5.3	20	1
1977-02-03	0	4.5	20.5	3.5
1977-02-04	0	3.6	20.5	1
1977-02-05	0	3.6	19.5	3.5
1977-02-06	0	4.1	19.5	1
1977-02-07	7.2	3.6	18.5	3.5
1977-02-08	0	1.6	16.5	2
1977-02-09	0.4	2.4	17.5	1.5
1977-02-10	0	3.1	18	2.5
1977-02-11	0	3.7	18.5	5
1977-02-12	0	3.2	21	3.5
1977-02-13	0	4.1	20	1.5
1977-02-14	0	3.9	18	1.5
1977-02-15	0	4.8	19.5	1
1977-02-16	0	2.9	14.5	1.5
1977-02-17	0	3.8	17	1
1977-02-18	0	4.3	17.5	4.5
1977-02-19	0	4.3	20	5
1977-02-20	0	5.7	19.5	2.5
1977-02-21	0	2.5	18	6
1977-02-22	0	5.2	18	5.5
1977-02-23	0	4.6	19.5	5
1977-02-24	0	5.9	22	2.5
1977-02-25	0	3.9	21	2.5
1977-02-26	0	5.2	18.5	4
1977-02-27	0	4.3	20	2
1977-02-28	0	4.4	18.5	2.5
1977-03-01	0	4.1	20	2
1977-03-02	0	4.9	21.5	1.5
1977-03-03	0	5.3	21.5	3
1977-03-04	0	5.2	24	3
1977-03-05	0	6.6	25	4.5
1977-03-06	0	4.6	24	4.5
1977-03-07	0	5	19	3.5
1977-03-08	0	6.4	21.5	3.5
1977-03-09	0	5.7	22.5	2.5
1977-03-10	0	5.2	24	5.5
1977-03-11	0	6	24.5	8
1977-03-12	0	5.3	25.5	6.5
1977-03-13	0	6.4	24.5	5
1977-03-14	0	4.8	25.5	5.5
1977-03-15	0	6.6	25.5	7.5
1977-03-16	0	5.9	24.5	7.5
1977-03-17	0	7.1	26.5	6.5
1977-03-18	0	8.7	26.5	9
1977-03-19	0	7.1	26.5	11.5
1977-03-20	0	5.3	27	5
1977-03-21	0	7.1	26	9
1977-03-22	0	3.9	21.5	4
1977-03-23	0	4.3	21.5	6.5
1977-03-24	0	8.1	24.5	7.5
1977-03-25	0	6	23.5	6.5
1977-03-26	0	6.2	20.5	5.5
1977-03-27	0	4.8	22.5	4.5
1977-03-28	0	6.5	25	4
1977-03-29	0	6.7	24.5	7
1977-03-30	0	5.9	26	6.5
1977-03-31	0	6.9	26.5	8.5
