COMISIÓN NACIONAL DEL AGUA
COORDINACIÓN GENERAL DEL SERVICIO METEOROLÓGICO NACIONAL
BASE DE DATOS CLIMATOLÓGICA NACIONAL 

REGISTRO DIARIO HISTÓRICO
EMISIÓN   : 11/09/2026 

DATOS DISPONIBLES EN LA BASE DE DATOS A: SEPTEMBER DE 2026; 
CON LA INFORMACIÓN SUMINISTRADA POR LAS UNIDADES ADMINISTRATIVAS 

 ESTACIÓN   : 13104 
 NOMBRE     : CHAPULHUACAN 
 ESTADO     : HIDALGO 
 MUNICIPIO  : CHAPULHUACÁN 
 SITUACIÓN  : SUSPENDIDA 
 U. ADMNVA. : DIRECCIÓN LOCAL HIDALGO 
 CVE-OMM    :   
 LATITUD    : 21.15555556 ° 
 LONGITUD   : -98.90361111 ° 
 ALTITUD    : 359 msnm 




FECHA		PRECIP	EVAP	TMAX	TMIN
		(mm)	(mm)	(°C )	(°C)
1977-08-13	1	1.4	31.5	18
1977-08-14	7.6	1.5	25	20
1977-08-15	0	1.5	24.5	20
1977-08-16	0	2.7	26	18
1977-08-17	0	2.2	27	17.5
1977-08-18	0	3.5	27	18
1977-08-19	0	4.2	27	18
1977-08-20	5	5	26	17.5
1977-08-21	0	4.7	26.5	18
1977-08-22	0	3	28.5	20
1977-08-23	0	4.4	29.5	20
1977-08-24	0	3.1	28	19.5
1977-08-25	0	3.7	28	19
1977-08-26	0	3.3	28	18.5
1977-08-27	0	4	28	18
1977-08-28	60	4.2	29	19.5
1977-08-29	18.4	4.2	25.5	18
1977-08-30	2.1	4.3	25	20
1977-08-31	0	5	28	18
1977-09-01	11.5	6.1	27	19.5
1977-09-02	41	3	22	20
1977-09-03	0	2.5	22.5	18
1977-09-04	0	2.4	27	17
1977-09-05	0	8.9	28	18
1977-09-06	0	0.7	27	18
1977-09-07	0	3.9	26	20
1977-09-08	0.5	5	27	18
1977-09-09	0	2.2	26	18
1977-09-10	9.5	0.8	25	18
1977-09-11	0	8.6	25	17
1977-09-12	0.5	8	27	17
1977-09-13	3	5	27	19
1977-09-14	24	1.8	27	19
1977-09-15	0	2.7	25	19
1977-09-16	1.1	0.5	26	18
1977-09-17	9	1.7	24	18
1977-09-18	0	3.9	25	17
1977-09-19	0	2.5	27	18
1977-09-20	8.5	2.2	27	19
1977-09-21	0	8.4	26	17
1977-09-22	2	7.4	24	18
1977-09-23	0	8.1	25	18
1977-09-24	0	1	26	19
1977-09-25	0	4.2	30	19
1977-09-26	1.5	2.6	28	21
1977-09-27	1.5	1.9	26	20
1977-09-28	21.5	1.7	26	18
1977-09-29	0	3.3	26	17
1977-09-30	0	1.9	26	18
1977-10-01	98.5	NULO	27	20
1977-10-02	21	1.7	25	20
1977-10-03	12.3	7.8	23	18
1977-10-04	56	2	24	16
1977-10-05	4	NULO	24	17
1977-10-06	1.4	0.3	27	17
1977-10-07	0	1.8	26	16
1977-10-08	0	3.7	29	16
1977-10-09	0	1.2	26	17
1977-10-10	0	3.7	29	17
1977-10-11	40	1.7	26	18
1977-10-12	13.5	1	14	12
1977-10-13	0	1	14	9
1977-10-14	0	0.2	19	9
1977-10-15	0	1.8	21	12
1977-10-16	0	0.9	20	14
1977-10-17	0	1.6	21	15
1977-10-18	0	1.5	22	14
1977-10-19	0	1.2	21	14
1977-10-20	0	1.8	22	15
1977-10-21	0	1.8	22	15
1977-10-22	0	1.2	23	16
1977-10-23	6	0.6	23	18
1977-10-24	41	4.8	22	17
1977-10-25	19	2	18.1	17
1977-10-26	10	0.7	18	16
1977-10-27	0	1.9	22	17
1977-10-28	23	1.6	24	17
1977-10-29	0	2.5	23	16
1977-10-30	0	1.5	24	16
1977-10-31	0	1.2	24	17
1977-11-01	1.5	5	25	19
1977-11-02	0	2.8	18	13
1977-11-03	0	1.5	23	12
1977-11-04	0	4.4	21	12
1977-11-05	0	1.3	21	11
1977-11-06	0	2.1	23	13
1977-11-07	0	2.5	29	14
1977-11-08	0	2.3	27	17
1977-11-09	7.5	0.7	24	17
1977-11-10	0.8	0.3	11	7
1977-11-11	10.6	1	12	7
1977-11-12	4.4	0.7	14	7
1977-11-13	0	0.8	16	11
1977-11-14	0	1.3	19	10
1977-11-15	0	2.2	20	11
1977-11-16	0	2.6	24	16
1977-11-17	1.8	5.2	23	16
1977-11-18	0	1.6	24	15
1977-11-19	0	1.5	24	15
1977-11-20	0	1.9	24	14
1977-11-21	23.5	0.7	25	15
1977-11-22	2.5	2.7	20	14
1977-11-23	0	1	21	15
1977-11-24	0	1.9	24	17
1977-11-25	18.2	6.6	25	15
1977-11-26	5	0.9	17.1	15
1977-11-27	0	2	16	13
1977-11-28	0	1.7	22	12
1977-11-29	0	1.2	22	12
1977-11-30	0	1.3	16	11
1977-12-01	0	1	17	12
1977-12-02	1.4	0.4	17	13
1977-12-03	0	1.5	24	13
1977-12-04	0	2.8	27	12
1977-12-05	0	3.5	29	17
1977-12-06	25	0.8	17	15
1977-12-07	0	0.2	17	11
1977-12-08	0	2.9	22	13
1977-12-09	10.8	1.3	23	15
1977-12-10	3.8	1	14	10
1977-12-11	0	1.6	17	11
1977-12-12	0	1.2	18	13
1977-12-13	0	2.2	25	14
1977-12-14	0	2.6	21	13
1977-12-15	0	1.2	20	10
1977-12-16	0	3.2	27	11
1977-12-17	0	2.4	24	12
1977-12-18	0	1.7	22	10
1977-12-19	0	2.7	26	11
1977-12-20	1.5	2.1	21	12
1977-12-21	0	2	11	6
1977-12-22	0	1	14	2
1977-12-23	0	1.7	14	4
1977-12-24	0	2.1	24	5
1977-12-25	0	3.2	23	10
1977-12-26	3	2.2	18	9
1977-12-27	1	0.3	15	10
1977-12-28	0	0.5	19	13
1977-12-29	0	3	23	15
1977-12-30	0	1.4	23	15
1977-12-31	0	0.9	20	16
1978-01-01	11.6	0.4	20	14
1978-01-02	2	0.3	11.1	10
1978-01-03	0	1	14	5
1978-01-04	0	3.6	20	8
1978-01-05	0	1.6	22	11
1978-01-06	0	1.9	23	11
1978-01-07	0	3.5	25	12
1978-01-08	0	2.7	16	14
1978-01-09	1.5	0.8	11.1	10
1978-01-10	0	1.2	19	7
1978-01-11	0	1.7	20	8
1978-01-12	0.5	2	22	11
1978-01-13	0.7	1	19	12
1978-01-14	0	0.4	12	10
1978-01-15	0	1.4	19	9
1978-01-16	0	2.8	14	10
1978-01-17	0.7	1.2	19	11
1978-01-18	4.7	0.9	19	11
1978-01-19	5.5	0.5	9	7
1978-01-20	0	0.3	10	4
1978-01-21	1.5	1.4	14	5
1978-01-22	0	2.4	10	6
1978-01-23	0	1.9	17	6
1978-01-24	0	3.3	25	9
1978-01-25	0.4	3.8	14	12
1978-01-26	0	1.8	12	7
1978-01-27	0	1.6	15	10
1978-01-28	2.8	1.7	13.1	12
1978-01-29	0.7	1.9	15	11
1978-01-30	0	0.6	17	11
1978-01-31	2	0.9	18	14
1978-02-01	1.7	1.1	17	13
1978-02-02	4.3	0.1	17	12
1978-02-03	5	0.9	13	9
1978-02-04	4.8	0.2	12	8
1978-02-05	5	5	14	9
1978-02-06	0	0.9	15	9
1978-02-07	8.9	0.8	20	10
1978-02-08	1.5	0.1	15	10
1978-02-09	1	2	21	10
1978-02-10	0.8	0.9	11	9
1978-02-11	0	2.4	21	8
1978-02-12	0	2.8	22	10
1978-02-13	2.5	2.2	19	11
1978-02-14	0.8	0.7	15	11
1978-02-15	1.5	1	20	10
1978-02-16	0	1.8	15	11
1978-02-17	3.6	2	22	10
1978-02-18	2.5	0.8	10	9
1978-02-19	0.8	0.4	9	3
1978-02-20	0.6	0.7	12	3
1978-02-21	0	0.7	10	4
1978-02-22	0.9	0.6	11	4
1978-02-23	0	0.7	13	6
1978-02-24	0	2.3	21	10
1978-02-25	0	3.4	25	10
1978-02-26	0	2.9	23	10
1978-02-27	0	4.9	24	14
1978-02-28	0	4.7	32	16
1978-03-01	0	3.5	26	15
1978-03-02	0	5.1	30	16
1978-03-03	8.1	0.1	25	16
1978-03-04	2	1	12	10
1978-03-05	0	1.4	15	6
1978-03-06	0	4	19	10
1978-03-07	0.5	3.6	26	11
1978-03-08	1.8	0.2	12.1	11
1978-03-09	0	3.6	20	6
1978-03-10	0	5.4	24	9
1978-03-11	0	7.1	30	11
1978-03-12	0	4.6	27	10
1978-03-13	0	5.5	31	15
1978-03-14	0	5.7	25	14
1978-03-15	0	3.6	25	13
1978-03-16	2.4	1.1	17	13
1978-03-17	3.8	0.2	12	9
1978-03-18	0	1.4	16	8
1978-03-19	0	1.9	18	10
1978-03-20	0	3.7	23	11
1978-03-21	0	2.8	25	13
1978-03-22	0	0.9	21	14
1978-03-23	0	2.9	26	14
1978-03-24	10	2.1	26	17
1978-03-25	19.8	0.3	19	16
1978-03-26	12.5	0.9	13	10
1978-03-27	0	0.1	20	10
1978-03-28	0	1.9	20	10
1978-03-29	0	1.6	20	12
1978-03-30	0	1.1	20	13
1978-03-31	0	0.6	20	14
1978-04-01	0	4.7	26	13
1978-04-02	0	5.4	27	15
1978-04-03	0	4.3	27	16
1978-04-04	0	3.1	25	17
1978-04-05	0	9.3	24	15
1978-04-06	0	2	23	16
1978-04-07	0	1.8	23	17
1978-04-08	0	1.8	24	17
1978-04-09	0	4.4	29	17
1978-04-10	9	3.2	31	16
1978-04-11	4	3.2	15	12
1978-04-12	0	3.8	21	11
1978-04-13	0	5	25	14
1978-04-14	0	4.5	25	14
1978-04-15	0	5.4	26	14
1978-04-16	0	6.1	27	16
1978-04-17	0	6.5	31	18
1978-04-18	0	5.2	31	17
1978-04-19	3	5	30	17
1978-04-20	12	0.1	20	16
1978-04-21	0	0.9	21	16
1978-04-22	0	1.5	29	16
1978-04-23	0	4.7	30	17
1978-04-24	0	4.3	20	16
1978-04-25	7	3.6	28.1	26
1978-04-26	0	1.3	27	15
1978-04-27	0	2.2	24	16
1978-04-28	0	3.8	27	16
1978-04-29	0	5.9	30	18
1978-04-30	0	9.1	31	17
1978-05-01	0	9.4	37	20
1978-05-02	0	9.7	37	20
1978-05-03	0	6.4	30	23
1978-05-04	0	3.6	26	16
1978-05-05	0	6.6	31	16
1978-05-06	0	7.9	34	20
1978-05-07	0	9.4	32	22
1978-05-08	0	6.5	33	20
1978-05-09	0	4.7	33	20
1978-05-10	0	4.8	30	19
1978-05-11	0	5.3	31	21
1978-05-12	0	9.9	32	18
1978-05-13	11.1	4.2	30	20
1978-05-14	0	2.6	28	19
1978-05-15	3.1	4.6	31	19
1978-05-16	0	7.6	34	18
1978-05-17	0	7.1	34	21
1978-05-18	0.1	2.2	34	21
1978-05-19	4.1	4.3	29	20
1978-05-20	9	4	28	17
1978-05-21	37	3.5	29	19
1978-05-22	0	3.6	27	17
1978-05-23	0	3.2	26	19
1978-05-24	0.1	3.1	24.1	20
1978-05-25	0	1.3	29	20
1978-05-26	13	5	29	19
1978-05-27	23	5.7	24	20
1978-05-28	0.1	3.4	28	19
1978-05-29	3	2.5	27	19
1978-05-30	0	0.6	25	18
1978-05-31	20.1	0.9	24	19
1978-06-01	10	2	25	19
1978-06-02	0	2.3	27	19
1978-06-03	125	1.4	28	20
1978-06-04	5.1	0.6	24	18
1978-06-05	3.1	1.1	27	19
1978-06-06	27.1	4.4	29	20
1978-06-07	7.1	4.5	30	17
1978-06-08	53.1	2.8	27	19
1978-06-09	0	1.8	25	16
1978-06-10	0	3	25	18
1978-06-11	0	3.3	27	17
1978-06-12	16	1.5	26	19
1978-06-13	0	2.5	26	17
1978-06-14	18	6.3	26	18
1978-06-15	0	2.6	26	17
1978-06-16	0	2.5	26	18
1978-06-17	0	6.4	26	17
1978-06-18	34.1	0.2	25	16
1978-06-19	1	1.4	25	16
1978-06-20	6.1	2	26	16
1978-06-21	13	3.6	27	18
1978-06-22	8.1	1.9	27	17
1978-06-23	20	1.7	24	17
1978-06-24	0	2.5	26	18
1978-06-25	0	3.4	26	19
1978-06-26	0	3.9	27	19
1978-06-27	55	4.3	26	20
1978-06-28	0	1.9	25	18
1978-06-29	8.1	2	26	18
1978-06-30	0	3	27	17
1978-07-01	0	NULO	27	18
1978-07-02	0	NULO	26	17
1978-07-03	0	NULO	26	18
1978-07-04	0	NULO	26	18
1978-07-05	0	NULO	26	18
1978-07-06	0	NULO	27	17
1978-07-07	0	NULO	26	17
1978-07-08	0	NULO	26	17
1978-07-09	0	NULO	25	16
1978-07-10	0	NULO	26	17
1978-07-11	0	NULO	26	18
1978-07-12	0	NULO	26	17
1978-07-13	0	NULO	26	17
1978-07-14	0	NULO	27	17
1978-07-15	0	NULO	27	17
1978-07-16	0	NULO	28	17
1978-07-17	0	NULO	30	18
1978-07-18	0	NULO	29	18
1978-07-19	1.1	NULO	28	19
1978-07-20	2.1	NULO	26	19
1978-07-21	0	NULO	27	16
1978-07-22	0	NULO	27	18
1978-07-23	3	NULO	27	19
1978-07-24	87	NULO	21	17
1978-07-25	28.1	NULO	24	16
1978-07-26	0	NULO	25	17
1978-07-27	0	NULO	27	18
1978-07-28	37.1	NULO	26	18
1978-07-29	0	NULO	25	19
1978-07-30	0	NULO	26	18
1978-07-31	35	NULO	26	19
1978-08-01	0	2.8	27	20
1978-08-02	0	2.6	27	19
1978-08-03	0	2.6	26	19
1978-08-04	0	2.5	26	18
1978-08-05	0	3.2	27	18
1978-08-06	21	3.3	26	17
1978-08-07	100	1.1	23	17
1978-08-08	42	0.1	20	17
1978-08-09	0	1	24	17
1978-08-10	11	2.2	25	17
1978-08-11	0	2.2	25	17
1978-08-12	0	3.7	27	18
1978-08-13	30.8	2.8	27	20
1978-08-14	2	0.2	23	18
1978-08-15	0	2.1	25	18
1978-08-16	0	2.2	26	17
1978-08-17	0	2.7	27	17
1978-08-18	0	3.1	26	18
1978-08-19	0	0.9	26	19
1978-08-20	14	11	27	18
1978-08-21	56	2.7	25	17
1978-08-22	48	1.5	22	16
1978-08-23	0	1.5	25	17
1978-08-24	6	1.2	26	17
1978-08-25	10	2.1	26	18
1978-08-26	0	2.6	25	19
1978-08-27	0	4	25	18
1978-08-28	0	6	27	18
1978-08-29	0	4.8	27	19
1978-08-30	11	1.2	26	18
1978-08-31	33	1.5	24	18
1978-09-01	6	1.9	23	17
1978-09-02	0	1.9	25	16
1978-09-03	0	9	25	11
1978-09-04	0	2.3	21	15
1978-09-05	1	5.7	26	17
1978-09-06	8	4.7	26	17
1978-09-07	46.3	2.5	26	17
1978-09-08	25	8.8	25	18
1978-09-09	20	3.7	26	18
1978-09-10	4.5	8.4	25	17
1978-09-11	0	7.3	27	18
1978-09-12	0	1.1	31	18
1978-09-13	0	4.9	31	18
1978-09-14	30.1	3.2	27	19
1978-09-15	0	2.3	27	15
1978-09-16	0	3.2	27	15
1978-09-17	0	2.2	27	15
1978-09-18	0	3.2	27	15
1978-09-19	4.5	0.7	27	15
1978-09-20	0	3.8	27	15
1978-09-21	5.7	NULO	26	15
1978-09-22	12.3	7.5	26	15
1978-09-23	14.7	14.7	26	16
1978-09-24	12.3	4.9	27	15
1978-09-25	15	14.3	27	15
1978-09-26	27.7	0.4	27	15
1978-09-27	3.5	NULO	27	15
1978-09-28	10.4	12.2	27	15
1978-09-29	0	4.1	27	15
1978-09-30	66	9.5	26	15
1978-10-01	0	NULO	27	15
1978-10-02	0	NULO	29	16
1978-10-03	3	NULO	30	16
1978-10-04	3	NULO	31	16
1978-10-05	48	NULO	32	16
1978-10-06	58	NULO	32	16
1978-10-07	49	NULO	32	16
1978-10-08	29	NULO	32	15
1978-10-09	24	NULO	32	16
1978-10-10	0	NULO	32	16
1978-10-11	0	NULO	32	16
1978-10-12	0	NULO	32	16
1978-10-13	63.1	NULO	32	16
1978-10-14	49	NULO	32	14
1978-10-15	0	NULO	32	14
1978-10-16	14.1	NULO	32	11
1978-10-17	2.9	NULO	32	11
1978-10-18	0	NULO	32	12
1978-10-19	0	NULO	32	12
1978-10-20	0	NULO	32	12
1978-10-21	0	NULO	32	12
1978-10-22	0	NULO	32	11
1978-10-23	0	NULO	32	13
1978-10-24	0	NULO	32	12
1978-10-25	0	NULO	32	12
1978-10-26	69	NULO	32	11
1978-10-27	12	NULO	32	12
1978-10-28	5.8	NULO	32	11
1978-10-29	0	NULO	32	12
1978-10-30	0	NULO	32	12
1978-10-31	0	NULO	32	12
1979-03-01	0	0.7	36	5
1979-03-02	0	0.6	36	7
1979-03-03	0	0.7	36	5
1979-03-04	0	0.2	36	8
1979-03-05	6.2	1	36	8
1979-03-06	9.8	9.7	36	9
1979-03-07	0	3.4	36	5
1979-03-08	0	3	36	5
1979-03-09	0	0.9	36	5
1979-03-10	7	3.2	36	5
1979-03-11	6.9	3.7	36	5
1979-03-12	0	0.4	36	5
1979-03-13	0	0.6	36	5
1979-03-14	4	4.4	36	5
1979-03-15	0	0.8	36	5
1979-03-16	0	0.3	35	5
1979-03-17	4	4.2	36	5
1979-03-18	4	2.5	36	5
1979-03-19	0	1	36	5
1979-03-20	0	0.5	36	6
1979-03-21	0	0.6	36	12
1979-03-22	0	0.7	36	9
1979-03-23	0	0.6	36	12
1979-03-24	15	10.3	36	12
1979-03-25	12	10.9	36	11
1979-03-26	0	0.7	36	10
1979-03-27	0	0.8	36	12
1979-03-28	0	1	36	12
1979-03-29	0	0.7	36	12
1979-03-30	0	0.3	36	12
1979-03-31	0	0.8	36	12
1979-04-01	0	0.9	36	12
1979-04-02	0	0.6	35	15
1979-04-03	0	0.9	35	14
1979-04-04	0	0.9	36	10
1979-04-05	12	7.2	36	12
1979-04-06	14	12.4	36	8
1979-04-07	0	0.9	36	12
1979-04-08	0	0.7	36	12
1979-04-09	0	0.8	36	13
1979-04-10	0	3.7	36	14
1979-04-11	0	2.7	36	14
1979-04-12	0	3.8	36	16
1979-04-13	0	3.4	36	13
1979-04-14	0	4	36	13
1979-04-15	0	2	36	13
1979-04-16	19	2	36	13
1979-04-17	0	2.3	36	14
1979-04-18	0	1.9	36	5
1979-04-19	0	2.5	36	5
1979-04-20	17.3	1.6	36	5
1979-04-21	28	1.9	36	5
1979-04-22	41	1.5	36	5
1979-04-23	0	1.2	36	5
1979-04-24	0	5.3	36	5
1979-04-25	0	6.5	36	5
1979-04-26	0	5.7	36	5
1979-04-27	0	3.1	36	5
1979-04-28	0	1.6	36	5
1979-04-29	0	2.3	36	5
1979-04-30	0	2.3	36	5
1979-06-01	0	2.7	36	5
1979-06-02	0	3.4	36	5
1979-06-03	19	10	36	5
1979-06-04	4.3	3	36	5
1979-06-05	2	2.3	36	5
1979-06-06	0	1.5	36	5
1979-06-07	4.2	2.7	36	5
1979-06-08	0	3.1	36	5
1979-06-09	24.9	2.9	36	5
1979-06-10	175.6	1.8	36	5
1979-06-11	22	0.8	36	5
1979-06-12	0	3.5	36	5
1979-06-13	0	4.8	36	5
1979-06-14	0	5.3	36	5
1979-06-15	0	4.4	36	5
1979-06-16	0	5.6	36	5
1979-06-17	0	3.3	36	5
1979-06-18	0	4.8	36	5
1979-06-19	0	3.5	36	5
1979-06-20	0	4	36	5
1979-06-21	0	3.5	36	5
1979-06-22	0	2.7	36	5
1979-06-23	0	2.5	36	5
1979-06-24	13.3	6.1	36	5
1979-06-25	1.8	2.7	36	5
1979-06-26	6.7	0.4	36	5
1979-06-27	30.5	2.6	36	5
1979-06-28	0	4.8	36	5
1979-06-29	0	8.9	36	5
1979-06-30	0	9.1	36	5
1979-07-01	0	6.8	36	5
1979-07-02	0	7.3	36	5
1979-07-03	11	7.3	36	5
1979-07-04	13	5	36	5
1979-07-05	1	2.6	36	5
1979-07-06	0	1.7	36	5
1979-07-07	22.3	6.2	36	5
1979-07-08	2	2.8	36	5
1979-07-09	0	4.3	36	5
1979-07-10	47.3	6.1	36	5
1979-07-11	0	7.9	36	5
1979-07-12	0	5.6	36	5
1979-07-13	49.8	9.2	36	5
1979-07-14	0	3.7	36	5
1979-07-15	8	12.1	36	5
1979-07-16	0	7.7	36	5
1979-07-17	0	6.1	36	5
1979-07-18	0	3.1	36	5
1979-07-19	0	2.8	36	5
1979-07-20	0	4.6	36	5
1979-07-21	0	5.8	36	5
1979-07-22	31.3	2.1	36	5
1979-07-23	0	7.2	36	5
1979-07-24	0	6	36	5
1979-07-25	0	5.9	36	5
1979-07-26	24.9	7.4	36	5
1979-07-27	0	8.9	36	5
1979-07-28	15.6	4.1	36	5
1979-07-29	0	0.5	36	5
1979-07-30	0	4.1	36	5
1979-07-31	0	1.8	36	5
1979-08-01	77	1.7	36	5
1979-08-02	0	1.3	36	5
1979-08-03	1.3	3.3	36	5
1979-08-04	10	7.4	36	5
1979-08-05	12.8	1.2	36	5
1979-08-06	22.9	1.2	36	5
1979-08-07	0	2.7	36	5
1979-08-08	0	1.8	36	5
1979-08-09	6.9	1.1	36	5
1979-08-10	2.4	1.6	36	5
1979-08-11	4.7	3.9	36	5
1979-08-12	2.6	1.9	36	5
1979-08-13	2.3	2.2	36	5
1979-08-14	22	1.1	35	5
1979-08-15	6	2.6	35	5
1979-08-16	5	2.5	35	0.5
1979-08-17	0	3.2	36	5
1979-08-18	0	2.4	36	2
1979-08-19	1.6	6.2	35	5
1979-08-20	0	2.8	36	5
1979-08-21	0	1.6	36	5
1979-08-22	0	3.7	36	5
1979-08-23	0	2.4	36	5
1979-08-24	14.2	3	35	5
1979-08-25	6.8	2.1	35	5
1979-08-26	4.4	1.5	35	5
1979-08-27	2.8	3.1	35	5
1979-08-28	0	1.5	35	5
1979-08-29	0.8	7	35	5
1979-08-30	4.5	1.6	36	5
1979-08-31	1.5	1.3	36	5
1979-09-01	0	3.1	30	5
1979-09-02	0	4	31	5
1979-09-03	0	4.3	27	6
1979-09-04	0	2.7	25	7
1979-09-05	0	1.6	25	19
1979-09-06	51	11	27	18
1979-09-07	80	4	22	18
1979-09-08	97	1.9	21.1	19
1979-09-09	23	0.3	21	17
1979-09-10	8	0.6	21	17
1979-09-11	0	1.1	21	18
1979-09-12	0	1.5	24	18
1979-09-13	2	3.3	25	18
1979-09-14	18	2.6	25	18
1979-09-15	7.1	2.4	23	17
1979-09-16	65	3.8	26	14
1979-09-17	31	13.1	20	18
1979-09-18	0	6.9	20	15
1979-09-19	0	2	24	16
1979-09-20	0	1.4	26	16
1979-09-21	0	6.7	26	17
1979-09-22	0	1.5	21	18
1979-09-23	0	2.1	24	12
1979-09-24	0	3.3	24	15
1979-09-25	0	4.1	24	15
1979-09-26	0	3.1	22	15
1979-09-27	0	5.5	25	14
1979-09-28	0	5.5	23	11
1979-09-29	0	4.7	22	12
1979-09-30	0	6	27	10
1979-10-01	0	7.8	26	13
1979-10-02	0	4.1	26	13
1979-10-03	0	5.2	26	13
1979-10-04	0	4.9	26	13
1979-10-05	0	4.4	26	14
1979-10-06	0	3.3	26	15
1979-10-07	0	4.2	25	15
1979-10-08	0	2.3	25	15
1979-10-09	0	4.2	27	15
1979-10-10	0	5	24	16
1979-10-11	0	4.6	24	13
1979-10-12	0	5.2	24	13
1979-10-13	0	3.4	28	13
1979-10-14	5	2.7	26	17
1979-10-15	0	3.7	27	15
1979-10-16	0	3.7	28	17
1979-10-17	0	3.3	27	17
1979-10-18	0	3.3	21	17
1979-10-19	0	3.1	26	15
1979-10-20	0	3.4	26	15
1979-10-21	0	4.7	27	17
1979-10-22	55	3	25	18
1979-10-23	0	1.7	25	14
1979-10-24	0	1.9	20	10
1979-10-25	0	1	19	14
1979-10-26	0	1.5	20	13
1979-10-27	0	1.3	21	14
1979-10-28	0	2.5	24	13
1979-10-29	3	1.8	25	17
1979-10-30	0	4.1	30	16
1979-10-31	0	2.8	23	17
1979-11-01	0	2.7	24	15
1979-11-02	24.7	1	19	15
1979-11-03	20	NULO	16	14
1979-11-04	0	1.1	16	14
1979-11-05	0	1.8	20	14
1979-11-06	3	0.9	19	15
1979-11-07	0	0.9	19	14
1979-11-08	0	3.2	25	13
1979-11-09	0	1.1	29	15
1979-11-10	6	5.1	22	15
1979-11-11	1.2	1.1	16	12
1979-11-12	44.4	1	15	12
1979-11-13	24.4	1.5	13.1	12
1979-11-14	9	1.1	12	9
1979-11-15	3	1.6	14	9
1979-11-16	4	1.8	15	11
1979-11-17	0	0.8	21	13
1979-11-18	0	0.8	22	13
1979-11-19	0	1.3	20	14
1979-11-20	0	1.5	27	16
1979-11-21	1	1.1	23	16
1979-11-22	3	1.1	15	13
1979-11-23	0	0.8	9	5
1979-11-24	0	1.5	11	6
1979-11-25	0	1.6	20	8
1979-11-26	0	1.8	21	9
1979-11-27	0	1.9	23	9
1979-11-28	0	1.5	20	12
1979-11-29	0	1.2	9	7
1979-11-30	0	0.6	12	5
1979-12-01	0	0.6	11.1	5
1979-12-02	7	0.2	11	9
1979-12-03	48	0.2	12	9
1979-12-04	25.1	0.7	15	10
1979-12-05	2.1	1.5	18	10
1979-12-06	0	2	18	13
1979-12-07	0.1	0.7	20	10
1979-12-08	9	1.3	15.1	13
1979-12-09	7.1	0.6	16	13
1979-12-10	0	1.2	19	14
1979-12-11	0	1.5	21	15
1979-12-12	1	2	22	15
1979-12-13	1	1.1	19	16
1979-12-14	4.1	0.4	12	10
1979-12-15	0	1.5	12	10
1979-12-16	14	0.5	14	10
1979-12-17	0.1	NULO	13	7
1979-12-18	0	0.7	14	6
1979-12-19	0	1.8	15	8
1979-12-20	0	1.5	20	9
1979-12-21	0	1.4	20	13
1979-12-22	0	1.6	27	13
1979-12-23	3.7	1.1	27	12
1979-12-24	0	1.3	16	9
1979-12-25	0	1.3	18	7
1979-12-26	0	1.8	20	8
1979-12-27	0	0.4	18	10
1979-12-28	0	0.8	20	10
1979-12-29	10	0.5	15.1	11
1979-12-30	11	0.2	13	10
1979-12-31	30.4	0.9	14	11
1980-01-01	0	0.8	13	10
1980-01-02	0	0.3	18	11
1980-01-03	3	0.2	18	10
1980-01-04	0	0.9	16	9
1980-01-05	0	1.3	18	10
1980-01-06	0	2	20	8
1980-01-07	0	0.9	20	7
1980-01-08	0	1.2	26	9
1980-01-09	0	1.2	26	10
1980-01-10	0	2.9	25	13
1980-01-11	7	0.5	27	14
1980-01-12	2	0.4	18	13
1980-01-13	0	1.4	21	12
1980-01-14	0	1.6	20	12
1980-01-15	0	1.1	22	11
1980-01-16	0	0.9	22	11
1980-01-17	0	0.9	22	12
1980-01-18	0	0.2	23	11
1980-01-19	0	1	20	12
1980-01-20	12	1.9	19	12
1980-01-21	0	1	16	13
1980-01-22	32.1	1.3	19	8
1980-01-23	0	2	21	5
1980-01-24	0	2	20	7
1980-01-25	12	1	21	4
1980-01-26	0	3.2	21	6
1980-01-27	1.1	1.2	22	9
1980-01-28	0	0.5	22	14
1980-01-29	0	0.4	22	14
1980-01-30	7	0.9	20	14
1980-01-31	0	0.7	19	12
1980-02-01	0	1	17	5
1980-02-02	0	1.2	15	12
1980-02-03	0	3.7	13.1	3
1980-02-04	0	2	29	7
1980-02-05	0	1	21	17
1980-02-06	0	1.5	17	7
1980-02-07	0	1.2	14	12
1980-02-08	0	2.4	18	15
1980-02-09	7.3	2.7	12.1	11
1980-02-10	0	0.3	9	2
1980-02-11	0	1.9	11	3
1980-02-12	1.2	1	13	7
1980-02-13	0	1.2	20	10
1980-02-14	0	4.1	21	11
1980-02-15	0	4.8	30	12
1980-02-16	4	2.9	29	15
1980-02-17	6.1	2.5	9	6
1980-02-18	0	2.2	15	5
1980-02-19	0	4.6	23	8
1980-02-20	0	4.5	28	12
1980-02-21	0	5.1	30	15
1980-02-22	0	3.8	28	14
1980-02-23	0.9	2.1	23	13
1980-02-24	18.3	1.5	19	14
1980-02-25	14.3	2.3	14	12
1980-02-26	14.5	5.4	14	7
1980-02-27	4.1	5.5	14	10
1980-02-28	1	3.1	15	3
1980-02-29	0	4.9	18	2
1980-03-01	7	1.6	27	8
1980-03-02	0	1	6	1
1980-03-03	0	2.2	15	1
1980-03-04	0	4.1	29	6
1980-03-05	0	4.5	27	12
1980-03-06	0	1.7	21	12
1980-03-07	0	4.5	30	14
1980-03-08	0	4.3	30	15
1980-03-09	0	4.5	28	17
1980-03-10	0	3.3	26	18
1980-03-11	0	11	28	15
1980-03-12	0	4.4	35	16
1980-03-13	0	4.2	28	15
1980-03-14	0	3.1	20	13
1980-03-15	0	3.2	20	14
1980-03-16	0	4.1	26	14
1980-03-17	107.4	2.3	29	17
1980-03-18	0	4.4	14	9
1980-03-19	0	4.1	24	12
1980-03-20	0	5.8	30	12
1980-03-21	0	3.8	23	13
1980-03-22	0	3.2	22	14
1980-03-23	0	3	21	15
1980-03-24	0	0.2	30	14
1980-03-25	0	2.5	29	15
1980-03-26	0	2.5	24	15
1980-03-27	0	2.1	25	16
1980-03-28	0	2	30	17
1980-03-29	0	1.9	29	16
1980-03-30	0	1.5	30	18
1980-03-31	0	2	30	14
1980-04-01	0	5.4	34	6
1980-04-02	0	5	32	3
1980-04-03	0	3.2	33	4
1980-04-04	0	4.5	20.1	4
1980-04-05	0	4.3	20	15
1980-04-06	0	3.1	21	14
1980-04-07	0	2.5	22	13
1980-04-08	0	1.5	30	12
1980-04-09	0	1.3	20	13
1980-04-10	0	2.1	20	12
1980-04-11	0	2.8	21	13
1980-04-12	60.1	4.2	22	14
1980-04-13	0	4.6	23	15
1980-04-14	0	3.1	24	14
1980-04-15	0	4	35	13
1980-04-16	0	3.2	20	8
1980-04-17	0	3.2	21	15
1980-04-18	0	2.5	23	14
1980-04-19	108	4.1	20	15
1980-04-20	0	3	22	13
1980-04-21	0	3	20	13
1980-04-22	0	4	21	15
1980-04-23	13.2	3.2	27	15
1980-04-24	0	3.1	31	14
1980-04-25	0	2.5	30	18
1980-04-26	0	3	32	17
1980-04-27	0	3	33	16
1980-04-28	0	4.7	30	16
1980-04-29	0	3.4	29	17
1980-04-30	0	4.1	30	18
1980-05-01	0	1.7	20	15
1980-05-02	0	3	21	13
1980-05-03	10	2.2	32	12
1980-05-04	5	3.5	24	13
1980-05-05	0	4	24	17
1980-05-06	3.1	2.3	24	18
1980-05-07	4	6.2	31	17
1980-05-08	0	3.2	39	18
1980-05-09	0	3.2	28	19
1980-05-10	0	3.9	30	20
1980-05-11	0	2	33	20
1980-05-12	0	4.1	35	20
1980-05-13	0	4.9	30	20
1980-05-14	0	4.1	30	21
1980-05-15	0	2	29	21
1980-05-16	0	2.5	25	20
1980-05-17	0	3	25	19
1980-05-18	0	3	26	22
1980-05-19	0	3.2	27	20
1980-05-20	0	2.4	35	24
1980-05-21	0	3.4	36	18
1980-05-22	0	3	30	19
1980-05-23	0	3	30	18
1980-05-24	0	2.5	34	18
1980-05-25	0	2.5	33	19
1980-05-26	3	2.4	31	20
1980-05-27	0	3.1	29	18
1980-05-28	0	3.3	28	18
1980-05-29	0	4	28	20
1980-05-30	0	4.4	28	20
1980-05-31	0	4.2	28	20
1980-06-01	0	2.5	30	16
1980-06-02	0	2.6	27	17
1980-06-03	0	2.2	27	19
1980-06-04	0	1.4	27	19
1980-06-05	0	2.2	28	19
1980-06-06	0	2.9	29	20
1980-06-07	0	2.1	28	20
1980-06-08	0	3.1	25	21
1980-06-09	0	3.6	30	21
1980-06-10	0	2.2	29	19
1980-06-11	0	2.5	25	20
1980-06-12	0	2.8	25	19
1980-06-13	0	2.1	25	19
1980-06-14	0	2.6	29	19
1980-06-15	0	2.2	28	18
1980-06-16	0	2.5	29	21
1980-06-17	0	3.6	30	21
1980-06-18	0	1.9	28	24
1980-06-19	12	2.3	30	19
1980-06-20	0	2.3	35	19
1980-06-21	0	1.7	36	21
1980-06-22	0	2.8	38	22
1980-06-23	0	2.2	38	20
1980-06-24	14	2.4	38	23
1980-06-25	0	2.3	31	25
1980-06-26	0	2.4	35	25
1980-06-27	0	3.9	27	23
1980-06-28	0	4.6	25.1	23
1980-06-29	0.5	0.9	38	18
1980-06-30	0	2.5	29	21
1980-07-01	0	1.9	30	20
1980-07-02	0	3.5	30	18
1980-07-03	0	1.8	30	18
1980-07-04	0	2.5	30	19
1980-07-05	0	1.2	30	15
1980-07-06	0	2.5	30	13
1980-07-07	0	1.8	30	20
1980-07-08	0	2.7	30	17
1980-07-09	1	3.5	30	17
1980-07-10	0	1.6	30	19
1980-07-11	0	2.5	30	17
1980-07-12	0	1.6	30	17
1980-07-13	0	0.7	30	17
1980-07-14	2	3.5	30	17
1980-07-15	1	1.2	30	17
1980-07-16	0	1.8	30	17
1980-07-17	0	2.2	30	17
1980-07-18	2.5	1.8	30	17
1980-07-19	10.3	6.6	30	17
1980-07-20	0	1.7	30	17
1980-07-21	0	2.3	30	17
1980-07-22	0	2.8	30	17
1980-07-23	0	2.3	30	17
1980-07-24	8.5	2.9	30	17
1980-07-25	12	3.3	30	17
1980-07-26	0	2.4	30	17
1980-07-27	0	2.1	30	17
1980-07-28	32	1.6	30	17
1980-07-29	0	1.8	30	17
1980-07-30	0	2.7	30	17
1980-07-31	0	1.7	30	17
1980-08-01	0	2.8	30	17
1980-08-02	0	3.3	30	17
1980-08-03	0	3.4	30	16
1980-08-04	13	5.9	30	16
1980-08-05	17	9.8	30	19
1980-08-06	57	NULO	30	17
1980-08-07	15	NULO	30	17
1980-08-08	0	1.8	30	17
1980-08-09	0	1.9	30	17
1980-08-10	0	2.2	30	17
1980-08-11	23	NULO	33	17
1980-08-12	7	2.7	33	17
1980-08-13	5	3.4	30	17
1980-08-14	0	3.4	30	18
1980-08-15	0	3.3	30	17
1980-08-16	0	2.5	30	17
1980-08-17	26	3.1	30	17
1980-08-18	12	NULO	30	17
1980-08-19	0	NULO	30	17
1980-08-20	0	2.2	30	17
1980-08-21	0	3.3	30	16
1980-08-22	0	4.4	30	17
1980-08-23	31	3.5	30	17
1980-08-24	0	NULO	33	17
1980-08-25	0	2.3	33	17
1980-08-26	4	2.3	33	17
1980-08-27	0	3	33	17
1980-08-28	0	2.1	33	17
1980-08-29	0	1	33	17
1980-08-30	0	1.7	30	17
1980-08-31	41	6.3	32	17
1980-09-01	0	2.8	37	17
1980-09-02	22.5	8.2	33	17
1980-09-03	55.5	11.6	33	16
1980-09-04	0	1.3	33	16
1980-09-05	0	1.3	33	16
1980-09-06	0	2.5	33	16
1980-09-07	0	1.6	33	16
1980-09-08	0	2.3	33	17
1980-09-09	0	2.5	32	23
1980-09-10	35.2	2	33	19
1980-09-11	0	1.6	32	16
1980-09-12	9.5	6.7	33	16
1980-09-13	0	2.6	32	17
1980-09-14	0	3.7	32	16
1980-09-15	0	3.6	32	17
1980-09-16	0	3.2	33	17
1980-09-17	0	11.2	33	17
1980-09-18	0	4.3	33	17
1980-09-19	0	4.4	32	16
1980-09-20	0	3.6	32	18
1980-09-21	0	4.2	32	17
1980-09-22	0	4.4	30	15
1980-09-23	40.4	1.3	33	14
1980-09-24	0	9.9	32	12
1980-09-25	140.2	10	32	18
1980-09-26	46.9	12.6	30	19
1980-09-27	0	2.8	30	19
1980-09-28	0	2.3	32	19
1980-09-29	0	3.5	31	16
1980-09-30	0	4.5	36	16
1980-10-01	0	NULO	31	16
1980-10-02	0	4.1	31	17
1980-10-03	0	2.7	31	17
1980-10-04	0	2.7	32	16
1980-10-05	0	4.7	32	14
1980-10-06	0	3.8	32	15
1980-10-07	0	2.8	32	14
1980-10-08	0	3.5	32	14
1980-10-09	0	1.7	32	14
1980-10-10	0	2.5	31	14
1980-10-11	0	2.8	31	13
1980-10-12	0	1.1	31	13
1980-10-13	0	2	32	13
1980-10-14	0	3.7	32	12
1980-10-15	0	2.5	32	12
1980-10-16	0	2.3	32	13
1980-10-17	0	1.6	34	13
1980-10-18	15.5	2.1	33	13
1980-10-19	33	NULO	33	16
1980-10-20	4	NULO	33	16
1980-10-21	2	0.1	33	13
1980-10-22	0	0.6	33	13
1980-10-23	1.5	1.9	33	13
1980-10-24	0	1.7	33	13
1980-10-25	0	4.6	33	13
1980-10-26	0	4.2	33	13
1980-10-27	12	3.9	34	13
1980-10-28	35.5	2.9	35	13
1980-10-29	7.5	7.5	35	9
1980-10-30	0	4.3	34	5
1980-10-31	0	1.2	35	8
1980-11-01	0	1.4	35	6
1980-11-02	0	1.7	35	6
1980-11-03	0	1.1	35	9
1980-11-04	5.5	2.1	35	9
1980-11-05	0	4.2	35	5
1980-11-06	0	3.1	35	5
1980-11-07	0	2.4	35	6
1980-11-08	0	1.4	35	5
1980-11-09	0	2	35	5
1980-11-10	0	1.5	35	5
1980-11-11	0	1.3	35	5
1980-11-12	0	2.1	35	5
1980-11-13	0	1.9	35	5
1980-11-14	0	2	35	5
1980-11-15	0	0.1	35	5
1980-11-16	4	0.7	35	5
1980-11-17	0	1.4	33	5
1980-11-18	0	1.5	35	6
1980-11-19	6	0.1	33	6
1980-11-20	3	7	33	8
1980-11-21	0	0.8	35	6
1980-11-22	0	1.5	35	6
1980-11-23	0	1.6	35	6
1980-11-24	0	1.8	34	6
1980-11-25	0	1.9	37	7
1980-11-26	0	1.4	34	7
1980-11-27	0	1.2	33	6
1980-11-28	0	1.3	32	6
1980-11-29	0	1.1	34	7
1980-11-30	0	1.1	32	8
1980-12-01	0	NULO	17	12
1980-12-02	1.4	0.1	17	13
1980-12-03	0	0.3	24	13
1980-12-04	0	0.6	27	12
1980-12-05	0	1.7	29	17
1980-12-06	2.5	1.6	17	15
1980-12-07	0	0.8	17	11
1980-12-08	0	1.1	22	13
1980-12-09	10.8	1.5	23	15
1980-12-10	3.8	2.1	14	10
1980-12-11	0	0.2	17	11
1980-12-12	0	0.1	18	13
1980-12-13	0	0.1	25	14
1980-12-14	0	1.4	21	13
1980-12-15	0	1.4	20	10
1980-12-16	0	1.4	27	11
1980-12-17	0	1.6	24	12
1980-12-18	0	1.3	22	10
1980-12-19	0	2.5	26	11
1980-12-20	1.5	2.5	21	12
1980-12-21	0	0.8	11	6
1980-12-22	0	1.1	14	4
1980-12-23	0	1.6	14	4
1980-12-24	0	1.9	24	5
1980-12-25	0	2.3	23	10
1980-12-26	3	1.8	18	9
1980-12-27	1	1.5	15	10
1980-12-28	0	2	19	13
1980-12-29	0	1.6	23	15
1980-12-30	0	2.5	23	15
1980-12-31	0	3.1	20	16
1981-01-01	11.6	NULO	20	14
1981-01-02	2	1.3	11.1	10
1981-01-03	0	0.7	14	5
1981-01-04	0	0.9	20	8
1981-01-05	0	1.1	22	11
1981-01-06	0	1.4	23	11
1981-01-07	0	0.8	25	12
1981-01-08	0	0.4	16	14
1981-01-09	1.5	1	11.1	10
1981-01-10	0	1	19	7
1981-01-11	0	1.1	20	8
1981-01-12	0.5	1	22	11
1981-01-13	0.7	0.5	19	12
1981-01-14	0	2	12	10
1981-01-15	0	0.4	19	9
1981-01-16	0	1.2	14	10
1981-01-17	0.7	0.7	19	11
1981-01-18	4.7	1.2	19	11
1981-01-19	5.5	0.7	9	7
1981-01-20	0	0.8	10	4
1981-01-21	1.5	2	14	5
1981-01-22	0	0.7	10	6
1981-01-23	0	0.8	19	6
1981-01-24	0	1.8	25	9
1981-01-25	0.4	0.6	14	12
1981-01-26	0	1.2	12	7
1981-01-27	0	1.1	15	10
1981-01-28	2.8	0.8	13.1	12
1981-01-29	0.1	1	15	11
1981-01-30	0	1.2	17	11
1981-01-31	0	1.2	18	14
1981-02-01	1.7	0.8	17	13
1981-02-02	4.3	1.7	17	12
1981-02-03	5	0.7	13	9
1981-02-04	4.8	0.7	12	8
1981-02-05	5	1.1	14	9
1981-02-06	0	1.2	15	9
1981-02-07	8.4	1.6	20	10
1981-02-08	1.5	1.4	15	10
1981-02-09	1	1.2	21	10
1981-02-10	0.8	1.1	11	9
1981-02-11	0	1.6	21	8
1981-02-12	0	0.8	22	10
1981-02-13	2.5	0.8	19	11
1981-02-14	0	1.4	15	11
1981-02-15	1.5	1	20	10
1981-02-16	0	0.6	15	11
1981-02-17	3.8	1.5	22	10
1981-02-18	2.5	1.9	10	9
1981-02-19	0.8	1.5	9	0.3
1981-02-20	0.6	0.7	12	0.3
1981-02-21	0	1.2	10	4
1981-02-22	0.9	1.4	11	4
1981-02-23	0	1	13	6
1981-02-24	0	1	21	10
1981-02-25	0	1.7	25	10
1981-02-26	0	1.7	23	10
1981-02-27	0	2.8	24	14
1981-02-28	0	1.7	32	16
1981-03-01	0	1.2	36	5
1981-03-02	0	0.6	36	7
1981-03-03	0	0.7	36	5
1981-03-04	0	0.3	36	8
1981-03-05	6.3	0.9	36	8
1981-03-06	9.8	9.2	36	9
1981-03-07	0	3.8	36	5
1981-03-08	0	3.1	36	5
1981-03-09	0	0.9	36	5
1981-03-10	7.1	3.2	36	5
1981-03-11	0	NULO	36	5
1981-03-12	0	0.4	36	5
1981-03-13	0	4.6	36	5
1981-03-14	4	0.4	36	5
1981-03-15	0	0.8	36	5
1981-03-16	0	0.3	35	5
1981-03-17	4	4.2	36	5
1981-03-18	4.1	2.6	36	5
1981-03-19	0	1.1	36	5
1981-03-20	0	0.6	36	6
1981-03-21	0	0.5	36	12
1981-03-22	0	0.7	36	9
1981-03-23	0	0.4	36	12
1981-03-24	15	10.4	36	12
1981-03-25	12	10.9	36	11
1981-03-26	0	0.7	36	10
1981-03-27	0	0.8	36	12
1981-03-28	0	1.1	36	12
1981-03-29	0	0.8	36	12
1981-03-30	0	0.2	36	12
1981-03-31	0	NULO	36	12
1981-04-01	0	0.9	36	12
1981-04-02	0	0.6	35	15
1981-04-03	0	9	35	14
1981-04-04	0	0.9	36	10
1981-04-05	12	7.1	36	12
1981-04-06	14	12.4	36	8
1981-04-07	0	0.9	36	12
1981-04-08	0	0.7	36	12
1981-04-09	0	0.8	36	13
1981-04-10	0	3.7	36	14
1981-04-11	0	2.7	36	14
1981-04-12	0	3.8	36	16
1981-04-13	0	3.4	36	13
1981-04-14	0	4	36	13
1981-04-15	0	2	36	13
1981-04-16	19	2.5	36	13
1981-04-17	0	2.3	36	14
1981-04-18	0	1.9	36	5
1981-04-19	0	2.5	36	5
1981-04-20	17.3	1.6	36	5
1981-04-21	28	1.9	36	5
1981-04-22	41	1.5	36	5
1981-04-23	0	1.2	36	5
1981-04-24	0	5.3	36	5
1981-04-25	0	6.5	36	5
1981-04-26	0	5.7	36	5
1981-04-27	0	3.1	31	5
1981-04-28	0	1.6	36	5
1981-04-29	0	2.3	31	5
1981-04-30	0	1.9	36	5
1981-05-01	0	1.5	NULO	NULO
1981-05-02	65.1	5.5	NULO	NULO
1981-05-03	0	2.1	NULO	NULO
1981-05-04	0	4.7	NULO	NULO
1981-05-05	0	8.2	NULO	NULO
1981-05-06	0	1.8	NULO	NULO
1981-05-07	0	3.3	NULO	NULO
1981-05-08	0	1.8	NULO	NULO
1981-05-09	0	5.2	NULO	NULO
1981-05-10	0	3.8	NULO	NULO
1981-05-11	0	3.4	NULO	NULO
1981-05-12	0	4.8	NULO	NULO
1981-05-13	0	4.8	NULO	NULO
1981-05-14	0	4	NULO	NULO
1981-05-15	0	6.9	NULO	NULO
1981-05-16	0	4.9	NULO	NULO
1981-05-17	0	7.4	NULO	NULO
1981-05-18	0	6.2	NULO	NULO
1981-05-19	43.8	3.3	NULO	NULO
1981-05-20	1.5	3.7	NULO	NULO
1981-05-21	6.4	2.3	NULO	NULO
1981-05-22	17.8	6.7	NULO	NULO
1981-05-23	23	6.8	NULO	NULO
1981-05-24	1	5.2	NULO	NULO
1981-05-25	27.5	7.6	NULO	NULO
1981-05-26	0	4.7	NULO	NULO
1981-05-27	0	3.8	NULO	NULO
1981-05-28	0	5.1	NULO	NULO
1981-05-29	0	6	NULO	NULO
1981-05-30	0	4.3	NULO	NULO
1981-05-31	0	5	NULO	NULO
1981-06-01	5	1.2	35	4
1981-06-02	0	3.2	35	4
1981-06-03	0	4.5	35	4
1981-06-04	0	4.5	35	4
1981-06-05	9	3.7	35	4
1981-06-06	0	4.5	35	4
1981-06-07	0	3.9	35	4
1981-06-08	0	5.5	35	4
1981-06-09	0	1.7	35	4
1981-06-10	3	2	35	4
1981-06-11	12	4.9	35	4
1981-06-12	0	3.2	35	4
1981-06-13	7.4	4.7	35	5
1981-06-14	22	3.9	35	4
1981-06-15	81	NULO	35	4
1981-06-16	198	NULO	35	4
1981-06-17	120	NULO	35	4
1981-06-18	76	NULO	35	4
1981-06-19	14	NULO	35	4
1981-06-20	1.5	1.5	35	4
1981-06-21	0	3	35	4
1981-06-22	22	3.3	35	4
1981-06-23	2	2.1	35	4
1981-06-24	44	7.7	35	4
1981-06-25	112	NULO	35	4
1981-06-26	25	1.5	35	4
1981-06-27	1	2.4	35	4
1981-06-28	2	1.1	35	4
1981-06-29	7	2	35	4
1981-06-30	18	0.1	35	4
1981-07-01	0	3.7	NULO	NULO
1981-07-02	0	3.5	NULO	NULO
1981-07-03	0	1.8	NULO	NULO
1981-07-04	2	3.4	NULO	NULO
1981-07-05	0	4.1	NULO	NULO
1981-07-06	13.5	4.9	NULO	NULO
1981-07-07	2.9	4.2	NULO	NULO
1981-07-08	16	1	NULO	NULO
1981-07-09	5.5	NULO	NULO	NULO
1981-07-10	13	2.1	NULO	NULO
1981-07-11	8	2.2	NULO	NULO
1981-07-12	34	3.8	NULO	NULO
1981-07-13	6	3.5	NULO	NULO
1981-07-14	34.5	0.5	NULO	NULO
1981-07-15	11.2	3.9	NULO	NULO
1981-07-16	0.01	1.6	NULO	NULO
1981-07-17	1	1.6	NULO	NULO
1981-07-18	0	2.5	NULO	NULO
1981-07-19	0	3.2	NULO	NULO
1981-07-20	0	2.9	NULO	NULO
1981-07-21	0	3.7	NULO	NULO
1981-07-22	0	2.2	NULO	NULO
1981-07-23	0	4.1	NULO	NULO
1981-07-24	0	2.3	NULO	NULO
1981-07-25	8	2	NULO	NULO
1981-07-26	5.5	2.3	NULO	NULO
1981-07-27	4.8	2.2	NULO	NULO
1981-07-28	6.2	3.5	NULO	NULO
1981-07-29	4.1	1.3	NULO	NULO
1981-07-30	0	1.9	NULO	NULO
1981-07-31	0	0.4	NULO	NULO
1981-08-01	8.2	NULO	35	4
1981-08-02	0	NULO	31	4
1981-08-03	0	3	35	4
1981-08-04	0	1.8	35	4
1981-08-05	10.6	2.9	35	4
1981-08-06	0	2.1	32	4
1981-08-07	0	3.1	34	4
1981-08-08	0	1.6	35	6
1981-08-09	17.2	5	35	7
1981-08-10	9	NULO	35	7
1981-08-11	0	1	35	7
1981-08-12	0	2.5	35	6
1981-08-13	0	2.3	35	6
1981-08-14	0	3.3	35	6
1981-08-15	0	1.4	35	7
1981-08-16	0	4.2	35	6
1981-08-17	0	3.4	35	6
1981-08-18	0	2.8	35	7
1981-08-19	0	4.7	32	7
1981-08-20	2	2.7	35	7
1981-08-21	0	2	35	6
1981-08-22	198	3.1	35	7
1981-08-23	47	NULO	35	7
1981-08-24	36.4	NULO	35	6
1981-08-25	81.5	NULO	34	7
1981-08-26	60	NULO	35	6
1981-08-27	199	NULO	35	6
1981-08-28	1.2	NULO	35	7
1981-08-29	1.1	1.1	35	6
1981-08-30	1	1	35	6
1981-08-31	0	4	35	6
1981-09-01	0	1.5	35	6
1981-09-02	2.5	3.3	35	7
1981-09-03	8	2.2	35	7
1981-09-04	7.3	5.8	34	6
1981-09-05	25.8	2.2	35	7
1981-09-06	0	2.3	34	6
1981-09-07	11.2	3	34	5
1981-09-08	27	1.6	35	7
1981-09-09	34.8	5.7	36	8
1981-09-10	0	1.6	35	8
1981-09-11	0	3	34	6
1981-09-12	0	0.5	35	6
1981-09-13	0	1.7	34	7
1981-09-14	0	4.4	35	6
1981-09-15	0	4.5	35	6
1981-09-16	62.8	NULO	33	7
1981-09-17	147	NULO	34	6
1981-09-18	0	3.1	35	7
1981-09-19	0	2.1	35	7
1981-09-20	0	4.1	36	6
1981-09-21	0	5	34	7
1981-09-22	0	1.6	35	6
1981-09-23	43.7	4	33	6
1981-09-24	2.8	2	35	5
1981-09-25	0	2.5	36	6
1981-09-26	0	3.5	35	6
1981-09-27	12.4	NULO	34	7
1981-09-28	75.3	1.1	33	7
1981-09-29	45	7.7	34	4
1981-09-30	38	NULO	35	5
1981-10-01	12.5	NULO	34	6
1981-10-02	21.3	2.9	35	7
1981-10-03	0	0.6	35	7
1981-10-04	0	3.2	36	6
1981-10-05	12.8	2.9	34	7
1981-10-06	2.5	2.4	35	6
1981-10-07	0	1	34	7
1981-10-08	0	1.1	36	6
1981-10-09	0	2.7	35	7
1981-10-10	6.9	1.8	34	7
1981-10-11	8.2	2.2	35	7
1981-10-12	0	1.2	34	6
1981-10-13	0	3.4	35	7
1981-10-14	0	2.4	34	7
1981-10-15	0	2.3	36	8
1981-10-16	0	1.6	34	7
1981-10-17	0	1.8	35	7
1981-10-18	12	2.8	33	6
1981-10-19	18	1.4	34	7
1981-10-20	0	0.6	35	8
1981-10-21	0	2.4	35	6
1981-10-22	10.8	0.3	34	7
1981-10-23	0	1.9	33	7
1981-10-24	0	0.8	35	5
1981-10-25	7.8	0.8	34	7
1981-10-26	0	2	35	6
1981-10-27	0	1.1	34	7
1981-10-28	0	1.1	35	6
1981-10-29	0	1.9	34	7
1981-10-30	2.7	1.2	34	6
1981-10-31	21.9	NULO	34	7
1981-11-01	0	2.3	34	6
1981-11-02	0	2.6	33	5
1981-11-03	0	2.3	35	7
1981-11-04	0	2.8	35	5
1981-11-05	0	2.7	34	6
1981-11-06	0	3.3	33	4
1981-11-07	0	2.5	33	6
1981-11-08	0	1	34	5
1981-11-09	0	0.7	34	7
1981-11-10	0	0.9	33	6
1981-11-11	0	1.2	34	7
1981-11-12	0	2.1	35	7
1981-11-13	0	1	34	5
1981-11-14	0	2.6	35	7
1981-11-15	0	1.4	33	6
1981-11-16	0	3	34	5
1981-11-17	0	3.8	35	6
1981-11-18	0	2.2	35	5
1981-11-19	0	4.7	33	6
1981-11-20	0	2.8	34	7
1981-11-21	0	1.5	33	6
1981-11-22	0	2.1	34	6
1981-11-23	0	2.7	33	7
1981-11-24	0	2.8	34	8
1981-11-25	0	2.8	33	7
1981-11-26	0	1.8	35	8
1981-11-27	0	2.8	34	7
1981-11-28	0	1.4	33	8
1981-11-29	0	1.4	35	5
1981-11-30	0	2.6	34	7
1981-12-01	60.8	NULO	34	7
1981-12-02	0	2.3	35	8
1981-12-03	0	2.6	36	5
1981-12-04	0	2.2	34	5
1981-12-05	3.2	0.9	35	7
1981-12-06	0	4.7	34	7
1981-12-07	0	3.8	34	6
1981-12-08	0	5.4	33	9
1981-12-09	24.8	NULO	33	6
1981-12-10	0	2.3	34	8
1981-12-11	0	0.4	35	7
1981-12-12	0	1.6	35	8
1981-12-13	0	1.8	34	7
1981-12-14	0	1.9	33	6
1981-12-15	0	1	34	6
1981-12-16	0	1.3	35	5
1981-12-17	12	1.3	30	5
1981-12-18	0	1.8	33	5
1981-12-19	2.8	0.7	30	6
1981-12-20	0	2	34	2
1981-12-21	0	2.1	34	7
1981-12-22	0	0.7	35	6
1981-12-23	0	NULO	35	7
1981-12-24	0	2.4	37	6
1981-12-25	0	1.4	35	7
1981-12-26	3	4.2	34	6
1981-12-27	0	1.4	34	7
1981-12-28	0	1.4	35	6
1981-12-29	3.8	4.7	34	5
1981-12-30	0	2	33	7
1981-12-31	0	1.6	33	6
1982-01-01	0	1.2	34	5
1982-01-02	0	3.2	35	6
1982-01-03	0	2.8	37	7
1982-01-04	0	2.5	35	6
1982-01-05	0	2.7	35	6
1982-01-06	0	2.3	34	7
1982-01-07	0	1.7	35	4
1982-01-08	1	0.5	35	6
1982-01-09	0	0.9	37	8
1982-01-10	0	1.9	35	6
1982-01-11	0	2.3	32	7
1982-01-12	0	1.7	34	6
1982-01-13	0	1.8	35	7
1982-01-14	0	1.7	33	7
1982-01-15	0	1.5	33	5
1982-01-16	14.5	4	32	6
1982-01-17	0	1.1	34	7
1982-01-18	0	1.5	35	6
1982-01-19	0	0.2	35	6
1982-01-20	0	2.2	33	6
1982-01-21	0	1.3	34	7
1982-01-22	0	2.2	34	6
1982-01-23	0	2.2	34	7
1982-01-24	1	1.4	35	6
1982-01-25	0	1	33	6
1982-01-26	0	1.4	34	5
1982-01-27	0	2	34	7
1982-01-28	0	2.6	33	6
1982-01-29	0	3.3	33	6
1982-01-30	0	2.6	37	5
1982-01-31	0	1.6	33	7
1982-02-01	0	2	33	8
1982-02-02	3.4	1.3	34	8
1982-02-03	0	2.1	33	5
1982-02-04	0	1.3	35	6
1982-02-05	5.3	0.8	30	8
1982-02-06	3.2	1.4	29	2
1982-02-07	0	2	34	3
1982-02-08	0	1.5	33	6
1982-02-09	0	1.6	34	5
1982-02-10	0	2.8	34	5
1982-02-11	0	1.6	36	4
1982-02-12	0	2.4	35	6
1982-02-13	0	1.3	34	5
1982-02-14	0	1.8	33	4
1982-02-15	0	2	33	4
1982-02-16	0	1.2	34	5
1982-02-17	0	1.6	33	5
1982-02-18	0	2.3	34	5
1982-02-19	25.2	NULO	33	4
1982-02-20	8.4	4.7	32	3
1982-02-21	0	1.7	34	3
1982-02-22	0	2.1	34	5
1982-02-23	0	1.9	35	4
1982-02-24	0	1.8	35	4
1982-02-25	0	1.2	35	6
1982-02-26	0	1.9	32	5
1982-02-27	0	1.6	33	4
1982-02-28	0	1.6	34	4
1982-03-01	0	2	35	5
1982-03-02	0	1.9	33	6
1982-03-03	0	1.9	34	4
1982-03-04	34.9	NULO	32	3
1982-03-05	0	2.5	32	3
1982-03-06	0	2.3	34	3
1982-03-07	0	1.4	34	5
1982-03-08	0	1.6	35	6
1982-03-09	0	2.1	36	4
1982-03-10	0	2.2	35	5
1982-03-11	0	1.1	35	6
1982-03-12	0	1.7	34	5
1982-03-13	0	1.7	35	4
1982-03-14	0	4.9	35	3
1982-03-15	0	5.2	34	2
1982-03-16	0	5.3	33	7
1982-03-17	0	3.3	33	6
1982-03-18	0	3.5	34	7
1982-03-19	0	4.3	36	4
1982-03-20	0	3.4	35	6
1982-03-21	0	3.8	33	5
1982-03-22	2.5	1.5	32	4
1982-03-23	3	2.1	32	4
1982-03-24	0	1	33	5
1982-03-25	20	6.5	32	4
1982-03-26	13.5	2.1	34	4
1982-03-27	3	1.1	32	5
1982-03-28	4.8	NULO	34	4
1982-03-29	0	2.6	35	5
1982-03-30	0	5.9	35	4
1982-03-31	0	3.5	34	5
1982-04-01	0	5.2	35	4
1982-04-02	0	5.4	38	5
1982-04-03	0	4.2	35	5
1982-04-04	0	4.5	36	4
1982-04-05	0	3.8	36	4
1982-04-06	0	4.5	34	5
1982-04-07	0	4.2	35	4
1982-04-08	0	4.5	36	8
1982-04-09	0	4.2	35	8
1982-04-10	0	3.5	34	6
1982-04-11	0	3.8	33	6
1982-04-12	5.2	1.5	34	5
1982-04-13	0	6.2	35	6
1982-04-14	0	4.2	36	8
1982-04-15	0	7.6	34	7
1982-04-16	0	5.3	36	7
1982-04-17	0	3.7	35	3
1982-04-18	0	2.6	34	5
1982-04-19	0	2.4	34	3
1982-04-20	7.5	0.6	33	5
1982-04-21	9.5	1.2	28	4
1982-04-22	6.5	1.8	29	3
1982-04-23	8	2	33	4
1982-04-24	0	1.7	34	5
1982-04-25	0	2.7	35	4
1982-04-26	0	1.4	34	4
1982-04-27	0	1.6	33	5
1982-04-28	0	1.4	33	3
1982-04-29	4.6	0.4	33	3
1982-04-30	4.4	2.2	30	5
1982-05-01	19	1.5	32	4
1982-05-02	3	0.4	34	4
1982-05-03	2.4	1.4	34	4
1982-05-04	0	0.9	34	4
1982-05-05	0	0.7	37	3
1982-05-06	0	1.1	33	3
1982-05-07	5.9	1	34	4
1982-05-08	3.5	0.5	33	4
1982-05-09	0	1.9	33	3
1982-05-10	0	1.6	34	4
1982-05-11	0	2.1	33	3
1982-05-12	0	1.5	34	4
1982-05-13	0	1.5	32	4
1982-05-14	2.5	2.9	34	4
1982-05-15	0	0.8	32	4
1982-05-16	0	2.4	32	4
1982-05-17	31.9	5	33	3
1982-05-18	0	1.1	32	4
1982-05-19	0	2.9	34	3
1982-05-20	19.4	6.9	33	5
1982-05-21	20	6	34	4
1982-05-22	0	3.9	31	4
1982-05-23	0	1.8	32	3
1982-05-24	13	5.5	33	5
1982-05-25	0	1.5	32	4
1982-05-26	0	1.3	33	3
1982-05-27	0	2.1	34	4
1982-05-28	4.8	3	35	3
1982-05-29	1	4.2	34	4
1982-05-30	0	4.2	33	5
1982-05-31	0	4.5	34	4
1982-06-01	0	5.1	32	5
1982-06-02	0	5	33	3
1982-06-03	0	3.8	34	4
1982-06-04	0	5.3	34	3
1982-06-05	0	3.1	33	5
1982-06-06	0	4.1	35	4
1982-06-07	0	2.3	34	5
1982-06-08	0	3.6	33	4
1982-06-09	0	3	34	5
1982-06-10	0	3.3	34	4
1982-06-11	0	1.8	33	5
1982-06-12	0	3.2	34	3
1982-06-13	0	3.6	33	5
1982-06-14	0	3	34	5
1982-06-15	0	1.9	32	4
1982-06-16	0	3.6	32	4
1982-06-17	0	4.3	33	3
1982-06-18	0	2.7	34	3
1982-06-19	0	5.2	34	3
1982-06-20	0	4.4	33	4
1982-06-21	0	3.6	33	4
1982-06-22	0	4.8	34	5
1982-06-23	0	5.1	35	5
1982-06-24	0	2.8	34	5
1982-06-25	0	2.4	35	5
1982-06-26	0	3.7	34	5
1982-06-27	0	5.8	33	5
1982-06-28	26.8	1.7	33	4
1982-06-29	0	0.2	33	4
1982-06-30	18	2	32	3
1982-07-01	8	1.5	33	3
1982-07-02	20.8	2.2	33	4
1982-07-03	0	3.3	34	3
1982-07-04	0	2.3	33	4
1982-07-05	0	3.6	34	4
1982-07-06	0	2.8	33	4
1982-07-07	4.5	0.9	33	4
1982-07-08	1.5	1.2	34	4
1982-07-09	0	1.9	33	4
1982-07-10	0	2.5	34	5
1982-07-11	0	2.7	34	4
1982-07-12	0	1.9	34	5
1982-07-13	0	2.9	33	4
1982-07-14	0	1.1	33	4
1982-07-15	0	2.5	34	3
1982-07-16	1	0.7	32	4
1982-07-17	14.8	2.5	31	3
1982-07-18	15.2	0.9	33	4
1982-07-19	4.2	1.6	31	4
1982-07-20	0	2	32	3
1982-07-21	0	2.3	33	3
1982-07-22	7.2	1.1	31	4
1982-07-23	10.4	2.2	32	4
1982-07-24	0	2.6	34	5
1982-07-25	8.2	2.5	31	4
1982-07-26	21.4	2.1	32	3
1982-07-27	0	3.6	34	3
1982-07-28	0	3.9	34	4
1982-07-29	0	3.5	35	4
1982-07-30	0	4.7	35	4
1982-07-31	0	3.9	35	4
1982-08-01	0	2.9	34	5
1982-08-02	0	2.7	34	5
1982-08-03	0	1.9	34	4
1982-08-04	0	2.8	34	3
1982-08-05	0	2.6	35	4
1982-08-06	0	3.6	35	4
1982-08-07	0	3.4	35	5
1982-08-08	0	2.7	34	4
1982-08-09	0	2	35	4
1982-08-10	0.01	1.7	34	4
1982-08-11	0	2.8	36	3
1982-08-12	0	4.5	34	4
1982-08-13	0	4.1	35	5
1982-08-14	0	2.8	34	5
1982-08-15	0	2.6	34	4
1982-08-16	0	2.8	34	3
1982-08-17	0	3.7	33	4
1982-08-18	0.01	2.2	34	4
1982-08-19	0	2.3	33	3
1982-08-20	0.01	2	32	5
1982-08-21	12	2.5	31	3
1982-08-22	0	1.7	32	4
1982-08-23	0	2.8	34	4
1982-08-24	0	3.5	33	4
1982-08-25	0	3.5	34	5
1982-08-26	0	4.2	33	5
1982-08-27	0	4.6	34	4
1982-08-28	0.01	1.6	33	4
1982-08-29	0.01	1.8	34	5
1982-08-30	4.6	1.8	31	4
1982-08-31	0	2.2	33	4
1982-09-01	0	2.6	31	4
1982-09-02	0	3.6	34	3
1982-09-03	4.5	2.5	32	3
1982-09-04	8.8	2.4	32	4
1982-09-05	0	1.9	32	3
1982-09-06	28.4	2.2	30	4
1982-09-07	15.4	2	32	3
1982-09-08	16	3	33	4
1982-09-09	0	4	34	2
1982-09-10	0	4.2	35	5
1982-09-11	0	3.5	34	5
1982-09-12	15.8	4	32	5
1982-09-13	0	3.4	34	3
1982-09-14	0	4.4	34	5
1982-09-15	0	2.8	32	3
1982-09-16	0	2.5	32	2
1982-09-17	5.9	1.4	31	2
1982-09-18	24.1	1.9	30	3
1982-09-19	18.3	1.6	31	3
1982-09-20	7.8	0.1	30	4
1982-09-21	94.6	NULO	28	3
1982-09-22	33.4	NULO	30	2
1982-09-23	0	4.3	32	3
1982-09-24	0	2.4	31	3
1982-09-25	0	4.5	32	3
1982-09-26	0	3.5	33	4
1982-09-27	0	3.7	34	4
1982-09-28	0	4.7	34	4
1982-09-29	0	4	33	3
1982-09-30	0	3.8	34	4
1982-10-01	20.8	1.6	32	4
1982-10-02	2.6	3.2	33	3
1982-10-03	31.5	2.5	31	4
1982-10-04	6.4	2.7	32	3
1982-10-05	0	2.6	33	4
1982-10-06	13.8	4.8	30	4
1982-10-07	0	1.8	32	3
1982-10-08	0	2	33	2
1982-10-09	120	1.4	32	4
1982-10-10	10.2	1.3	32	4
1982-10-11	0	0.6	31	2
1982-10-12	0	0.6	30	2
1982-10-13	0	0.5	31	2
1982-10-14	0	0.7	32	3
1982-10-15	0	0.6	33	3
1982-10-16	0	1.6	32	4
1982-10-17	0	2.1	32	3
1982-10-18	0	1.3	33	4
1982-10-19	0	2.1	32	3
1982-10-20	10.9	2.2	31	3
1982-10-21	23.1	0.8	32	2
1982-10-22	0	0.6	30	3
1982-10-23	24.4	2.8	32	2
1982-10-24	17	0.8	31	2
1982-10-25	0	1.6	33	3
1982-10-26	0	2.7	32	4
1982-10-27	0	2	33	3
1982-10-28	0	5.4	33	2
1982-10-29	0	1.8	32	4
1982-10-30	0	2.3	32	3
1982-10-31	0	2.9	30	3
1982-11-01	0	1.1	29	2
1982-11-02	0	2.4	27	3
1982-11-03	9.2	1.1	28	1
1982-11-04	0	1.4	30	2
1982-11-05	0	0.7	31	3
1982-11-06	0	0.2	32	3
1982-11-07	0.01	3.3	31	3
1982-11-08	0	2.2	32	4
1982-11-09	0	3.4	33	3
1982-11-10	0	2.2	31	4
1982-11-11	0	3.5	33	3
1982-11-12	9	1	27	3
1982-11-13	0	0.7	28	2
1982-11-14	5.5	0.2	26	3
1982-11-15	0	1.8	28	2
1982-11-16	0	1.4	27	3
1982-11-17	0	4.4	28	2
1982-11-18	0	1	26	2
1982-11-19	8.9	0.5	28	2
1982-11-20	0	1.8	29	2
1982-11-21	0	1	27	3
1982-11-22	0	1.9	29	2
1982-11-23	0	2.9	28	3
1982-11-24	56	0.7	26	3
1982-11-25	0	0.4	26	2
1982-11-26	0	1.8	27	3
1982-11-27	14	0.1	27	2
1982-11-28	0	1.6	28	2
1982-11-29	0	2.3	27	3
1982-11-30	0	NULO	28	3
1982-12-01	60.8	3.4	34	7
1982-12-02	0	2.3	35	8
1982-12-03	0	2.6	36	5
1982-12-04	0	2.2	34	5
1982-12-05	0.3	4.1	35	7
1982-12-06	0	4.7	34	7
1982-12-07	0	3.8	34	6
1982-12-08	0	5.4	33	9
1982-12-09	24.8	8	33	6
1982-12-10	0	2.3	34	8
1982-12-11	0	0.4	35	7
1982-12-12	0	1.6	35	8
1982-12-13	0	1.7	34	7
1982-12-14	0	2	33	6
1982-12-15	0	1	34	6
1982-12-16	0	1.3	35	5
1982-12-17	12	1.3	30	5
1982-12-18	0	1.8	33	5
1982-12-19	28	0.7	30	6
1982-12-20	0	2	34	2
1982-12-21	0	2.1	34	7
1982-12-22	0	0.7	35	6
1982-12-23	0.01	NULO	35	7
1982-12-24	0.01	2.4	34	6
1982-12-25	0	1.4	35	7
1982-12-26	3	4.2	34	6
1982-12-27	0	1.4	34	7
1982-12-28	0	1.4	35	6
1982-12-29	3.8	4.7	34	5
1982-12-30	0	2	33	7
1982-12-31	0	1.6	33	6
1983-01-01	0	1.2	34	5
1983-01-02	0	3.7	35	6
1983-01-03	0	2.8	31	7
1983-01-04	0	2.5	35	6
1983-01-05	0	2.7	35	6
1983-01-06	0	2.3	34	7
1983-01-07	0	1.7	33	4
1983-01-08	10	1.5	35	6
1983-01-09	0	NULO	34	8
1983-01-10	0	1.9	35	6
1983-01-11	0	2.3	32	7
1983-01-12	0	1.7	34	6
1983-01-13	0	1.8	35	7
1983-01-14	0	1.7	33	7
1983-01-15	0	1.5	33	5
1983-01-16	14.5	4	32	6
1983-01-17	0	1.1	34	7
1983-01-18	0	1.5	35	6
1983-01-19	0	0.2	30	6
1983-01-20	0	2.2	33	6
1983-01-21	0	1.3	34	7
1983-01-22	0	2.2	34	6
1983-01-23	0	2.2	34	7
1983-01-24	1	1.4	35	6
1983-01-25	0	1.6	33	6
1983-01-26	0	0.8	34	5
1983-01-27	0	2	34	7
1983-01-28	0	2.6	33	6
1983-01-29	0	3.3	33	6
1983-01-30	0	2.6	34	5
1983-01-31	0	1.6	33	7
1983-02-01	0	2	33	8
1983-02-02	3.4	1.3	34	8
1983-02-03	0.01	2.1	33	5
1983-02-04	0	1.3	35	6
1983-02-05	5.3	0.8	30	8
1983-02-06	3.2	1.4	29	2
1983-02-07	0	2	34	3
1983-02-08	0	1.5	33	6
1983-02-09	0	1.6	34	5
1983-02-10	0	2.8	34	5
1983-02-11	0	1.6	36	4
1983-02-12	0	2.4	35	6
1983-02-13	0	1.3	34	5
1983-02-14	0	1.8	33	4
1983-02-15	0	2	33	4
1983-02-16	0	1.2	34	5
1983-02-17	0	1.6	33	5
1983-02-18	0	2.3	34	5
1983-02-19	25.2	NULO	33	4
1983-02-20	8.4	0.5	32	3
1983-02-21	0	1.7	34	3
1983-02-22	0	2.1	34	5
1983-02-23	0	1.9	35	4
1983-02-24	0	1.8	35	4
1983-02-25	0	1.2	35	6
1983-02-26	0	1.9	32	5
1983-02-27	0	1.6	33	4
1983-02-28	0	1.6	34	4
1983-03-01	0	2	36	5
1983-03-02	0	1.9	36	7
1983-03-03	0	1.9	36	5
1983-03-04	34.9	5.7	36	8
1983-03-05	0	2.5	36	8
1983-03-06	0	2.3	36	9
1983-03-07	0	1.4	36	5
1983-03-08	0	1.2	36	5
1983-03-09	0	2.5	36	5
1983-03-10	0	2.2	36	5
1983-03-11	0	1.1	36	5
1983-03-12	0	1.7	36	5
1983-03-13	0	1.7	36	5
1983-03-14	0	4.9	36	5
1983-03-15	0	4.7	36	5
1983-03-16	0	5.8	35	5
1983-03-17	0	3.3	36	5
1983-03-18	0	3.5	36	5
1983-03-19	0	4.3	36	5
1983-03-20	0	3.4	36	6
1983-03-21	0.01	3.8	36	12
1983-03-22	2.5	1.5	36	9
1983-03-23	3	2.1	36	12
1983-03-24	0	1	36	12
1983-03-25	20	6.3	36	11
1983-03-26	13.5	2	36	10
1983-03-27	3	1.1	36	12
1983-03-28	4.8	NULO	36	12
1983-03-29	0	2.6	36	12
1983-03-30	0	5.9	36	12
1983-03-31	0	3.5	31	12
1983-04-01	0	5.2	35	4
1983-04-02	0	5.4	38	5
1983-04-03	0	4.2	35	5
1983-04-04	0	4.5	36	4
1983-04-05	0	3.8	36	4
1983-04-06	0	4.5	34	5
1983-04-07	0	4.2	35	4
1983-04-08	0	4.5	36	8
1983-04-09	0	4.2	35	8
1983-04-10	0	3.5	34	6
1983-04-11	0	3.8	33	6
1983-04-12	5.2	1.5	34	5
1983-04-13	0	6.2	35	6
1983-04-14	0	4.2	36	8
1983-04-15	0	7.6	34	7
1983-04-16	0	5.3	36	7
1983-04-17	0	3.7	35	3
1983-04-18	0	2.6	34	5
1983-04-19	0	2.4	34	3
1983-04-20	7.5	0.6	33	5
1983-04-21	9.5	1.2	28	4
1983-04-22	6.5	1.8	29	3
1983-04-23	8	2	33	4
1983-04-24	0	1.7	34	3
1983-04-25	0	2.7	35	4
1983-04-26	0	1.4	34	4
1983-04-27	0	1.6	33	5
1983-04-28	0	1.4	33	3
1983-04-29	4.6	0.4	33	3
1983-04-30	4.4	2.2	30	5
1983-05-01	0	1.2	32	5
1983-05-02	0	5.5	34	5
1983-05-03	0	5.8	33	4
1983-05-04	3	0.8	35	2
1983-05-05	0	5.8	36	3
1983-05-06	0	2.7	33	5
1983-05-07	0	3.1	30	4
1983-05-08	0	1.9	35	3
1983-05-09	0	3.4	36	5
1983-05-10	0	2.7	33	5
1983-05-11	0	3	36	3
1983-05-12	2	NULO	32	5
1983-05-13	0	1.9	34	3
1983-05-14	0	1.6	33	2
1983-05-15	0	0.3	36	2
1983-05-16	8.2	1.8	34	4
1983-05-17	0	1.5	34	3
1983-05-18	0	1.4	36	5
1983-05-19	0	1.8	33	4
1983-05-20	0	2	34	2
1983-05-21	0	2.6	30	3
1983-05-22	3	4.3	35	4
1983-05-23	1.5	3.7	35	3
1983-05-24	7	3.6	36	2
1983-05-25	14.4	10.1	29	4
1983-05-26	0	2.2	31	2
1983-05-27	0	1.4	31	3
1983-05-28	0	2.1	34	4
1983-05-29	0	2.7	31	5
1983-05-30	0	4.4	36	3
1983-05-31	0	3.7	35	6
1983-06-01	0	2.7	34	5
1983-06-02	0	3.4	33	3
1983-06-03	19	10	33	3
1983-06-04	4.3	3	30	4
1983-06-05	2	2.3	31	2
1983-06-06	0	1.5	32	2
1983-06-07	4.2	2.7	29	2
1983-06-08	0	3.1	31	1
1983-06-09	24.9	NULO	29	1
1983-06-10	145.6	NULO	30	1
1983-06-11	0	NULO	31	2
1983-06-12	0	3.5	34	2
1983-06-13	0	4.8	36	3
1983-06-14	0	5.3	35	5
1983-06-15	0	4.4	34	4
1983-06-16	0	5.6	36	3
1983-06-17	0	3.3	36	5
1983-06-18	0	4.8	35	5
1983-06-19	0	3.5	31	4
1983-06-20	0	4	32	2
1983-06-21	0	3.5	33	2
1983-06-22	0	2.7	33	2
1983-06-23	0	2.5	34	3
1983-06-24	13.3	5.8	30	3
1983-06-25	1.8	3	30	2
1983-06-26	6.7	0.4	31	2
1983-06-27	30.5	2.6	30	3
1983-06-28	0	4.8	32	2
1983-06-29	0	8.9	34	3
1983-06-30	0	9.1	35	4
1983-07-01	22	NULO	32	4
1983-07-02	0	3.5	33	3
1983-07-03	0	1.8	34	4
1983-07-04	2	3.4	35	5
1983-07-05	0	4.1	34	4
1983-07-06	13.5	4.9	31	3
1983-07-07	2.8	4.1	30	2
1983-07-08	16	1	29	3
1983-07-09	25.5	3.5	27	1
1983-07-10	13	2.1	29	1
1983-07-11	8	2.2	31	2
1983-07-12	34	3.8	30	2
1983-07-13	6	3.5	29	2
1983-07-14	34.5	0.5	29	1
1983-07-15	11.2	3.9	30	1
1983-07-16	0	1.6	32	2
1983-07-17	1	1.6	33	3
1983-07-18	0	2.5	34	2
1983-07-19	0	3.2	32	3
1983-07-20	0	2.9	32	2
1983-07-21	0	3.7	29	3
1983-07-22	0	2.2	29	2
1983-07-23	0	4.1	30	2
1983-07-24	0	2.3	31	2
1983-07-25	8	2	31	3
1983-07-26	5.5	2.3	30	2
1983-07-27	4.8	2.2	32	2
1983-07-28	6.2	3.5	34	3
1983-07-29	4.1	1.3	29	3
1983-07-30	0	1.9	34	2
1983-07-31	0	0.4	34	3
1983-08-01	8.2	4.2	35	4
1983-08-02	0	2.9	33	6
1983-08-03	0	1.8	34	4
1983-08-04	0	2.9	33	4
1983-08-05	10.6	2.1	34	3
1983-08-06	0	3.1	35	4
1983-08-07	0	1.6	35	6
1983-08-08	0	5	35	6
1983-08-09	17.2	2.4	33	7
1983-08-10	9	1	32	5
1983-08-11	0	2.5	35	4
1983-08-12	0	2.3	36	5
1983-08-13	0	3.3	35	6
1983-08-14	0	1.4	33	6
1983-08-15	0	4.2	34	7
1983-08-16	0	3.4	35	6
1983-08-17	0	2.8	36	6
1983-08-18	0	4.7	35	6
1983-08-19	0	2.7	32	7
1983-08-20	2	2	34	5
1983-08-21	0	3.1	35	6
1983-08-22	1.9	NULO	34	7
1983-08-23	4.7	NULO	35	5
1983-08-24	36.4	NULO	33	6
1983-08-25	81.5	NULO	34	4
1983-08-26	6	NULO	34	6
1983-08-27	1.9	NULO	32	5
1983-08-28	1.2	1.1	34	4
1983-08-29	1.6	1.5	35	4
1983-08-30	1	2	34	6
1983-08-31	0	NULO	35	6
1983-09-01	0	1.5	35	6
1983-09-02	2.5	3.8	33	7
1983-09-03	8	2.2	34	5
1983-09-04	7.3	1.2	34	4
1983-09-05	25.8	2.2	33	4
1983-09-06	0.01	2.3	34	6
1983-09-07	11.2	3	33	5
1983-09-08	27	1.6	33	4
1983-09-09	34.8	5.7	31	5
1983-09-10	0	1.6	33	3
1983-09-11	0.01	3	35	5
1983-09-12	0.01	0.5	35	6
1983-09-13	0	1.7	34	7
1983-09-14	0	4.4	35	6
1983-09-15	0	4.5	35	6
1983-09-16	62.8	NULO	31	7
1983-09-17	141	NULO	29	5
1983-09-18	0	3.1	31	2
1983-09-19	0	2.1	34	3
1983-09-20	0	4.1	35	4
1983-09-21	0	5	34	7
1983-09-22	0	1.6	36	6
1983-09-23	43.7	3.5	33	6
1983-09-24	2.8	2	32	3
1983-09-25	0	2.5	31	4
1983-09-26	0	3.5	35	6
1983-09-27	124	NULO	30	7
1983-09-28	75.3	1.1	28	3
1983-09-29	45	7.7	30	1
1983-09-30	38	NULO	31	2
1983-10-01	12.5	NULO	31	6
1983-10-02	21.3	3	31	2
1983-10-03	0	0.5	32	3
1983-10-04	0	3.2	34	4
1983-10-05	12.8	2.9	34	5
1983-10-06	2.5	2.4	31	6
1983-10-07	0	1	34	5
1983-10-08	0	1.1	36	6
1983-10-09	0	2.7	35	7
1983-10-10	6.9	1.8	32	6
1983-10-11	8.2	2.2	35	4
1983-10-12	0	4.8	36	6
1983-10-13	0	NULO	35	7
1983-10-14	0	2.4	34	6
1983-10-15	0	2.3	36	3
1983-10-16	0	1.6	36	7
1983-10-17	0	1.8	34	7
1983-10-18	12	2.8	33	5
1983-10-19	18	1.7	34	2
1983-10-20	0	0.3	32	4
1983-10-21	0	2.4	34	3
1983-10-22	10.8	0.3	33	5
1983-10-23	0	1.9	34	6
1983-10-24	0	0.8	35	5
1983-10-25	7.8	0.4	34	6
1983-10-26	0	2.4	35	7
1983-10-27	0	1.1	34	6
1983-10-28	0	1.1	35	7
1983-10-29	0	1.9	34	6
1983-10-30	2.7	1.2	35	4
1983-10-31	25.9	NULO	34	5
1983-11-01	0	NULO	29	5
1983-11-02	0	3	32	2
1983-11-03	0	1.5	34	4
1983-11-04	0	2.1	34	3
1983-11-05	0	3.1	32	6
1983-11-06	0.01	4.1	33	4
1983-11-07	0	2.2	33	6
1983-11-08	0	2	34	5
1983-11-09	0	1.5	32	7
1983-11-10	0	0.7	33	2
1983-11-11	0	0.9	31	4
1983-11-12	0	1.9	33	4
1983-11-13	0	1.2	28	2
1983-11-14	0	2.8	30	2
1983-11-15	0	1.1	32	3
1983-11-16	0	2	31	3
1983-11-17	0	3.8	29	4
1983-11-18	0	3.4	31	3
1983-11-19	0	4.3	30	3
1983-11-20	0	4.3	31	3
1983-11-21	0	2.2	32	3
1983-11-22	0.01	3.8	30	4
1983-11-23	0	3.7	26	2
1983-11-24	0	0.6	29	1
1983-11-25	0	1.1	31	3
1983-11-26	0	3.9	30	4
1983-11-27	0	1.6	27	3
1983-11-28	0	0.2	31	1
1983-11-29	0	0.9	29	3
1983-11-30	0	0.2	26	3
1983-12-01	0.01	NULO	29	2
1983-12-02	0	NULO	30	3
1983-12-03	0	NULO	30	4
1983-12-04	0	NULO	31	3
1983-12-05	0	NULO	29	3
1983-12-06	7.2	NULO	27	4
1983-12-07	0	NULO	30	2
1983-12-08	0	NULO	28	3
1983-12-09	0	NULO	29	2
1983-12-10	0	NULO	31	3
1983-12-11	0	NULO	29	3
1983-12-12	0	NULO	28	2
1983-12-13	0	NULO	30	2
1983-12-14	0	NULO	31	3
1983-12-15	0	NULO	30	3
1983-12-16	0	NULO	29	4
1983-12-17	0.01	NULO	27	2
1983-12-18	6.4	NULO	27	1
1983-12-19	0	NULO	26	1
1983-12-20	0	NULO	24	2
1983-12-21	0	NULO	17	2
1983-12-22	0	NULO	14	2
1983-12-23	8	NULO	14	1
1983-12-24	6	NULO	11	1
1983-12-25	0.01	NULO	16	-4
1983-12-26	0	NULO	21	-2
1983-12-27	0	NULO	26	1
1983-12-28	0	NULO	22	2
1983-12-29	0	NULO	13	1
1983-12-30	0	NULO	13	-2
1983-12-31	0	NULO	12	1
1984-01-01	0	4.8	14	1
1984-01-02	5	0.5	24	1
1984-01-03	0.01	0.6	26	2
1984-01-04	0	1	22	2
1984-01-05	0	1.3	27	2
1984-01-06	0	2.1	26	2
1984-01-07	0	3	28	3
1984-01-08	0	4.4	27	3
1984-01-09	0	3	24	3
1984-01-10	7.9	0.2	22	2
1984-01-11	4.4	1.2	23	-1
1984-01-12	0	2.9	22	1
1984-01-13	0	1.9	26	2
1984-01-14	0	2.2	27	3
1984-01-15	0	1.4	26	3
1984-01-16	0	2.7	26	3
1984-01-17	0.01	1	23	3
1984-01-18	0.01	1	18	1
1984-01-19	0.01	1	17	-1
1984-01-20	0.01	0.8	16	-2
1984-01-21	5.6	3.8	19	-2
1984-01-22	0	1.2	23	2
1984-01-23	0	1.6	23	2
1984-01-24	0	1.7	24	2
1984-01-25	0	1.7	25	2
1984-01-26	0	2.7	28	2
1984-01-27	7.4	0.1	21	4
1984-01-28	0	1.5	22	2
1984-01-29	0	1.9	23	2
1984-01-30	4	0.3	18	2
1984-01-31	4.9	0.5	22	1
1984-02-01	0	0.5	24	2
1984-02-02	9.4	1.9	21	2
1984-02-03	0.01	1.2	24	2
1984-02-04	0.01	0.9	20	3
1984-02-05	8.3	0.4	20	1
1984-02-06	6.8	1.2	22	1
1984-02-07	2.7	1.3	23	1
1984-02-08	0.01	0.5	23	2
1984-02-09	0	1.8	25	2
1984-02-10	0	2.7	25	2
1984-02-11	0	2.8	26	3
1984-02-12	0	2.3	27	3
1984-02-13	0	3.6	28	4
1984-02-14	0	3.2	26	4
1984-02-15	0	2.5	28	3
1984-02-16	0	2.8	26	4
1984-02-17	0	2.7	27	3
1984-02-18	0	3.1	29	3
1984-02-19	0	1.5	19	3
1984-02-20	1.2	0.1	20	1
1984-02-21	0	0.7	20	2
1984-02-22	1.9	1	21	2
1984-02-23	0	2.6	24	3
1984-02-24	0	2.2	21	3
1984-02-25	0	2.7	25	5
1984-02-26	0	1.2	24	6
1984-02-27	0	5	24	8
1984-02-28	90.4	1.5	26	7
1984-02-29	0	2.3	30	8
1984-03-01	0	5	32	9
1984-03-02	0	1.9	33	11
1984-03-03	0	3.7	34	7
1984-03-04	24.9	2.1	31	9
1984-03-05	0	1.6	32	6
1984-03-06	0	2.9	34	6
1984-03-07	0	2.3	34	5
1984-03-08	0	2.6	35	8
1984-03-09	0	4	34	9
1984-03-10	0	3.4	34	8
1984-03-11	0	4.5	36	9
1984-03-12	0	4.7	36	11
1984-03-13	0	4.1	35	10
1984-03-14	0	4.8	36	8
1984-03-15	0	5.8	36	1
1984-03-16	0	4.4	36	1
1984-03-17	0	4.3	35	8
1984-03-18	0	3.9	36	9
1984-03-19	0	5	35	9
1984-03-20	0	4.6	35	9
1984-03-21	0.01	2.6	33	10
1984-03-22	2.5	0.4	33	7
1984-03-23	3	0.4	32	9
1984-03-24	0	1.7	33	8
1984-03-25	20	0.5	32	8
1984-03-26	13.5	0.2	30	7
1984-03-27	3	0.6	30	7
1984-03-28	0	1.2	31	7
1984-03-29	4.8	0.5	30	7
1984-03-30	0	3.4	31	7
1984-03-31	0	3.7	33	8
1984-04-01	0	NULO	35	9
1984-04-02	0	4.2	36	8
1984-04-03	0	5.2	35	8
1984-04-04	0	7.3	36	9
1984-04-05	0	6.1	36	10
1984-04-06	0	3.8	36	5
1984-04-07	0	4.5	36	5
1984-04-08	0	4.2	36	8
1984-04-09	0	6.8	38	9
1984-04-10	0	8.5	34	11
1984-04-11	0	6.7	35	5
1984-04-12	0	7.2	37	7
1984-04-13	0	8.6	34	9
1984-04-14	24.9	3.8	29	8
1984-04-15	0.01	0.6	31	6
1984-04-16	0	2.8	34	8
1984-04-17	0	6.7	32	7
1984-04-18	0	4.4	36	6
1984-04-19	0	7.3	36	8
1984-04-20	0	4.8	32	6
1984-04-21	0	8.3	36	6
1984-04-22	0	6.6	35	9
1984-04-23	0	6.2	34	8
1984-04-24	0	4.5	36	8
1984-04-25	0	5.8	37	10
1984-04-26	0	7.2	34	10
1984-04-27	0	7.6	34	8
1984-04-28	0	7.1	32	8
1984-04-29	0	4.4	30	6
1984-04-30	0	6.3	34	6
1984-05-01	0	NULO	31	3
1984-05-02	0	5.4	35	4
1984-05-03	0	3.2	36	9
1984-05-04	0	5.8	36	8
1984-05-05	0	4.7	34	7
1984-05-06	0	4.7	35	6
1984-05-07	0	5.4	36	9
1984-05-08	119.4	4.1	28	10
1984-05-09	0	3.4	33	3
1984-05-10	0	2.3	33	7
1984-05-11	0	3.3	34	4
1984-05-12	0	3.9	36	4
1984-05-13	69.8	3.2	33	8
1984-05-14	16.9	4	33	7
1984-05-15	0	2.7	32	8
1984-05-16	0	2.3	30	5
1984-05-17	98.8	3.8	31	5
1984-05-18	0	4.2	29	4
1984-05-19	0.01	2.6	28	4
1984-05-20	0	2.6	33	3
1984-05-21	0	5.3	35	7
1984-05-22	0	4.5	36	7
1984-05-23	190	6.5	31	9
1984-05-24	0	NULO	30	7
1984-05-25	0	2.6	32	6
1984-05-26	48.6	2.3	31	8
1984-05-27	198	3.3	32	7
1984-05-28	68.4	NULO	31	8
1984-05-29	176.9	3.2	30	7
1984-05-30	20.9	2.2	34	7
1984-05-31	0	2	33	9
1984-06-01	0	2	31	8
1984-06-02	0	4.5	31	8
1984-06-03	0	3.5	35	7
1984-06-04	4.4	3.4	34	10
1984-06-05	0	5.2	34	8
1984-06-06	0	3.3	36	6
1984-06-07	0	5.1	36	9
1984-06-08	0	4.3	35	10
1984-06-09	32.1	4	32	5
1984-06-10	0	3.3	34	6
1984-06-11	0	3.6	33	7
1984-06-12	0	5.6	35	5
1984-06-13	68.7	2.1	31	6
1984-06-14	41.7	1.5	32	6
1984-06-15	36.8	2.2	35	8
1984-06-16	0	4.4	34	8
1984-06-17	7.4	5.5	36	7
1984-06-18	14.6	1.4	35	9
1984-06-19	0.01	1.2	36	7
1984-06-20	0	3.7	35	9
1984-06-21	0	3.5	35	9
1984-06-22	0	3	36	8
1984-06-23	0	3.8	37	8
1984-06-24	0	4.3	35	9
1984-06-25	0	5.5	35	8
1984-06-26	0	3.8	34	7
1984-06-27	0	4.5	36	9
1984-06-28	0	4.2	35	11
1984-06-29	0	3.3	35	9
1984-06-30	0	2.5	35	8
1984-07-01	0	NULO	34	8
1984-07-02	0	2.4	36	9
1984-07-03	0	3.4	35	8
1984-07-04	13.4	3.3	33	9
1984-07-05	0	2.5	34	7
1984-07-06	0	2.8	34	8
1984-07-07	24.9	2.5	33	9
1984-07-08	0	2.5	34	7
1984-07-09	0	2.2	35	8
1984-07-10	0	2.3	35	9
1984-07-11	39.8	4.8	28	8
1984-07-12	161.2	3	27	6
1984-07-13	74.6	2.2	30	5
1984-07-14	18.4	1.4	30	7
1984-07-15	0.01	2.2	31	8
1984-07-16	8.5	2.2	29	8
1984-07-17	0	2.2	37	6
1984-07-18	27.6	2.3	31	11
1984-07-19	0	2.2	34	8
1984-07-20	0	2.8	36	9
1984-07-21	0	2.9	33	8
1984-07-22	0	3.5	32	7
1984-07-23	0	5.7	34	7
1984-07-24	3.9	2.7	33	9
1984-07-25	21.4	2.4	32	8
1984-07-26	39	2.3	30	7
1984-07-27	0	1.9	35	6
1984-07-28	109.6	3.2	32	9
1984-07-29	78.4	3.2	33	9
1984-07-30	0	2.7	37	9
1984-07-31	0	4.4	33	9
1984-08-01	0.01	3.5	33	7
1984-08-02	8.8	3.6	33	6
1984-08-03	13.6	2.3	33	8
1984-08-04	9.8	2.1	34	6
1984-08-05	0.01	1.3	32	8
1984-08-06	7.2	1.9	31	6
1984-08-07	0	2.5	34	7
1984-08-08	5.7	2.5	35	8
1984-08-09	0	2.4	35	9
1984-08-10	0	2.9	36	10
1984-08-11	0	2.6	35	10
1984-08-12	0	4.2	35	8
1984-08-13	0	3.2	34	7
1984-08-14	0	2.8	35	7
1984-08-15	64	1.9	33	9
1984-08-16	0.01	1.6	32	7
1984-08-17	3	2	34	6
1984-08-18	0	3.8	35	9
1984-08-19	0	3.5	36	9
1984-08-20	0	3.8	35	10
1984-08-21	38.5	3.1	33	7
1984-08-22	126	2	31	6
1984-08-23	76.2	1.5	32	6
1984-08-24	89	1.1	34	8
1984-08-25	5.8	2	35	8
1984-08-26	9.2	3.2	33	9
1984-08-27	69.6	2.3	33	7
1984-08-28	0	2.5	35	7
1984-08-29	0	3.9	35	9
1984-08-30	0	13.6	36	9
1984-08-31	3.6	3.1	34	9
1984-10-01	5.6	6.7	32	5
1984-10-02	0	1	33	5
1984-10-03	0	1.4	35	7
1984-10-04	0	1.4	35	8
1984-10-05	0	NULO	36	9
1984-10-06	0	1.8	35	9
1984-10-07	0	2	36	9
1984-10-08	0	2.1	34	10
1984-10-09	0	2.2	35	8
1984-10-10	0	2	36	8
1984-10-11	0	2.4	35	9
1984-10-12	0	2	35	8
1984-10-13	0	3.5	36	9
1984-10-14	0	3.4	36	12
1984-10-15	0	3.5	37	12
1984-10-16	0	5	35	13
1984-10-17	0	4.4	36	10
1984-10-18	0	3.1	36	11
1984-10-19	0	2.6	36	12
1984-10-20	0	4.4	36	11
1984-10-21	0	3.9	37	12
1984-10-22	24.8	4	32	12
1984-10-23	0	3.3	33	9
1984-10-24	0	1.6	36	8
1984-10-25	0	1.4	35	9
1984-10-26	0	1.3	35	8
1984-10-27	0	1.4	36	9
1984-10-28	0.01	1	36	8
1984-10-29	18.5	1.1	36	10
1984-10-30	9.4	1.4	36	10
1984-10-31	0	1.1	34	9
1984-11-01	0.01	NULO	35	7
1984-11-02	4.4	1.1	35	11
1984-11-03	5.3	1	36	10
1984-11-04	0	1.1	33	12
1984-11-05	0	2.9	34	8
1984-11-06	0	2.8	35	10
1984-11-07	0	4.4	36	11
1984-11-08	0	4	34	12
1984-11-09	0	4.1	36	12
1984-11-10	25.3	4.1	35	12
1984-11-11	0	3.9	36	11
1984-11-12	0	3.7	35	13
1984-11-13	0	3.6	36	11
1984-11-14	0	2.6	35	10
1984-11-15	0	3.4	36	9
1984-11-16	0	2.8	36	10
1984-11-17	0	2.3	36	11
1984-11-18	0	3.9	34	10
1984-11-19	15	2.2	33	8
1984-11-20	4.3	1.7	30	6
1984-11-21	4.1	0.8	28	2
1984-11-22	4.1	0.6	32	1
1984-11-23	0.01	0.7	34	6
1984-11-24	0	0.9	35	8
1984-11-25	0	1.7	35	10
1984-11-26	0.01	2.2	30	10
1984-11-27	0	3	33	2
1984-11-28	0	0.9	35	5
1984-11-29	0	2.6	35	8
1984-11-30	0	3.1	36	10
1984-12-01	0	2.1	36	9
1984-12-02	0.01	3	39	10
1984-12-03	0.01	1.9	37	8
1984-12-04	0	1.4	35	8
1984-12-05	0.01	2.4	30	8
1984-12-06	0	NULO	31	3
1984-12-07	0	1	33	4
1984-12-08	0	2.1	37	6
1984-12-09	0	2.9	35	8
1984-12-10	0	2.5	35	10
1984-12-11	0	2.1	34	9
1984-12-12	0	3.9	35	10
1984-12-13	0	2.9	34	9
1984-12-14	0	2	35	10
1984-12-15	0	1.8	35	10
1984-12-16	0	2.4	34	11
1984-12-17	0	3.6	34	9
1984-12-18	0	2.1	34	10
1984-12-19	0	2	36	9
1984-12-20	0	1.5	35	9
1984-12-21	0	1.9	35	10
1984-12-22	0	2.9	36	10
1984-12-23	0	2.8	34	10
1984-12-24	0.01	2.1	34	8
1984-12-25	3.6	0.7	35	7
1984-12-26	0	0.8	35	9
1984-12-27	0	1	35	9
1984-12-28	0	0.6	36	10
1984-12-29	0	2.4	34	11
1984-12-30	0	2	35	7
1984-12-31	0	2.3	34	10
1985-01-01	0.01	0.3	30	8
1985-01-02	0	0.6	18	6
1985-01-03	0	0.7	26	1
1985-01-04	0	1.1	28	1
1985-01-05	0	1.4	28	4
1985-01-06	0	1.4	30	7
1985-01-07	0	2.7	34	8
1985-01-08	0	2.8	33	10
1985-01-09	0	2.2	34	10
1985-01-10	8.6	1.7	34	9
1985-01-11	14.6	NULO	28	8
1985-01-12	17.4	0.8	28	2
1985-01-13	0	1.1	30	2
1985-01-14	0	1.1	31	2
1985-01-15	0	1.2	33	6
1985-01-16	0.01	0.9	29	8
1985-01-17	0	0.6	30	1
1985-01-18	0	1.3	33	2
1985-01-19	0	2	34	5
1985-01-20	6.7	0.1	15	6
1985-01-21	0	0.1	18	-2
1985-01-22	0	1.1	24	1
1985-01-23	0	1.3	28	2
1985-01-24	0	0.3	32	6
1985-01-25	0	0.8	30	8
1985-01-26	4.6	2.1	30	6
1985-01-27	0	1.1	31	6
1985-01-28	0	1.4	33	6
1985-01-29	0	1.6	33	8
1985-01-30	0	3.2	34	9
1985-01-31	0	4.2	29	9
1985-02-01	0.01	NULO	15	3
1985-02-02	0	NULO	18	-2
1985-02-03	0	0.5	26	3
1985-02-04	0	1.1	28	4
1985-02-05	0.01	0.5	23	5
1985-02-06	0.01	0.4	26	2
1985-02-07	3.6	NULO	28	3
1985-02-08	0	0.5	30	2
1985-02-09	0	1.2	31	6
1985-02-10	0	2.4	34	7
1985-02-11	3.3	2.4	26	8
1985-02-12	0	0.3	28	4
1985-02-13	0	1.2	28	5
1985-02-14	0	1.3	30	7
1985-02-15	0	1.2	32	8
1985-02-16	0	1.8	34	8
1985-02-17	0	2.2	35	9
1985-02-18	7.6	1.1	33	8
1985-02-19	0.01	0.3	34	6
1985-02-20	0	0.8	33	6
1985-02-21	4.2	1.5	36	7
1985-02-22	0	1.5	34	6
1985-02-23	0	2.4	34	8
1985-02-24	26.4	1.2	30	8
1985-02-25	0	1.2	32	6
1985-02-26	0	1.6	32	8
1985-02-27	0	1.8	34	6
1985-02-28	0	1.3	34	8
1985-03-01	0	1.4	34	9
1985-03-02	0	2.8	34	8
1985-03-03	0	3.1	34	9
1985-03-04	13.5	3.1	28	8
1985-03-05	0	2.3	31	4
1985-03-06	0.01	1.4	28	6
1985-03-07	0	2.4	30	4
1985-03-08	12.8	1.4	30	4
1985-03-09	0.01	0.2	30	5
1985-03-10	0	1.4	32	5
1985-03-11	0	2.1	32	6
1985-03-12	0	0.6	33	6
1985-03-13	0	0.9	33	6
1985-03-14	4.8	1.7	29	6
1985-03-15	0.01	10.1	30	4
1985-03-16	3.2	10.1	26	4
1985-03-17	6.2	1.1	27	2
1985-03-18	6.8	1.3	29	3
1985-03-19	0	1.3	31	2
1985-03-20	0	2.1	34	5
1985-03-21	0	2.7	35	8
1985-03-22	0	2.4	35	9
1985-03-23	0	1.9	33	9
1985-03-24	0	1.6	34	7
1985-03-25	0	2.5	34	8
1985-03-26	0	2.4	33	8
1985-03-27	0	0.5	35	9
1985-03-28	0	2.5	36	9
1985-03-29	0	3	36	12
1985-03-30	0	2.8	32	12
1985-03-31	0	1.7	33	8
1985-04-01	0	2.2	33	6
1985-04-02	0	2.3	33	6
1985-04-03	0	2.6	35	8
1985-04-04	0	3.2	36	10
1985-04-05	0	3.6	36	11
1985-04-06	0	3.5	35	11
1985-04-07	69.8	1.9	32	12
1985-04-08	97.8	1.2	32	8
1985-04-09	12.2	1.1	33	6
1985-04-10	0	1.3	34	4
1985-04-11	0	1.6	34	7
1985-04-12	103	1.1	31	8
1985-04-13	26.2	1	30	4
1985-04-14	13	1.1	33	4
1985-04-15	0	1.1	34	6
1985-04-16	0	1.4	34	8
1985-04-17	0	2.2	35	8
1985-04-18	0	2.4	35	9
1985-04-19	0	2.2	34	9
1985-04-20	0	2.3	35	8
1985-04-21	0	2	35	10
1985-04-22	0	2	35	9
1985-04-23	0	1.8	33	9
1985-04-24	0	1.9	35	8
1985-04-25	0	3.6	36	7
1985-04-26	0	4	36	11
1985-04-27	0	3.5	36	12
1985-04-28	0	3	35	12
1985-04-29	0	2.9	34	10
1985-04-30	0	2.8	35	8
1985-05-01	0	4.3	35	9
1985-05-02	57.2	0.3	33	10
1985-05-03	0	2.2	30	7
1985-05-04	0.01	0.9	33	7
1985-05-05	0	1.2	34	6
1985-05-06	0	3.6	35	7
1985-05-07	0	3.7	36	9
1985-05-08	0	3.7	35	10
1985-05-09	0	3.4	36	10
1985-05-10	0	3.7	35	10
1985-05-11	0	0.8	34	8
1985-05-12	0	3.9	35	8
1985-05-13	0	3.4	33	9
1985-05-14	79.2	3.4	31	8
1985-05-15	0	1.8	32	6
1985-05-16	26.9	1.7	31	6
1985-05-17	0	2	34	5
1985-05-18	16.7	2.3	32	8
1985-05-19	0	2.1	34	7
1985-05-20	0	3.2	34	6
1985-05-21	0	3.3	35	6
1985-05-22	0	3.1	34	7
1985-05-23	0	3.2	34	9
1985-05-24	0	3.3	35	10
1985-05-25	0	3.3	35	10
1985-05-26	0	3.4	35	9
1985-05-27	0	3.4	34	11
1985-05-28	0	3.3	36	9
1985-05-29	0	3.5	34	12
1985-05-30	0	3.4	36	10
1985-05-31	0	3.3	36	12
1985-06-01	0	3.5	35	9
1985-06-02	0	2.9	34	7
1985-06-03	28.9	2.3	33	6
1985-06-04	0.01	2.2	36	7
1985-06-05	62.8	2.6	33	10
1985-06-06	113.6	2.6	33	8
1985-06-07	0	2.7	34	7
1985-06-08	0	3.3	35	8
1985-06-09	0	3	34	10
1985-06-10	0	2.7	35	7
1985-06-11	0	2.5	33	7
1985-06-12	76	2.2	32	8
1985-06-13	23.6	2.3	34	6
1985-06-14	0	2.5	35	7
1985-06-15	0	2.2	35	8
1985-06-16	29.2	2.1	33	7
1985-06-17	0	2	35	6
1985-06-18	42.7	NULO	33	8
1985-06-19	14	2.1	32	7
1985-06-20	39.4	1.5	34	5
1985-06-21	85.8	1.3	33	8
1985-06-22	62.2	1.4	34	8
1985-06-23	33.6	2.1	33	7
1985-06-24	29.4	1.7	33	6
1985-06-25	22.1	1.5	34	7
1985-06-26	27	2	35	8
1985-06-27	98.6	1.7	34	9
1985-06-28	74.6	2	32	8
1985-06-29	26.6	2.2	34	6
1985-06-30	0	NULO	34	7
1985-07-01	0	2.1	35	7
1985-07-02	0	2.3	35	8
1985-07-03	94.8	1.7	33	8
1985-07-04	0	1.1	33	6
1985-07-05	0	1.3	35	7
1985-07-06	76.2	1.4	33	9
1985-07-07	108	1.7	34	6
1985-07-08	0	1.1	35	7
1985-07-09	0	1.4	35	9
1985-07-10	0	2.3	35	10
1985-07-11	0	2.4	34	9
1985-07-12	0	2.7	35	8
1985-07-13	43.3	2.4	32	9
1985-07-14	189.6	0.7	31	5
1985-07-15	110	NULO	32	4
1985-07-16	37.8	1.6	34	6
1985-07-17	0	1.7	35	7
1985-07-18	0	2	35	9
1985-07-19	0	2.3	34	10
1985-07-20	22.6	2.1	32	9
1985-07-21	0	2.1	34	9
1985-07-22	0	2.2	34	10
1985-07-23	4	2.2	33	9
1985-07-24	0	2.3	34	10
1985-07-25	39.2	2	32	10
1985-07-26	0	2.6	35	7
1985-07-27	0	2.5	34	9
1985-07-28	0	2.7	33	10
1985-07-29	197.6	NULO	31	8
1985-07-30	52.5	1	32	7
1985-07-31	37.6	NULO	33	8
1985-08-01	0.01	NULO	35	9
1985-08-02	0	1.8	35	9
1985-08-03	0	1.9	34	9
1985-08-04	3.6	3.6	34	9
1985-08-05	0	3.2	35	8
1985-08-06	0	2.7	35	10
1985-08-07	0	2.7	34	10
1985-08-08	0	2	37	9
1985-08-09	0	3.3	35	9
1985-08-10	0	3.7	35	10
1985-08-11	0	2.1	34	11
1985-08-12	0	2.3	35	9
1985-08-13	0	0.7	35	10
1985-08-14	0	3.1	37	10
1985-08-15	12.3	2.2	33	9
1985-08-16	0	2	34	8
1985-08-17	0	2.7	30	10
1985-08-18	14.4	2.1	34	7
1985-08-19	0	1.7	35	9
1985-08-20	0	2	35	9
1985-08-21	0	2.1	36	10
1985-08-22	0	2.5	33	11
1985-08-23	18.6	2.4	31	8
1985-08-24	19	1.7	32	8
1985-08-25	15.8	1.6	32	8
1985-08-26	0	1.5	34	7
1985-08-27	14.2	2.4	33	9
1985-08-28	0.01	1.4	34	8
1985-08-29	0	1.4	36	8
1985-08-30	0	2.4	36	10
1985-08-31	0	2.9	36	11
1985-09-01	0	3.1	35	10
1985-09-02	0	3.2	36	10
1985-09-03	0	3.4	35	11
1985-09-04	14.4	2.8	33	10
1985-09-05	0	3.1	35	8
1985-09-06	0	3.6	36	9
1985-09-07	0.01	3.1	34	10
1985-09-08	0	3.5	35	8
1985-09-09	0	3.8	36	10
1985-09-10	0	3.7	35	10
1985-09-11	0	3.5	35	9
1985-09-12	0	3.6	36	10
1985-09-13	24.1	2.8	32	9
1985-09-14	19.4	0.5	32	8
1985-09-15	18	1	33	8
1985-09-16	22.6	1.3	33	9
1985-09-17	0.01	1.3	35	10
1985-09-18	0.01	1.4	35	10
1985-09-19	16.4	2.3	34	11
1985-09-20	9.9	2.4	34	8
1985-09-21	0	2.6	34	10
1985-09-22	0	2.8	34	9
1985-09-23	0	2.6	34	10
1985-09-24	0	2.7	35	9
1985-09-25	0	3.4	36	11
1985-09-26	26.7	2.7	33	10
1985-09-27	0	1.6	34	8
1985-09-28	9.5	2.5	33	10
1985-09-29	0	2.5	33	9
1985-09-30	38.9	0.7	33	9
1985-10-01	0	0.5	34	6
1985-10-02	0	1.1	34	7
1985-10-03	0	2.8	35	8
1985-10-04	0	1.5	33	9
1985-10-05	12.9	0.7	34	7
1985-10-06	0	1.4	32	9
1985-10-07	0	1.4	35	8
1985-10-08	0	1.6	34	9
1985-10-09	0	2	34	8
1985-10-10	0	2.1	34	9
1985-10-11	0	2.3	35	9
1985-10-12	0	1.7	35	10
1985-10-13	0	3	34	9
1985-10-14	0	2.9	33	9
1985-10-15	0	2.4	33	8
1985-10-16	0	2.3	34	10
1985-10-17	0	2.3	35	9
1985-10-18	0	2.4	34	10
1985-10-19	9.6	1.6	34	9
1985-10-20	0	1.9	35	9
1985-10-21	0	2.8	35	10
1985-10-22	0	1.8	35	10
1985-10-23	16.1	2.3	34	10
1985-10-24	23	1.6	35	9
1985-10-25	29.4	2.6	34	10
1985-10-26	0	1.5	34	8
1985-10-27	0	3.1	35	9
1985-10-28	0	2.5	34	10
1985-10-29	0	2.2	34	9
1985-10-30	0	2.3	35	9
1985-10-31	0	2.1	35	10
1985-11-01	0	NULO	33	9
1985-11-02	9.6	3	30	7
1985-11-03	0	2.8	33	6
1985-11-04	0	1.8	33	7
1985-11-05	0	1.6	33	6
1985-11-06	0	2.1	34	8
1985-11-07	0	2.3	34	8
1985-11-08	0	2.5	35	8
1985-11-09	0	2.5	35	9
1985-11-10	0	2.6	34	9
1985-11-11	0	2.7	33	8
1985-11-12	0	2.4	34	7
1985-11-13	0	2.5	35	8
1985-11-14	0	2.3	35	9
1985-11-15	0	2.5	35	10
1985-11-16	8.5	2.7	33	10
1985-11-17	0	2.9	36	6
1985-11-18	0	2.2	35	10
1985-11-19	0	2.7	34	10
1985-11-20	12	2	30	10
1985-11-21	0	1.7	34	6
1985-11-22	0	1.1	35	8
1985-11-23	0	2.4	34	10
1985-11-24	0	1.7	35	9
1985-11-25	0	2	36	9
1985-11-26	0	2.9	36	10
1985-11-27	0	3	35	10
1985-11-28	0	3.1	36	9
1985-11-29	0	3.2	36	9
1985-11-30	0	3.2	36	10
1985-12-01	14.6	NULO	34	10
1985-12-02	0	2.3	34	7
1985-12-03	0	2	34	7
1985-12-04	0	2.4	35	9
1985-12-05	0	2.3	34	9
1985-12-06	0	2.9	34	8
1985-12-07	0	3.3	33	9
1985-12-08	0	3.3	34	8
1985-12-09	0	3.4	36	9
1985-12-10	0	3.2	36	9
1985-12-11	0	3.4	35	10
1985-12-12	16.4	3.3	33	9
1985-12-13	0	2	34	7
1985-12-14	0	0.9	34	10
1985-12-15	0	1.6	36	10
1985-12-16	0	3	35	11
1985-12-17	0	2.8	34	9
1985-12-18	0	3.1	36	8
1985-12-19	0	2.4	35	10
1985-12-20	0	2.7	36	9
1985-12-21	0	2.8	34	9
1985-12-22	0	3	34	8
1985-12-23	0	3.1	36	9
1985-12-24	0.01	2.7	33	9
1985-12-25	0	2.8	35	8
1985-12-26	0	1.3	35	9
1985-12-27	0	2.4	35	9
1985-12-28	0	2.7	34	10
1985-12-29	0	2.4	36	8
1985-12-30	0	2.2	35	8
1985-12-31	0	2.6	35	9
1986-01-01	0	NULO	34	9
1986-01-02	0	2.6	34	9
1986-01-03	0	2.2	30	9
1986-01-04	0	1.8	33	7
1986-01-05	0	1.1	35	8
1986-01-06	0	1.9	35	10
1986-01-07	8.4	1.9	29	7
1986-01-08	9.1	2.1	28	6
1986-01-09	0	1.2	30	2
1986-01-10	0	1.2	33	4
1986-01-11	0	1.4	34	7
1986-01-12	0	1.4	34	7
1986-01-13	0	2.1	33	8
1986-01-14	0	2.2	33	7
1986-01-15	0	2.3	34	7
1986-01-16	0	2.4	35	9
1986-01-17	0	2.5	34	9
1986-01-18	0	3.1	34	9
1986-01-19	0	3.2	35	8
1986-01-20	0	2.9	33	8
1986-01-21	0	3.2	34	8
1986-01-22	0	3.3	34	9
1986-01-23	0	3.3	35	9
1986-01-24	0	3.4	35	9
1986-01-25	25.9	3.4	32	9
1986-01-26	0	2.9	33	4
1986-01-27	0	1.1	34	5
1986-01-28	0	1.1	35	9
1986-01-29	0	2.2	33	10
1986-01-30	0	2.2	34	6
1986-01-31	0	1.7	34	9
1986-02-01	0	NULO	34	7
1986-02-02	0	2.1	35	8
1986-02-03	0	2.9	35	9
1986-02-04	0	3.1	36	8
1986-02-05	0	3.2	37	10
1986-02-06	0	3.3	36	10
1986-02-07	0	3.4	36	10
1986-02-08	0	3.3	36	9
1986-02-09	0	3.4	35	9
1986-02-10	5.4	2.9	32	8
1986-02-11	4.2	1.9	32	6
1986-02-12	0	1.6	34	5
1986-02-13	0	1.8	35	8
1986-02-14	0	2	35	8
1986-02-15	0	2.1	36	10
1986-02-16	0	2.3	36	10
1986-02-17	0	2.3	37	11
1986-02-18	0	2.4	36	11
1986-02-19	0	2.5	36	10
1986-02-20	0	2.4	36	10
1986-02-21	0	2.5	34	10
1986-02-22	5.7	2.3	34	7
1986-02-23	0	1.1	34	8
1986-02-24	0	1.8	35	9
1986-02-25	0	2.5	34	10
1986-02-26	0	2.4	35	9
1986-02-27	0	2.5	33	9
1986-02-28	0	2.4	35	7
1986-03-01	0	NULO	34	10
1986-03-02	0	2.3	35	10
1986-03-03	0	2.3	34	11
1986-03-04	17.4	3	33	8
1986-03-05	0	2.5	34	8
1986-03-06	26.2	2	33	9
1986-03-07	0	1.3	34	7
1986-03-08	0	2.1	34	9
1986-03-09	0	2.4	35	10
1986-03-10	0	3.1	37	10
1986-03-11	0	3.2	37	12
1986-03-12	0	3.2	37	11
1986-03-13	0	3.3	36	11
1986-03-14	0	3.1	34	10
1986-03-15	0	3	35	8
1986-03-16	0	3.2	35	9
1986-03-17	0	3.2	36	9
1986-03-18	0	3.3	34	10
1986-03-19	12.3	3.2	31	8
1986-03-20	0	2.4	33	7
1986-03-21	0	1.8	35	8
1986-03-22	0	2.2	34	9
1986-03-23	0	2.3	34	9
1986-03-24	0	2.4	35	9
1986-03-25	0	2.5	34	10
1986-03-26	0	2.4	34	8
1986-03-27	21.3	2.2	33	9
1986-03-28	0	2.1	34	8
1986-03-29	0	2.3	35	9
1986-03-30	0	2.5	35	9
1986-03-31	0	2.8	35	9
1986-04-01	0	NULO	34	9
1986-04-02	0	3.5	36	8
1986-04-03	0	3.6	36	9
1986-04-04	0	2.8	36	10
1986-04-05	0	3.8	36	9
1986-04-06	0	3.5	34	10
1986-04-07	69	4.5	35	8
1986-04-08	97.6	3	33	9
1986-04-09	12.2	2.1	35	7
1986-04-10	0	2.1	34	8
1986-04-11	0	2.9	34	7
1986-04-12	95.2	3	35	8
1986-04-13	26.1	2.9	34	9
1986-04-14	13	2.7	33	7
1986-04-15	0	2.8	34	7
1986-04-16	0	2.8	35	8
1986-04-17	0	2.9	36	8
1986-04-18	0	3.1	36	9
1986-04-19	0	3.1	35	9
1986-04-20	0	3.1	36	8
1986-04-21	0	3.1	36	10
1986-04-22	0	3	35	9
1986-04-23	0	2.9	34	8
1986-04-24	0	2.9	35	7
1986-04-25	0	2.9	36	7
1986-04-26	0	3.1	35	8
1986-04-27	0	3.1	35	8
1986-04-28	0	3.2	35	7
1986-04-29	0	3	36	8
1986-04-30	0	3	35	9
1986-05-01	0	NULO	35	9
1986-05-02	57.2	3	33	10
1986-05-03	0	2.9	30	7
1986-05-04	0.01	2.3	33	7
1986-05-05	0	2.5	34	6
1986-05-06	0	2.5	35	7
1986-05-07	0	3.2	36	9
1986-05-08	0	3.4	35	10
1986-05-09	0	3.3	36	10
1986-05-10	0	3.5	35	10
1986-05-11	0	3.4	34	8
1986-05-12	0	3.5	35	8
1986-05-13	0	3.4	33	9
1986-05-14	79.2	3	31	8
1986-05-15	0	2.9	32	6
1986-05-16	26.9	2.7	31	6
1986-05-17	0	2.5	34	5
1986-05-18	16.7	2.7	32	8
1986-05-19	0	2.5	34	7
1986-05-20	0	2.8	34	6
1986-05-21	0	3	35	6
1986-05-22	0	3.1	34	7
1986-05-23	0	3.2	34	9
1986-05-24	0	3.2	35	10
1986-05-25	0	3.2	35	10
1986-05-26	0	3.3	35	9
1986-05-27	0	3.2	34	11
1986-05-28	0	3.1	36	9
1986-05-29	0	3.2	34	12
1986-05-30	0	3.2	36	10
1986-05-31	0	3.3	36	12
1986-06-01	0	NULO	35	9
1986-06-02	0	2.6	34	7
1986-06-03	28.9	3.3	33	6
1986-06-04	0.01	2.6	36	7
1986-06-05	62.8	2.7	33	8
1986-06-06	113.1	2.4	33	7
1986-06-07	0	2.3	34	7
1986-06-08	0	3.3	35	8
1986-06-09	0	3	34	10
1986-06-10	0	3.3	35	7
1986-06-11	0	3.4	33	7
1986-06-12	76	3	32	8
1986-06-13	23.6	2.9	34	6
1986-06-14	0	2.6	35	7
1986-06-15	0	2.9	35	8
1986-06-16	29.2	2.8	33	7
1986-06-17	0	2.4	35	6
1986-06-18	42.7	2.5	33	8
1986-06-19	14	2.4	32	7
1986-06-20	39.4	2.5	34	5
1986-06-21	85.8	2.1	33	8
1986-06-22	62.2	2.1	34	8
1986-06-23	33.6	2.2	33	7
1986-06-24	29.4	2.1	33	6
1986-06-25	22.1	2	34	7
1986-06-26	27.6	2	35	8
1986-06-27	98.6	2.1	34	9
1986-06-28	74.6	2.1	32	8
1986-06-29	26.1	2.2	34	6
1986-06-30	0	2	34	7
1986-07-01	0	NULO	35	7
1986-07-02	0	2.1	35	8
1986-07-03	94.8	2.2	33	8
1986-07-04	0	2.1	33	6
1986-07-05	0	2.1	35	9
1986-07-06	76.2	2.4	33	9
1986-07-07	108	2.4	34	6
1986-07-08	0	2.3	35	7
1986-07-09	0	2.1	35	9
1986-07-10	0	2.5	35	10
1986-07-11	0	3	34	9
1986-07-12	0	3.1	35	8
1986-07-13	43.3	3.1	32	9
1986-07-14	31.6	2.5	31	5
1986-07-15	0	2	32	4
1986-07-16	0	2.2	34	6
1986-07-17	0	2.4	35	7
1986-07-18	0	2.5	35	9
1986-07-19	0	2.9	36	10
1986-07-20	0	2.7	35	9
1986-07-21	0	2.8	34	9
1986-07-22	0	2.9	35	8
1986-07-23	0	3	35	8
1986-07-24	0	2.9	34	9
1986-07-25	0	3	34	8
1986-07-26	0	3.1	35	9
1986-07-27	0	3.1	35	10
1986-07-28	0	2.9	34	8
1986-07-29	0	3	34	8
1986-07-30	0	2.8	35	9
1986-07-31	0	2.8	35	8
1986-08-01	0	NULO	34	7
1986-08-02	0	3.3	34	7
1986-08-03	0.01	3.2	35	8
1986-08-04	0	2.1	34	6
1986-08-05	0	2.3	35	7
1986-08-06	0	3	35	9
1986-08-07	0	3.5	33	9
1986-08-08	0	2.7	35	7
1986-08-09	0	3.1	34	9
1986-08-10	16.4	3.2	34	6
1986-08-11	0	3.2	35	7
1986-08-12	8.2	2.9	35	8
1986-08-13	0	3	35	8
1986-08-14	0	2.8	34	8
1986-08-15	4.1	2.5	34	6
1986-08-16	0	2.7	35	6
1986-08-17	0	2.5	34	8
1986-08-18	0	2.8	35	8
1986-08-19	0	3.1	35	9
1986-08-20	0	3.2	35	9
1986-08-21	49.6	3.3	34	8
1986-08-22	0	2.9	34	7
1986-08-23	0	2.7	34	7
1986-08-24	27.2	2.5	34	8
1986-08-25	0	2.4	35	7
1986-08-26	0	2.6	35	9
1986-08-27	0	3.2	34	9
1986-08-28	6	3.3	33	8
1986-08-29	0	3.4	35	8
1986-08-30	0	2.3	34	9
1986-08-31	0	2.7	34	9
1986-09-01	0	NULO	34	8
1986-09-02	48.5	2.7	33	8
1986-09-03	68.4	2.4	33	7
1986-09-04	73	2.2	33	7
1986-09-05	72.9	2.1	33	8
1986-09-06	14	2.1	34	6
1986-09-07	113.8	2.4	33	8
1986-09-08	0.01	2.2	34	7
1986-09-09	0	2.3	33	8
1986-09-10	0	2.5	34	8
1986-09-11	0	2.5	34	9
1986-09-12	0	2.5	35	8
1986-09-13	97.4	2.6	35	9
1986-09-14	0	2.5	34	8
1986-09-15	37	2.6	34	8
1986-09-16	0	2.7	34	9
1986-09-17	0	2.6	34	9
1986-09-18	0	2.5	33	9
1986-09-19	21.3	2.4	34	8
1986-09-20	42.9	2.4	34	8
1986-09-21	0	2.2	35	8
1986-09-22	0	2.2	35	9
1986-09-23	0	2.3	35	8
1986-09-24	0	3	35	9
1986-09-25	0.01	2.5	34	9
1986-09-26	92.2	2.3	33	8
1986-09-27	0	2.3	34	7
1986-09-28	19.3	2.2	33	8
1986-09-29	108	2.2	33	8
1986-09-30	0	2.5	33	8
1986-10-01	0	NULO	34	8
1986-10-02	0	2.4	34	9
1986-10-03	9.2	2.4	33	8
1986-10-04	38.6	1.9	32	7
1986-10-05	18.9	1.3	32	7
1986-10-06	22.6	1.2	32	7
1986-10-07	21.4	1.2	32	6
1986-10-08	6.4	1.2	32	6
1986-10-09	0	1.2	34	7
1986-10-10	0	1.5	34	8
1986-10-11	8.2	1.5	35	8
1986-10-12	4.6	1.6	33	8
1986-10-13	5.3	1.6	31	7
1986-10-14	0.01	1.5	30	5
1986-10-15	5.6	1.5	30	5
1986-10-16	0	1.4	31	5
1986-10-17	0	1.4	32	6
1986-10-18	4.2	1.8	32	7
1986-10-19	0	1.8	32	7
1986-10-20	0	1.8	33	6
1986-10-21	0	2	34	7
1986-10-22	0	2	34	8
1986-10-23	0.01	2.1	33	8
1986-10-24	0.01	2.1	33	6
1986-10-25	8.4	1.9	32	6
1986-10-26	0.01	1.6	32	5
1986-10-27	0	1	34	5
1986-10-28	0	1.1	34	6
1986-10-29	0	2.1	34	8
1986-10-30	0	2.1	33	8
1986-10-31	0	2.3	33	8
1986-11-01	0	NULO	33	6
1986-11-02	0.01	2.2	32	6
1986-11-03	0	2	33	6
1986-11-04	0.01	1.9	33	7
1986-11-05	0.01	1.3	31	6
1986-11-06	0	1.2	34	6
1986-11-07	0	1.6	34	7
1986-11-08	0	1.8	33	8
1986-11-09	12.2	1.9	31	8
1986-11-10	0	1.3	32	6
1986-11-11	15.1	1.4	31	7
1986-11-12	9.6	1.1	30	5
1986-11-13	8	1	30	5
1986-11-14	7.9	0.8	30	5
1986-11-15	0	0.8	31	4
1986-11-16	0	1.2	33	6
1986-11-17	0	1.3	33	7
1986-11-18	0	1.6	33	7
1986-11-19	0	1.7	34	7
1986-11-20	0	1.9	34	8
1986-11-21	0	1.9	35	8
1986-11-22	0	2	34	8
1986-11-23	0	2	32	9
1986-11-24	5.3	2	28	7
1986-11-25	0.01	0.9	28	2
1986-11-26	0	NULO	30	4
1986-11-27	27.2	0.8	28	5
1986-11-28	0	NULO	28	4
1986-11-29	0	0.9	30	5
1986-11-30	0	NULO	32	7
1986-12-01	0.01	NULO	29	8
1986-12-02	0	1.9	30	4
1986-12-03	0	2	32	5
1986-12-04	8.9	2	30	6
1986-12-05	0	1.2	31	4
1986-12-06	0	1.7	33	8
1986-12-07	0	1.9	34	8
1986-12-08	0	1.9	34	8
1986-12-09	0.01	2.1	32	6
1986-12-10	5.3	1.9	30	6
1986-12-11	7.4	NULO	30	4
1986-12-12	0	NULO	31	5
1986-12-13	6.2	1.6	31	5
1986-12-14	0	1.5	33	6
1986-12-15	0	2	33	8
1986-12-16	0	2	34	8
1986-12-17	0	2	34	9
1986-12-18	0	1.9	33	9
1986-12-19	0	2.1	34	8
1986-12-20	0.01	2	33	9
1986-12-21	0	1.9	33	8
1986-12-22	3.9	2	29	8
1986-12-23	6	1.7	29	2
1986-12-24	4.6	1.2	32	3
1986-12-25	0	1	34	4
1986-12-26	0.01	2	30	7
1986-12-27	0	2.1	32	2
1986-12-28	7.1	2.2	32	6
1986-12-29	0.01	2	30	6
1986-12-30	0	2	31	4
1986-12-31	0	1.8	33	4
1987-01-01	0	NULO	33	6
1987-01-02	0	1.7	34	6
1987-01-03	0	1.6	30	7
1987-01-04	0	1.6	34	6
1987-01-05	0	1.5	35	5
1987-01-06	0	1.8	34	6
1987-01-07	0	1.9	33	7
1987-01-08	0	1.9	33	6
1987-01-09	0	1.5	31	6
1987-01-10	0	1.3	30	6
1987-01-11	0.01	1.2	29	4
1987-01-12	0.01	1.2	31	2
1987-01-13	0	1.1	32	4
1987-01-14	0	1.1	33	6
1987-01-15	0	1.3	34	7
1987-01-16	0	1.3	34	8
1987-01-17	0	1.2	33	10
1987-01-18	0.01	1.6	30	9
1987-01-19	0	1.3	30	6
1987-01-20	0	1.3	30	8
1987-01-21	0	1.3	30	6
1987-01-22	0	1.2	30	6
1987-01-23	0	1.3	32	6
1987-01-24	0	1.4	33	7
1987-01-25	0	1.5	32	8
1987-01-26	0	1.5	34	9
1987-01-27	0	1.5	34	9
1987-01-28	0	1.6	34	10
1987-01-29	0	1.7	33	10
1987-01-30	0	1.7	34	9
1987-01-31	0	1.6	33	8
1987-02-01	0	NULO	30	8
1987-02-02	0	2.2	34	8
1987-02-03	0	2	33	8
1987-02-04	0	2.1	34	8
1987-02-05	5.3	2.1	30	9
1987-02-06	0	1.9	30	5
1987-02-07	0	1.7	31	5
1987-02-08	0	1.7	34	6
1987-02-09	0	2	34	8
1987-02-10	0	1.9	34	8
1987-02-11	0	2.1	35	6
1987-02-12	0	2.1	34	9
1987-02-13	0	2.1	35	9
1987-02-14	0	2.1	35	8
1987-02-15	0	2.2	35	8
1987-02-16	0	2.1	34	8
1987-02-17	13.6	1.9	29	7
1987-02-18	0	1.6	30	4
1987-02-19	0	1.5	33	5
1987-02-20	0.01	1.7	29	6
1987-02-21	9.3	1.8	28	5
1987-02-22	0.01	1.5	29	4
1987-02-23	0	1.5	30	4
1987-02-24	0	1.7	32	6
1987-02-25	7.4	1.7	30	6
1987-02-26	0	1.6	31	5
1987-02-27	0	1.7	32	5
1987-02-28	0	1.8	33	6
1987-03-01	0	NULO	35	6
1987-03-02	0	1.3	31	5
1987-03-03	17.6	1.3	28	5
1987-03-04	9.1	1.3	25	4
1987-03-05	0	1.1	28	4
1987-03-06	0	1.1	31	6
1987-03-07	0	1.1	32	7
1987-03-08	0	1.2	34	7
1987-03-09	0	1.2	34	6
1987-03-10	0	1.2	33	7
1987-03-11	12.3	1.2	29	6
1987-03-12	9.6	1	28	3
1987-03-13	14.2	0.9	28	2
1987-03-14	0	0.9	29	3
1987-03-15	0	1	31	4
1987-03-16	0	1.1	33	6
1987-03-17	0	1.5	32	8
1987-03-18	0	1.5	33	7
1987-03-19	0	1.5	32	6
1987-03-20	0	1.4	35	6
1987-03-21	0	1.4	35	7
1987-03-22	0	1.6	35	8
1987-03-23	0.01	1.6	32	7
1987-03-24	0	1.5	34	6
1987-03-25	0	1.3	33	6
1987-03-26	0	1.2	30	7
1987-03-27	12	1.2	31	7
1987-03-28	0	1	31	5
1987-03-29	8.4	1	28	4
1987-03-30	0	1	30	3
1987-03-31	0	1	31	4
1987-04-01	0	NULO	32	4
1987-04-02	16.5	2.1	29	5
1987-04-03	0	2.2	30	3
1987-04-04	0	1.8	31	4
1987-04-05	0	1.9	31	4
1987-04-06	9.6	2	28	4
1987-04-07	0	2	30	3
1987-04-08	0.01	1.8	31	5
1987-04-09	0.01	1.3	32	5
1987-04-10	0	1.2	32	5
1987-04-11	0	1.2	31	6
1987-04-12	0	1.5	33	7
1987-04-13	0	1.9	32	6
1987-04-14	0.01	1.9	31	5
1987-04-15	0	2	35	5
1987-04-16	0	1.8	34	8
1987-04-17	0	2.1	34	8
1987-04-18	0	2.1	34	8
1987-04-19	0	2.2	34	7
1987-04-20	0.01	2.2	32	6
1987-04-21	7	2	32	5
1987-04-22	0.01	2	31	6
1987-04-23	0	1.8	32	5
1987-04-24	6.9	1.9	30	6
1987-04-25	24.1	1.8	30	5
1987-04-26	0	1.8	31	5
1987-04-27	27.6	1.8	30	6
1987-04-28	0	1.9	32	4
1987-04-29	0	1.9	34	5
1987-04-30	0	2	34	6
1987-05-01	0	2.2	34	7
1987-05-02	0	2.3	36	6
1987-05-03	0	2.3	35	8
1987-05-04	78.6	2.1	32	8
1987-05-05	113.2	2	31	5
1987-05-06	84.4	1.9	32	5
1987-05-07	46.7	2	32	5
1987-05-08	0	2	32	6
1987-05-09	0	2.1	32	8
1987-05-10	28.7	2	31	6
1987-05-11	0	2.1	33	6
1987-05-12	0	2.1	32	5
1987-05-13	49.1	2.1	31	6
1987-05-14	0	2	32	5
1987-05-15	0	2.1	33	6
1987-05-16	0	2	32	6
1987-05-17	0	2.1	32	5
1987-05-18	0	2	31	6
1987-05-19	7.4	2	31	6
1987-05-20	0	2	32	6
1987-05-21	0	2	31	7
1987-05-22	0	2	30	6
1987-05-23	0	2.1	32	6
1987-05-24	0	2.1	32	7
1987-05-25	0	2.1	32	7
1987-05-26	0	2.1	31	6
1987-05-27	0	2.1	32	7
1987-05-28	6.5	2	31	6
1987-05-29	142.9	2	30	6
1987-05-30	0	2	31	5
1987-05-31	192.3	1.9	29	5
1987-06-01	0	NULO	30	5
1987-06-02	0	1.8	30	6
1987-06-03	16.6	1.9	31	7
1987-06-04	0	1.8	32	6
1987-06-05	89.4	1.9	30	5
1987-06-06	198.3	1.8	29	5
1987-06-07	108.4	1.8	30	4
1987-06-08	39.6	1.6	30	5
1987-06-09	36.2	1.6	32	6
1987-06-10	0.01	1.6	32	6
1987-06-11	94.7	1.7	30	7
1987-06-12	117.2	1.7	30	5
1987-06-13	0	1.6	32	5
1987-06-14	0	1.7	33	6
1987-06-15	0	1.7	33	7
1987-06-16	0	1.8	34	6
1987-06-17	0	1.8	33	7
1987-06-18	12.1	1.8	32	7
1987-06-19	0	1.9	31	7
1987-06-20	0	1.8	33	7
1987-06-21	0	1.8	34	8
1987-06-22	0	2	32	7
1987-06-23	0	2.1	34	8
1987-06-24	0	2.1	33	8
1987-06-25	0	2.2	35	9
1987-06-26	0	2.1	35	9
1987-06-27	0	2.2	34	8
1987-06-28	0	2.2	35	8
1987-06-29	0	2.2	34	8
1987-06-30	49.2	2.2	32	9
1987-07-01	0	NULO	33	7
1987-07-02	0	2	34	7
1987-07-03	0	2	34	8
1987-07-04	226.2	2.1	30	8
1987-07-05	214.8	2	29	5
1987-07-06	117.4	1.8	30	5
1987-07-07	137.1	1.9	31	6
1987-07-08	162.4	1.8	30	8
1987-07-09	118.8	1.9	31	8
1987-07-10	212.4	1.8	31	7
1987-07-11	45.4	1.7	32	7
1987-07-12	121.5	1.8	30	7
1987-07-13	83.4	1.8	32	8
1987-07-14	96.2	1.8	31	8
1987-07-15	0	1.9	32	8
1987-07-16	0	1.9	31	8
1987-07-17	0	2	33	7
1987-07-18	92.1	1.9	33	7
1987-07-19	0	2	31	8
1987-07-20	104.2	1.8	32	7
1987-07-21	85.6	1.8	32	8
1987-07-22	63	1.8	32	7
1987-07-23	0	1.8	33	7
1987-07-24	37.6	1.9	30	7
1987-07-25	44	1	31	5
1987-07-26	118.2	1	30	5
1987-07-27	39.8	1.6	29	5
1987-07-28	146.5	1.6	30	5
1987-07-29	89.1	1.6	30	6
1987-07-30	87.8	1.6	31	5
1987-07-31	98.4	1.6	32	6
1987-08-01	112.5	NULO	32	7
1987-08-02	0	2	32	7
1987-08-03	0	1.9	34	6
1987-08-04	14.8	2.1	33	7
1987-08-05	0	2.1	32	8
1987-08-06	73.8	2.1	32	8
1987-08-07	0	2.1	34	7
1987-08-08	0	2.1	33	8
1987-08-09	0	2	33	8
1987-08-10	0	2.1	35	7
1987-08-11	0	2.2	34	9
1987-08-12	0	2.2	34	8
1987-08-13	32.6	2.2	33	8
1987-08-14	0	2	33	7
1987-08-15	0	2.1	34	7
1987-08-16	0	2.2	34	8
1987-08-17	0	2.2	33	8
1987-08-18	0	2.2	34	7
1987-08-19	26.6	2.3	32	8
1987-08-20	0	2.1	33	8
1987-08-21	0	2.1	34	7
1987-08-22	0	2.3	34	8
1987-08-23	0	2.3	35	8
1987-08-24	0	2.3	34	8
1987-08-25	0	2.3	33	8
1987-08-26	26.2	2.3	32	7
1987-08-27	12.8	2.2	32	7
1987-08-28	0	2.2	34	7
1987-08-29	69.8	2.1	32	8
1987-08-30	14.4	2.2	32	7
1987-08-31	0	2.1	34	7
1987-09-01	141.2	NULO	30	7
1987-09-02	16.1	3.1	32	5
1987-09-03	0	3	34	6
1987-09-04	0	3.1	35	8
1987-09-05	0	3.2	34	8
1987-09-06	0	3.2	35	8
1987-09-07	0	3.2	34	7
1987-09-08	0	3.1	34	8
1987-09-09	0	3.2	35	7
1987-09-10	0	3.1	34	8
1987-09-11	0	3.1	32	8
1987-09-12	0	3.1	35	9
1987-09-13	0	3.2	34	8
1987-09-14	0.01	3.1	34	8
1987-09-15	0	3	35	7
1987-09-16	0.01	3.1	33	8
1987-09-17	0	3.1	35	7
1987-09-18	0	3.4	34	8
1987-09-19	62.3	3.2	31	6
1987-09-20	0	3	33	5
1987-09-21	96.2	3	31	6
1987-09-22	39.4	2.9	30	6
1987-09-23	0	2.8	31	5
1987-09-24	0	2.8	34	6
1987-09-25	0	2.8	34	6
1987-09-26	0	2.9	34	7
1987-09-27	0	2.8	34	7
1987-09-28	51.9	2.8	32	7
1987-09-29	0	2.8	31	6
1987-09-30	0	2.8	31	6
1987-10-01	0	NULO	32	7
1987-10-02	0	1.1	33	7
1987-10-03	0	1.1	33	6
1987-10-04	0	1.1	32	7
1987-10-05	0	1.2	33	6
1987-10-06	0	1.2	34	7
1987-10-07	0	1.2	32	7
1987-10-08	0	1.2	33	7
1987-10-09	0	1.2	33	7
1987-10-10	0	1.2	36	8
1987-10-11	0	1.2	34	7
1987-10-12	0	1.2	35	7
1987-10-13	0	1.2	34	8
1987-10-14	0	1.2	34	7
1987-10-15	0	1.4	34	8
1987-10-16	0	1.3	35	7
1987-10-17	0	1.3	34	8
1987-10-18	0	1.3	35	7
1987-10-19	0	1.2	33	8
1987-10-20	11.6	1.2	31	6
1987-10-21	35.1	1	32	4
1987-10-22	0	1	34	5
1987-10-23	0	1.1	33	7
1987-10-24	0	1.1	36	6
1987-10-25	0	1.2	33	6
1987-10-26	0	1.2	34	7
1987-10-27	93.8	1.2	29	7
1987-10-28	0	1.1	29	4
1987-10-29	0	1	30	4
1987-10-30	0	1.1	32	6
1987-10-31	0	1.1	33	6
1987-11-01	0	NULO	32	7
1987-11-02	0	2.8	33	6
1987-11-03	0	2.7	34	7
1987-11-04	0	2.7	33	5
1987-11-05	0	2.2	33	7
1987-11-06	0	2.3	36	6
1987-11-07	0	2.4	34	5
1987-11-08	0	1.9	31	6
1987-11-09	12.3	1.7	29	4
1987-11-10	6.1	2.1	28	4
1987-11-11	0	2	29	3
1987-11-12	0	1.1	30	3
1987-11-13	0	1.1	30	4
1987-11-14	0	2.4	32	5
1987-11-15	0	2.6	32	6
1987-11-16	8.5	2.3	32	6
1987-11-17	0	3	32	5
1987-11-18	0	1.7	30	5
1987-11-19	14.8	2.5	29	4
1987-11-20	0	2.1	30	4
1987-11-21	19.6	3.7	30	5
1987-11-22	0	2.2	32	5
1987-11-23	0	2.1	32	5
1987-11-24	0	1.9	33	6
1987-11-25	0	2.5	33	7
1987-11-26	0	2.2	33	8
1987-11-27	11.3	2.4	30	7
1987-11-28	14.1	3.2	29	5
1987-11-29	0	2	31	5
1987-11-30	9.9	2	29	5
1987-12-01	16.4	NULO	30	5
1987-12-02	0	0.9	30	3
1987-12-03	0	1.1	31	4
1987-12-04	0	1.3	32	4
1987-12-05	0	1.7	32	5
1987-12-06	0	1.8	33	7
1987-12-07	0	1.8	33	7
1987-12-08	0	2	32	7
1987-12-09	0	2	33	6
1987-12-10	0	1.9	35	7
1987-12-11	0	2.1	35	7
1987-12-12	0	2	34	6
1987-12-13	9.4	2.1	34	7
1987-12-14	0	1.9	35	7
1987-12-15	0	1.9	35	8
1987-12-16	0	1.9	34	7
1987-12-17	0	2	35	7
1987-12-18	0	2	34	8
1987-12-19	0	2.1	34	6
1987-12-20	19.4	2.1	35	7
1987-12-21	0	2	34	7
1987-12-22	0	2	34	6
1987-12-23	0	2.1	34	6
1987-12-24	0	2.1	35	7
1987-12-25	0	2.1	35	8
1987-12-26	25.1	2.1	35	8
1987-12-27	0	2	34	7
1987-12-28	0	2.1	35	7
1987-12-29	0	2	34	8
1987-12-30	0	2.1	34	6
1987-12-31	0	2.1	35	6
