COMISIÓN NACIONAL DEL AGUA
COORDINACIÓN GENERAL DEL SERVICIO METEOROLÓGICO NACIONAL
BASE DE DATOS CLIMATOLÓGICA NACIONAL 

REGISTRO DIARIO HISTÓRICO
EMISIÓN   : 11/09/2026 

DATOS DISPONIBLES EN LA BASE DE DATOS A: SEPTEMBER DE 2026; 
CON LA INFORMACIÓN SUMINISTRADA POR LAS UNIDADES ADMINISTRATIVAS 

 ESTACIÓN   : 13158 
 NOMBRE     : LAS ADJUNTAS 
 ESTADO     : HIDALGO 
 MUNICIPIO  : ZIMAPÁN 
 SITUACIÓN  : SUSPENDIDA 
 U. ADMNVA. : DIRECCIÓN LOCAL HIDALGO 
 CVE-OMM    :   
 LATITUD    : 20.72638889 ° 
 LONGITUD   : -99.4 ° 
 ALTITUD    : 1690 msnm 




FECHA		PRECIP	EVAP	TMAX	TMIN
		(mm)	(mm)	(°C )	(°C)
1991-01-01	0	3.35	23	17.5
1991-01-02	0	4.48	27	16
1991-01-03	0	6.17	26.5	14
1991-01-04	0	5.16	25.5	17
1991-01-05	0	4.43	28	10.5
1991-01-06	0	4.04	28	13.5
1991-01-07	0	3.45	25.5	14
1991-01-08	0	4.26	25	15.5
1991-01-09	0	2.54	25	16
1991-01-10	0	4.46	32	14
1991-01-11	0	5.36	20	14
1991-01-12	0	3.17	21.5	15.5
1991-01-13	0	3.08	23	14
1991-01-14	0	5.19	25	10
1991-01-15	0	6.02	32	11
1991-01-16	0	4.24	29.5	10
1991-01-17	0	4.14	28.5	10.5
1991-01-18	0	4.77	32	12.5
1991-01-19	NULO	6.06	31.5	13
1991-01-20	0	5.19	32.5	10.5
1991-01-21	0	5.83	29	11
1991-01-22	0	4.65	22	13.5
1991-01-23	0	4.05	33	11
1991-01-24	NULO	3.83	21.5	11
1991-01-25	0	3.75	23	12
1991-01-26	0	3.2	26	12.5
1991-01-27	0	5	27	12
1991-01-28	NULO	5.66	23	13
1991-01-29	0	5.04	33.5	15
1991-01-30	0	7.01	33	13.5
1991-01-31	0	3.42	18	13
1991-02-01	0	3.66	21	12
1991-02-02	0	3.54	23	10.5
1991-02-03	0.4	4.94	26	11
1991-02-04	1.7	2.27	28.5	11
1991-02-05	0	2.91	26.5	13
1991-02-06	1	2.63	21	14
1991-02-07	0	2.57	17	14.5
1991-02-08	0	2.57	18	13
1991-02-09	0	5.83	27	13
1991-02-10	0	6.17	25	14
1991-02-11	0	3.83	25	16
1991-02-12	0	5.53	26	15
1991-02-13	0	4.55	25	15
1991-02-14	0	7.12	35.5	13
1991-02-15	0	5.89	27	12.5
1991-02-16	NULO	5.75	27.5	13
1991-02-17	0	6.58	36	13
1991-02-18	0	7.42	37	14
1991-02-19	0	8.32	37	13.5
1991-02-20	0	4.07	20	14
1991-02-21	0	6.28	26.5	14.5
1991-02-22	0	6.09	27	14.5
1991-02-23	0	6.06	27	14.5
1991-02-24	0	6.82	33	12
1991-02-25	0	6.4	34	16
1991-02-26	NULO	6.78	26	13
1991-02-27	0	6.01	29	15
1991-02-28	0	7.58	37	12
1991-03-01	0	9.07	37	12
1991-03-02	0	9.56	37	16
1991-03-03	0	8.39	29.5	14.5
1991-03-04	0	7.44	29	11
1991-03-05	0	6.98	37.5	10
1991-03-06	0	7.78	39	10.5
1991-03-07	0	8.19	41	10.5
1991-03-08	0.7	6.58	40.5	15.5
1991-03-09	0	6.03	36	14.5
1991-03-10	0	4.48	36	14
1991-03-11	0	5.2	36	12.5
1991-03-12	0	7.76	39	12
1991-03-13	0	8.68	39	15.5
1991-03-14	0	9.04	40.5	17.5
1991-03-15	0	9.24	39.5	17
1991-03-16	0	8.69	40.5	17
1991-03-17	0	10.84	41	16
1991-03-18	0	7.91	32	16
1991-03-19	0	8.4	36.5	18.5
1991-03-20	0	8.64	40	18.5
1991-03-21	0	8.85	39.5	16
1991-03-22	0	8.43	37	16
1991-03-23	0	7.84	37.5	15
1991-03-24	0	8.02	32	16
1991-03-25	0	8.5	35	19
1991-03-26	0	8.13	35.5	18
1991-03-27	0	8.14	34.5	17.5
1991-03-28	0	11	39	19
1991-03-29	0	11.2	34	22
1991-03-30	0	8.78	32	14
1991-03-31	0	3.08	29	16.5
1991-04-01	0	6.41	27	13
1991-04-02	0	8.14	35.5	13
1991-04-03	0	9.48	35.5	14
1991-04-04	0	5.46	33	16.5
1991-04-05	0	3.88	32	19.5
1991-04-06	0	7.06	30.5	20
1991-04-07	0	7.97	37.5	18
1991-04-08	0	8.73	39	16
1991-04-09	0	8.4	37	16.5
1991-04-10	0	7.48	32	17.5
1991-04-11	0	7.56	37	17.5
1991-04-12	0	8.37	39.5	17
1991-04-13	0	8.14	38.5	17.5
1991-04-14	10.4	8.25	39.5	19.5
1991-04-15	1.1	6.53	31.5	18.5
1991-04-16	0	6.28	35	17
1991-04-17	0	8.19	38	19
1991-04-18	0	9.32	39	20
1991-04-19	0	10.29	39.5	20
1991-04-20	0	9.32	32.5	19.5
1991-04-21	0	7.8	36.5	20
1991-04-22	0	8.49	40.5	20
1991-04-23	0	9.44	40	20.5
1991-04-24	1.3	10.06	42	22
1991-04-25	0	9.05	41	22.5
1991-04-26	0	9.39	42	20
1991-04-27	0	8.32	39	19.5
1991-04-28	0	11.23	40	19.5
1991-04-29	0	11.28	39.5	21.5
1991-04-30	0	8.66	39.5	22.5
1991-05-01	0	NULO	37	20
1991-05-02	0	NULO	37	21
1991-05-03	0	NULO	39	22
1991-05-04	0	NULO	39	21
1991-05-05	2	NULO	36	21
1991-05-06	NULO	NULO	29	19.6
1991-05-07	0.5	NULO	32	20
1991-05-08	0	NULO	38	20
1991-05-09	0	NULO	37	20
1991-05-10	0	NULO	35	21
1991-05-11	0	NULO	34	20
1991-05-12	0	NULO	32	22
1991-05-13	0	NULO	34.5	21
1991-05-14	0	NULO	36.6	21
1991-05-15	0	NULO	39	20
1991-05-16	NULO	NULO	39.5	20
1991-05-17	0	NULO	36.5	22
1991-05-18	7.9	NULO	36	22
1991-05-19	0	NULO	34	18
1991-05-20	0	NULO	36	19.5
1991-05-21	0	NULO	36	21.5
1991-05-22	0	NULO	38.5	22
1991-05-23	0	NULO	36	24
1991-05-24	0	NULO	37	22
1991-05-25	0	NULO	37	24
1991-05-26	0	NULO	36.5	22.5
1991-05-27	0	NULO	35	23
1991-05-28	4.9	NULO	34.5	23.5
1991-05-29	0	NULO	34.5	20
1991-05-30	0	NULO	38	20
1991-05-31	0	NULO	39	22
1991-06-01	0	7.02	38	22
1991-06-02	0	6.23	36	23
1991-06-03	0	8.5	36.5	23
1991-06-04	0	10.08	38	24
1991-06-05	0	9.97	37.5	22
1991-06-06	0	9.15	34.5	22
1991-06-07	0	9.58	34	21
1991-06-08	0	7.96	34.5	23
1991-06-09	1.8	7.5	33	20.5
1991-06-10	1	7.81	32	21
1991-06-11	0	4.76	30	22
1991-06-12	0	9.67	34	21
1991-06-13	0	8.82	35	22
1991-06-14	0	8.04	34	22
1991-06-15	NULO	3.92	30	23
1991-06-16	0	6.91	33	22
1991-06-17	10	5.47	34	22
1991-06-18	0.3	6.5	33	19
1991-06-19	2	7.27	27	21
1991-06-20	0	5.23	29	20
1991-06-21	0	4.53	30	21
1991-06-22	0	6.43	36	21
1991-06-23	4	8	38	22
1991-06-24	7.6	4.67	26	21
1991-06-25	0	5	28	20
1991-06-26	6	3.21	27.5	20
1991-06-27	4.5	2.93	28	19
1991-06-28	0	5.17	30.5	19
1991-06-29	0	6.05	33	20
1991-06-30	15.7	6.23	29	20
1991-07-01	27.7	0.16	33	20
1991-07-02	11.1	0.15	25	19.5
1991-07-03	2.7	1.37	27	20
1991-07-04	0.2	3.39	26	20
1991-07-05	0	5.58	29	20
1991-07-06	0	5.96	25	20.5
1991-07-07	40	5.97	28	21
1991-07-08	10	5.23	26.5	19
1991-07-09	7.8	3.66	28	19
1991-07-10	0	2.94	26.5	19.5
1991-07-11	6.5	4.06	27	20
1991-07-12	13.2	7.12	29	19
1991-07-13	0	6.15	29	19
1991-07-14	0.3	3.67	28	19
1991-07-15	0	2.58	26	20
1991-07-16	0	4	28	20
1991-07-17	0	6.8	30	19
1991-07-18	0	6.06	30.5	19
1991-07-19	0	6.7	30.5	19
1991-07-20	0	6.19	32	20.5
1991-07-21	0	6.2	29.5	20
1991-07-22	0.2	5.17	29	20.5
1991-07-23	0.1	4.96	28	19.5
1991-07-24	0.1	4.37	29	20
1991-07-25	0.3	5.64	31.5	20.5
1991-07-26	0	5.02	30	20
1991-07-27	0	6.19	32	22
1991-07-28	0	7.51	32	20.5
1991-07-29	0	7.42	32.5	20.5
1991-07-30	0	8.01	32.5	19
1991-07-31	0	8.06	33	17
1991-08-01	0	7.41	33	17
1991-08-02	0	7.88	33	18
1991-08-03	0	7.02	32	18.5
1991-08-04	1.7	7.37	31	21.5
1991-08-05	0.3	5.65	31	20
1991-08-06	4.2	5.92	30	20
1991-08-07	0	4.18	27.5	20
1991-08-08	0	6.88	29	18
1991-08-09	0	7.61	30.5	20
1991-08-10	0	6.69	31	21
1991-08-11	0	7.98	32	20
1991-08-12	0	7.54	30.5	18.5
1991-08-13	0	7.5	31	19.5
1991-08-14	0	7.95	33	21
1991-08-15	0	8.32	33	21
1991-08-16	0	9.26	35	21.5
1991-08-17	0	6.3	35	20
1991-08-18	NULO	8.13	35	18.5
1991-08-19	17.7	7.84	34	19.5
1991-08-20	0	7.47	32.5	18.5
1991-08-21	0	8.04	33	19.5
1991-08-22	0	7.81	33	20.5
1991-08-23	0	7.84	33.5	20.5
1991-08-24	0	7.48	32	20
1991-08-25	0	7.26	32	20.5
1991-08-26	0	8.68	33.5	20.5
1991-08-27	0	10.82	32.5	22
1991-08-28	0	5.96	32.5	22
1991-08-29	0	7.72	32.5	22
1991-08-30	0	7.88	32	19.5
1991-08-31	0	8.14	34	19
1991-09-01	0	5.88	33.5	19.5
1991-09-02	0	8.45	34.5	21
1991-09-03	4.7	8.87	35	20.5
1991-09-04	0.5	4.53	32	21
1991-09-05	6	7.49	32	19
1991-09-06	0	2.66	30	20
1991-09-07	0	4.15	32	21
1991-09-08	0	7.16	30	21
1991-09-09	0	7.22	30	20
1991-09-10	0	5.45	27.5	17.5
1991-09-11	7.6	6.31	29.5	19
1991-09-12	0	5.34	31	20.5
1991-09-13	2	5.83	30.5	21
1991-09-14	0.9	5.89	31.5	21
1991-09-15	5.8	5.94	29	20.5
1991-09-16	15.9	4.09	28.5	20
1991-09-17	13.8	1.34	25	21
1991-09-18	0.6	4.1	27	19
1991-09-19	0	4.98	29	19.5
1991-09-20	0	3.06	24.5	19
1991-09-21	0	2.7	24	19
1991-09-22	10	4.94	25	18
1991-09-23	0	2.91	25.5	18
1991-09-24	1.4	3.82	28.5	18
1991-09-25	0	4.53	27.5	17.5
1991-09-26	NULO	5.07	26	18
1991-09-27	6.3	4.5	25	13.5
1991-09-28	0	1.09	20.5	15
1991-09-29	0	1.59	21.5	16
1991-09-30	0	1.29	22.5	17
1991-10-01	0	2.61	26	17
1991-10-02	4.1	3.93	29.5	16.5
1991-10-03	6	4.7	29	18.5
1991-10-04	4.9	5.54	31.5	18
1991-10-05	38.9	4.46	27.5	19
1991-10-06	8.5	4.45	21	18
1991-10-07	13	2.76	20	16
1991-10-08	0.2	1.07	19.5	16
1991-10-09	0.2	1.63	21	15.5
1991-10-10	NULO	1.07	21	16
1991-10-11	0	2.98	24.5	16
1991-10-12	0	3.84	27	14.5
1991-10-13	0	4.68	29	10
1991-10-14	0	4.91	30	11
1991-10-15	0	5.35	28	11
1991-10-16	0	5.43	27	12.5
1991-10-17	0	4.68	28	13
1991-10-18	0	5.91	28	13
1991-10-19	0	2.87	24	14
1991-10-20	0	2.78	25.5	18
1991-10-21	0	3.39	25	19
1991-10-22	0	5.03	30	19
1991-10-23	0	5.25	30	19
1991-10-24	0	5.2	30.5	20
1991-10-25	0	5.82	30.5	18.5
1991-10-26	0	5.68	32.5	16.5
1991-10-27	0	3.52	32.5	17
1991-10-28	0	4.73	34.5	18.5
1991-10-29	0	5.6	32.5	19
1991-10-30	0	4.97	30	20
1991-10-31	7.8	4.03	29.5	18.5
1991-11-01	0	3.82	26	17
1991-11-02	1.2	3.92	28	15
1991-11-03	0	3.19	27	15
1991-11-04	0	3.61	23	15.5
1991-11-05	0	2.93	24	14.5
1991-11-06	0	3.35	25.5	16.5
1991-11-07	7	4.14	29	18
1991-11-08	3	1.51	18	17
1991-11-09	0	3.27	19	13
1991-11-10	0	5.7	28	9.5
1991-11-11	NULO	5.06	23	10
1991-11-12	0	3.09	23	16
1991-11-13	0	4.51	24	13.5
1991-11-14	0	4.2	25	14
1991-11-15	0	3.66	26	14
1991-11-16	0	3.94	28	15
1991-11-17	0	4.54	31	15
1991-11-18	0	5.05	32	15.5
1991-11-19	0	5.21	32	16
1991-11-20	0	4.59	21.5	16
1991-11-21	0	2.74	26.5	12
1991-11-22	0	3.78	32	8.5
1991-11-23	0	4.76	23.5	9
1991-11-24	0	3.21	14.5	9
1991-11-25	0	3.55	22	8.5
1991-11-26	0	3.63	24.5	9
1991-11-27	0	3.69	24.5	13
1991-11-28	0	3.02	25	13
1991-11-29	0	2.37	30	12.5
1991-11-30	0	6.67	33	10
1991-12-01	0	3.87	32	11
1991-12-02	0	4.14	26	12
1991-12-03	0	4.5	33	13
1991-12-04	0	1.99	14	12
1991-12-05	0	3.61	24	11
1991-12-06	0	3.36	25	10
1991-12-07	NULO	3.28	25	10
1991-12-08	0	3.7	28	14
1991-12-09	NULO	2.5	24	16
1991-12-10	0	2.96	25	16
1991-12-11	NULO	3.25	29	15
1991-12-12	0	2.82	30.5	14
1991-12-13	0	3.24	30	14
1991-12-14	3.3	3.1	30	14
1991-12-15	0	2.47	18.5	13
1991-12-16	0	2.4	19.5	13.5
1991-12-17	NULO	4.13	23.5	14
1991-12-18	1.2	3.06	24.5	15
1991-12-19	0	3.51	25	15.5
1991-12-20	0	4.06	27	16
1991-12-21	0	4.32	28	16
1991-12-22	0	3.97	27.5	16
1991-12-23	0.2	4.74	27.5	16
1991-12-24	0	2.02	18.5	16
1991-12-25	0.5	2.19	21	13
1991-12-26	1.4	3.63	28	13.5
1991-12-27	0	1.84	22	15
1991-12-28	0	3.3	20	15
1991-12-29	0	2.65	21.5	11
1991-12-30	0	2.99	23.5	12
1991-12-31	0	3.06	25	12
1992-01-01	0	3.02	25	14
1992-01-02	0	2.86	21.5	14
1992-01-03	0	4.08	24.5	15
1992-01-04	0	3.81	27	15
1992-01-05	0	4.55	31.5	14
1992-01-06	NULO	4.35	30	14.5
1992-01-07	0	4.29	33.5	14
1992-01-08	0	3.6	26	14
1992-01-09	0	3.2	25	15.5
1992-01-10	1	2.16	26.5	16
1992-01-11	0	3.77	28	12
1992-01-12	0	3.39	28	12
1992-01-13	0	5.47	31.5	14
1992-01-14	0	4.69	16	13
1992-01-15	0.3	1.89	19	11.5
1992-01-16	3.8	0.97	12	10
1992-01-17	1	0.94	12	8.5
1992-01-18	0	4.05	28	9
1992-01-19	0	2.48	14	10.5
1992-01-20	0	2.78	19	9
1992-01-21	0	3.39	24	9
1992-01-22	0	4.83	32.5	9.5
1992-01-23	1.8	3.8	20	12
1992-01-24	5.3	2.95	22	10
1992-01-25	16.3	2.11	23	10
1992-01-26	0	1.88	18	10.5
1992-01-27	34.4	2.53	23.5	11
1992-01-28	0.6	0.73	17	11.5
1992-01-29	0	1.74	21.5	11.5
1992-01-30	0	1.57	16.5	12
1992-01-31	5.9	0.93	15.5	12
1992-02-01	NULO	1.23	20	11
1992-02-02	8.4	1.11	21	11
1992-02-03	0.2	2.44	23.5	13
1992-02-04	0	5	27	13
1992-02-05	0	4	23.5	9
1992-02-06	0	5.2	21.5	9
1992-02-07	0	5.21	21.5	11
1992-02-08	0	4.46	23.5	12
1992-02-09	0	5.14	26.5	11
1992-02-10	0	4.45	27	12
1992-02-11	0	5.49	27	16
1992-02-12	0	6.05	32	17
1992-02-13	0	5.77	32.5	14
1992-02-14	0	5.9	35.5	14
1992-02-15	0	5.15	29.5	14
1992-02-16	0	5.38	32.3	14
1992-02-17	0	6.83	34	14.5
1992-02-18	0	6.5	30	15
1992-02-19	0	3.9	19.5	16
1992-02-20	0	2.14	23	12.5
1992-02-21	0.5	2.73	28	13.5
1992-02-22	1.3	1.78	26	13
1992-02-23	4.5	4.47	21.5	13.5
1992-02-24	0	5.72	30.5	13
1992-02-25	0	6.97	27	12.5
1992-02-26	0	2.54	15.5	13
1992-02-27	NULO	3.56	21.5	11
1992-02-28	0	3.81	22.5	12
1992-02-29	NULO	4.98	26.5	11
1992-03-01	0	NULO	30	11
1992-03-02	0	NULO	31	11
1992-03-03	0	NULO	31	10
1992-03-04	0	NULO	31.5	15.5
1992-03-05	0	NULO	35.5	15.5
1992-03-06	0	NULO	36	15
1992-03-07	0	NULO	36	14
1992-03-08	0	NULO	37	16
1992-03-09	0	NULO	38	16
1992-03-10	0	NULO	24	17
1992-03-11	0	NULO	23	14
1992-03-12	0	NULO	24	12.5
1992-03-13	2	NULO	25.6	12.5
1992-03-14	0	NULO	22	10
1992-03-15	0	NULO	30	11
1992-03-16	0	NULO	32.5	14.5
1992-03-17	0	NULO	34	16
1992-03-18	0	NULO	30	16.5
1992-03-19	0	NULO	32	19
1992-03-20	0	NULO	28	18
1992-03-21	0	NULO	36.5	18
1992-03-22	0	NULO	37.5	12.5
1992-03-23	0	NULO	29.5	18
1992-03-24	0	NULO	34	19
1992-03-25	0	NULO	34	19
1992-03-26	0	NULO	34	18.5
1992-03-27	0	NULO	31	18
1992-03-28	0	NULO	33	18
1992-03-29	0	NULO	35	18
1992-03-30	0	NULO	30.5	22
1992-03-31	0	NULO	30.5	21
1992-04-01	0	5.44	32	20.5
1992-04-02	6.3	4.22	33	21
1992-04-03	0	3.9	29	16
1992-04-04	0	6.64	30	15
1992-04-05	0	6.16	31	15
1992-04-06	0	7.27	31	16
1992-04-07	0	7.34	31	17
1992-04-08	0	6.45	30.5	18
1992-04-09	NULO	7.99	37	17
1992-04-10	0	8.59	38	18
1992-04-11	0	8.98	34.5	18
1992-04-12	0	7.55	32	17
1992-04-13	0	8.94	29.5	19
1992-04-14	1	8.05	28	20
1992-04-15	0	10.38	30.5	18.5
1992-04-16	0	9.33	30	18.5
1992-04-17	0	8.69	30.5	17
1992-04-18	0	9.13	35	18
1992-04-19	0	7.08	32	18
1992-04-20	0	7.37	31	19
1992-04-21	0	9.17	31.5	18
1992-04-22	0	8.22	32.5	14
1992-04-23	0	4.03	29.5	16
1992-04-24	4.3	6.3	32	20
1992-04-25	9.5	6.87	30	17.5
1992-04-26	0	4.44	26	18
1992-04-27	0	4.31	24.5	17
1992-04-28	0	6.14	29.5	17.5
1992-04-29	0	8.2	32.5	17.5
1992-04-30	0	8.19	33	15
1992-05-01	0	10.18	33	15
1992-05-02	0	7.65	34.5	15
1992-05-03	0	8.66	32.5	19
1992-05-04	3	9.82	31.5	19.5
1992-05-05	0	7.3	31	17
1992-05-06	0.5	5.5	28.5	17.5
1992-05-07	0	2.55	28.5	17
1992-05-08	4.5	5.08	29.5	13
1992-05-09	0	6.94	33	16
1992-05-10	0.6	3.52	30	18
1992-05-11	NULO	6.44	33	19
1992-05-12	0.4	7.19	35	20
1992-05-13	6	4.98	32.5	21
1992-05-14	10	4.35	33.5	20
1992-05-15	4.1	6.45	32	17
1992-05-16	6.2	4.54	32	17
1992-05-17	0	6.46	33	20
1992-05-18	0.5	6.71	29	17.5
1992-05-19	0	6.46	29.5	19.5
1992-05-20	0	7.48	31.5	19
1992-05-21	0	7.05	33	20
1992-05-22	0	6.41	30	20
1992-05-23	0	6.58	31	20
1992-05-24	0	8	32	19.5
1992-05-25	15.1	7.24	33	19
1992-05-26	0	4.23	33.5	20
1992-05-27	13	4.19	32	18
1992-05-28	11	3.96	34	19
1992-05-29	5	5.99	30	18
1992-05-30	0	4.01	30.5	19
1992-05-31	7	3.35	31.5	18
1992-06-01	3.5	1.74	27.5	20
1992-06-02	12.3	3.24	29	20
1992-06-03	1.6	0.41	29.5	20
1992-06-04	0.5	4.52	31	19
1992-06-05	10	6.74	33	19.5
1992-06-06	0	5.27	35	20
1992-06-07	20.3	8.28	33.5	21
1992-06-08	0	4.98	31	19.5
1992-06-09	0	7.18	32	19
1992-06-10	NULO	5.26	31.5	21
1992-06-11	0	6.68	32	21.5
1992-06-12	0	8.05	33	19.5
1992-06-13	0	8.07	34.5	18
1992-06-14	0	8.92	34.5	18.5
1992-06-15	0	8.09	34.5	18
1992-06-16	0	8.92	34.5	21.5
1992-06-17	0	9.13	33.5	19.5
1992-06-18	0	7.25	33	22
1992-06-19	0	6.47	31	20
1992-06-20	0	8.7	31	17
1992-06-21	0	9.3	33	19
1992-06-22	0	9.4	33	19.5
1992-06-23	0	9.21	32	18
1992-06-24	0	9.44	33.5	18
1992-06-25	0	8.93	35.5	19
1992-06-26	0	10.35	36.5	20
1992-06-27	0	10.31	35	18.5
1992-06-28	0	9.76	36.5	18
1992-06-29	0	10.04	37.5	21
1992-06-30	0	10.23	38	21
1992-07-01	0	8.9	38	24
1992-07-02	28.4	7.61	34	23
1992-07-03	2.5	5.32	30	18.5
1992-07-04	0.9	2.93	33	20
1992-07-05	0	4.31	29.5	18
1992-07-06	0	7.34	32	20
1992-07-07	0	8.17	31.5	18.5
1992-07-08	0	6.77	30.5	20
1992-07-09	0.2	5.19	30	18
1992-07-10	0	8.33	31.5	17
1992-07-11	0.7	8.2	34.5	18
1992-07-12	0	7.25	32	16
1992-07-13	1.2	7.25	32	20
1992-07-14	0.1	7.7	31.5	21
1992-07-15	0.4	5.35	30	20.5
1992-07-16	0	5.23	31	21.6
1992-07-17	0.6	7.26	32	22
1992-07-18	0	4.84	34	20
1992-07-19	1.1	6.12	31.5	21
1992-07-20	0	6.9	31.5	21.5
1992-07-21	0	7.62	32	21
1992-07-22	1	8.72	32.5	21
1992-07-23	0.2	8.47	30.5	22
1992-07-24	1.7	8.56	32	21
1992-07-25	NULO	5.16	31	19
1992-07-26	0.4	6.06	30.5	19
1992-07-27	2.4	6.18	30	18
1992-07-28	0	7.55	33	19.5
1992-07-29	3.2	7.66	32.5	18
1992-07-30	0	3.94	30	20
1992-07-31	0	4.5	30	18
1992-08-01	0.1	3.89	29.5	19.5
1992-08-02	0	7.48	31	17.5
1992-08-03	4.3	6.13	32	20
1992-08-04	0	6.96	31.5	20.5
1992-08-05	0	7.95	32	19
1992-08-06	3.3	5.1	31	21
1992-08-07	0	9.81	32.5	19.5
1992-08-08	0	5.92	31	19.5
1992-08-09	3.5	4.88	32	20
1992-08-10	0.2	4.72	27	19.5
1992-08-11	0	4.88	31	19
1992-08-12	0	8.31	33	19
1992-08-13	0	7.32	31.5	20
1992-08-14	0	8.02	31	21
1992-08-15	2.5	4.21	29	20.5
1992-08-16	0.8	4.57	26.5	19.5
1992-08-17	0	3.4	27	19.5
1992-08-18	0	3.75	28.5	21
1992-08-19	0	5.84	29	19
1992-08-20	0	8.05	32.5	18.5
1992-08-21	0	9.52	33.5	20
1992-08-22	NULO	8.61	32	20.5
1992-08-23	4.5	9.05	32.5	20.5
1992-08-24	0.8	4.85	32	22
1992-08-25	0	4.91	30	20
1992-08-26	0	6.55	31.5	18
1992-08-27	0	8.74	32	19
1992-08-28	0	8.19	32	21
1992-08-29	0	9.03	33.5	20
1992-08-30	0	8.77	33	20
1992-08-31	5.2	7.32	32	21
1992-09-01	0	8.52	31.5	20
1992-09-02	0	7.38	32.5	20.5
1992-09-03	0	8.24	32	20
1992-09-04	0	7.42	31.5	20
1992-09-05	0	7.04	30	18.5
1992-09-06	0	6.8	30	18.5
1992-09-07	3.3	5.09	28	19
1992-09-08	0	5.41	29	18.5
1992-09-09	0	5.72	31	19
1992-09-10	0	8.24	31	20
1992-09-11	0.2	3.83	27.5	20
1992-09-12	0.3	4.21	26.5	20.5
1992-09-13	0	5.67	28.5	20
1992-09-14	0.2	4.55	27	19
1992-09-15	2.2	3.67	28.5	18.5
1992-09-16	0.7	5.18	28	19
1992-09-17	12.3	6.44	30	19
1992-09-18	0	5.72	30.5	18
1992-09-19	0	7.11	32	18.5
1992-09-20	0	7.27	33.5	19
1992-09-21	0	7.5	32	17.5
1992-09-22	1.2	7.16	32	18.5
1992-09-23	5.3	1.04	28.5	20
1992-09-24	0	1.84	29	19.5
1992-09-25	4.5	3.91	28	19
1992-09-26	3	2.83	23.5	19
1992-09-27	4.5	1.64	21.5	19
1992-09-28	12.9	1.56	21.5	17
1992-09-29	NULO	2.37	21.5	16.5
1992-09-30	NULO	4.41	21.5	12
1992-10-01	0	3.98	27	11.5
1992-10-02	0	5.18	28	10.5
1992-10-03	0	5.32	24.5	11.5
1992-10-04	0	5.56	27.5	14.5
1992-10-05	0	5.28	22.5	13
1992-10-06	0	3.11	26	15.5
1992-10-07	2	4.64	26	17
1992-10-08	0	4.15	26	18
1992-10-09	7	3.41	28	19
1992-10-10	16.5	2.99	30.5	19
1992-10-11	1.9	6.15	25	19
1992-10-12	0	3.91	25	18
1992-10-13	0	2.16	26.5	18
1992-10-14	0	2.18	29	19
1992-10-15	0	6.92	30	18
1992-10-16	0.3	3.23	30	19
1992-10-17	18.6	2.22	29.5	19
1992-10-18	1	3.43	29	18.5
1992-10-19	0	2.94	25	18
1992-10-20	0	6.5	27	16
1992-10-21	0.3	1.35	23.5	17
1992-10-22	1	3.81	25	16
1992-10-23	12	6.42	22	17
1992-10-24	1	2.89	20	15
1992-10-25	0	3.22	23	14
1992-10-26	NULO	1.91	29	12.5
1992-10-27	0	1.51	32	11.5
1992-10-28	0	2.72	31	11.5
1992-10-29	0	1.59	31	11.5
1992-10-30	0	3.39	31	15
1992-10-31	0	5.76	33	11.5
1992-11-01	2.5	4.53	31.5	18
1992-11-02	0	3.6	25	18
1992-11-03	1	4.23	31	16
1992-11-04	0	5.98	29	16
1992-11-05	0	3.41	29.5	16.5
1992-11-06	2.4	2.08	23	12
1992-11-07	0.8	1.58	21	14
1992-11-08	0	1.72	24	16
1992-11-09	0	3.97	26.5	18
1992-11-10	0	2.14	21.5	11.5
1992-11-11	2.5	3.89	31.5	16
1992-11-12	0.5	4.24	32	17
1992-11-13	0.8	2.19	31.5	14.5
1992-11-14	0	1.71	18.5	10
1992-11-15	7.9	0.94	22	12
1992-11-16	0	3.03	23	14.5
1992-11-17	0	3.44	29	12.5
1992-11-18	0	3.35	28	13
1992-11-19	0	4.08	31	15.5
1992-11-20	0	3.44	29	14
1992-11-21	0	3.5	29	13.5
1992-11-22	0	4.04	26	11
1992-11-23	0	3.38	24	13.5
1992-11-24	0	5.42	33	13.5
1992-11-25	0	5.18	25	11.5
1992-11-26	0	5.13	25.5	11.5
1992-11-27	0	3.24	16	9
1992-11-28	0	3.84	25	8.5
1992-11-29	0	3.93	30	8
1992-11-30	0	3.6	26	8.5
1992-12-01	0	4.14	30.5	12.5
1992-12-02	0	4.08	24.5	12.5
1992-12-03	0	3.85	30	11.5
1992-12-04	0	3.63	30	11.5
1992-12-05	0	4.41	23.5	12.5
1992-12-06	0	4.91	31	14
1992-12-07	0	3.7	30	12.5
1992-12-08	0	5.44	29	13
1992-12-09	NULO	4.82	31.5	13
1992-12-10	0	4.15	29	12
1992-12-11	0	4.82	27	9
1992-12-12	0	4.62	33	8
1992-12-13	0	6.65	33	9
1992-12-14	0	4.82	31.5	12
1992-12-15	0	4.54	25	17.5
1992-12-16	0	3.77	27.5	17.5
1992-12-17	0	4.2	31.5	16.5
1992-12-18	0	4.77	27.5	16.5
1992-12-19	0	4.46	31	15
1992-12-20	0	5.62	30.5	14.5
1992-12-21	0	5.81	26	14
1992-12-22	0	3.96	27	16
1992-12-23	0	4.42	25	17
1992-12-24	0	3.12	25	17
1992-12-25	0	3.77	27.5	16
1992-12-26	0	4.43	27.5	18
1992-12-27	0	5	24	17
1992-12-28	0	5.18	26	17.5
1992-12-29	0	5.19	29	14.5
1992-12-30	0	5.44	27	14
1992-12-31	0	5.92	25.5	16
1993-01-01	0	5.66	25	16.5
1993-01-02	0	3.04	27	14.5
1993-01-03	0	4.31	30	15
1993-01-04	0	5.33	32.5	15
1993-01-05	0	4.53	27.5	15.5
1993-01-06	0	3.97	29	15
1993-01-07	0	4.94	33	13
1993-01-08	0	5.75	32	12
1993-01-09	0	5.19	32	12
1993-01-10	0	4.52	27.5	13
1993-01-11	0	5.73	24	13
1993-01-12	0	6.09	33.5	13
1993-01-13	0	5.02	24	13.5
1993-01-14	0	4.57	30.5	12.5
1993-01-15	0	5.16	34	13
1993-01-16	0	5.83	30	14.5
1993-01-17	0	5.06	32.5	14
1993-01-18	0	4.93	32	13
1993-01-19	0	4.94	35	14
1993-01-20	0	5.12	28	14
1993-01-21	0	3.5	27	15
1993-01-22	0	5.18	26	15
1993-01-23	0	5.67	29.5	15.5
1993-01-24	1	2.92	24	15.5
1993-01-25	0	5.1	24	13
1993-01-26	0	2.42	16	9.5
1993-01-27	0	4.03	20	10
1993-01-28	1.2	4.42	25	9
1993-01-29	0	4.1	23.5	9
1993-01-30	0	1.95	15.5	13.5
1993-01-31	0	2.74	19	12.5
1993-02-01	0	4.37	27.5	12
1993-02-02	10.3	5.35	29	12
1993-02-03	0	4.1	27	14
1993-02-04	0	5.87	26	14
1993-02-05	0	5.49	25.5	12
1993-02-06	0	3.92	15	12
1993-02-07	4.5	4.12	25	11
1993-02-08	0	4.27	21	11
1993-02-09	0	5.19	28	11
1993-02-10	0	6.99	32	12
1993-02-11	0	8.33	32.5	13
1993-02-12	0	5.76	32	12
1993-02-13	0	6.65	29.5	12.5
1993-02-14	0	7.33	32.5	13
1993-02-15	0	8.4	33.5	12.5
1993-02-16	0	7.13	37	11
1993-02-17	0	5.01	32.5	13
1993-02-18	0	5.6	32	11
1993-02-19	0	5.8	27	14
1993-02-20	0	6.87	32	13.5
1993-02-21	0	7.43	36.5	14
1993-02-22	0	8.71	36	13
1993-02-23	0	7.41	36.5	13
1993-02-24	0	7.21	32	16
1993-02-25	0	8.09	37	17
1993-02-26	0	7.37	29.5	17.5
1993-02-27	0	8.02	31.5	17
1993-02-28	0	8.15	31.5	18
1993-03-01	0	8.24	36	16
1993-03-02	0.2	8.71	34.5	16
1993-03-03	0	10.73	30	12
1993-03-04	0	7.1	32.5	11
1993-03-05	0	7.54	27	11
1993-03-06	0	3.17	19.5	14
1993-03-07	0	4.46	20	14
1993-03-08	0	5.42	26.5	11
1993-03-09	0	5.17	27.5	13.5
1993-03-10	0	8.06	33	12
1993-03-11	0	7.5	25.5	13
1993-03-12	0	11.09	34	11.5
1993-03-13	0	2.73	22.5	9
1993-03-14	0	6.08	19.5	7
1993-03-15	0	6.89	29	7.5
1993-03-16	0	8.17	32	8
1993-03-17	0	8.8	30	10
1993-03-18	0	6.72	39	12.5
1993-03-19	0	8.11	36	13
1993-03-20	0	7.91	28.5	16
1993-03-21	0	7.28	29.5	18
1993-03-22	0	7.89	32.5	17
1993-03-23	0	7.02	29	16
1993-03-24	0	8.17	34	18
1993-03-25	0	8.04	34.5	16
1993-03-26	0	7.73	37	16.5
1993-03-27	0	8.92	38.5	17
1993-03-28	0	9.67	38.5	17
1993-03-29	0	12.06	24.5	17.5
1993-03-30	0	10.77	34.5	17
1993-03-31	0	9.07	32.5	21.5
1993-04-01	0	9.19	21.5	16
1993-04-02	0	5.54	31	16
1993-04-03	0	7.42	27	17.5
1993-04-04	0	9.42	35	16.7
1993-04-05	0	7.65	31	18
1993-04-06	0	8.5	37	15.5
1993-04-07	0	10.48	36.5	16.3
1993-04-08	0	9.14	27	20
1993-04-09	0	7.08	28	18
1993-04-10	0	10	34.5	13
1993-04-11	0	7.07	32	13
1993-04-12	0	9.1	37.5	11
1993-04-13	0	9.15	40	11
1993-04-14	0	10.49	38.5	11.5
1993-04-15	0	9.95	32.5	21.5
1993-04-16	0	7.93	32.5	18
1993-04-17	0	8.01	30.5	16
1993-04-18	0	9.29	31.5	15.5
1993-04-19	0	6.33	36	17
1993-04-20	0	6.95	35.5	19
1993-04-21	39.8	6.98	28	18
1993-04-22	0	4.85	25	16
1993-04-23	0	6.72	27.5	13.5
1993-04-24	0	6.09	32	15.5
1993-04-25	0	7.08	36.5	18
1993-04-26	0	6.33	29.5	18.5
1993-04-27	0	6.88	33	19
1993-04-28	0	7.43	34	21
1993-04-29	2.5	5.83	35.5	21
1993-04-30	0	6.32	34	20.5
1993-05-01	0	8.43	34	19
1993-05-02	0	11.45	37.5	21.5
1993-05-03	1.5	7.85	34	21.5
1993-05-04	0	7.97	35	20
1993-05-05	0	7.46	38.5	20
1993-05-06	0	7.87	39.5	21.5
1993-05-07	NULO	5.19	32	18.5
1993-05-08	0	7.1	37	16.5
1993-05-09	0.5	5.98	35	14
1993-05-10	3.3	4.36	35	19.5
1993-05-11	0	6.5	29	16.5
1993-05-12	1.1	6.57	30	18.5
1993-05-13	4	7.13	30	16
1993-05-14	0	6.62	33	17
1993-05-15	0	6.58	35	19.5
1993-05-16	0	8.17	36.5	19.5
1993-05-17	0	7.79	38	19.5
1993-05-18	0	8.12	35	22
1993-05-19	0	8.55	32	22.5
1993-05-20	0	8.31	32	19.5
1993-05-21	0	5.7	33.5	20
1993-05-22	0	8.47	40	21
1993-05-23	0	8.36	38	21.5
1993-05-24	0	10.44	30	17.5
1993-05-25	6.3	7.79	32.5	18.5
1993-05-26	0	4.7	30	16
1993-05-27	0	5.95	32	19
1993-05-28	0	6.07	30	19
1993-05-29	0	8.1	30	19
1993-05-30	0	9	30	19
1993-05-31	0	10.1	35.5	19
1993-06-01	0	10.81	34	19.5
1993-06-02	0	10.16	32	18
1993-06-03	0	10.01	31.5	17
1993-06-04	0	11.39	40.5	19
1993-06-05	0	10.02	31	22
1993-06-06	0	9.51	35	22
1993-06-07	0	8.98	36	24
1993-06-08	0	7.51	34	21.5
1993-06-09	0	9.51	33	22.5
1993-06-10	0	9.27	31	22
1993-06-11	2.6	6.43	31	22.5
1993-06-12	0	7.52	32	18
1993-06-13	5.6	7.62	31	20.8
1993-06-14	6.5	3.16	28	20
1993-06-15	4.1	3.31	25.5	19
1993-06-16	0	5.79	30	19
1993-06-17	0	8.19	32.5	20
1993-06-18	0	9.51	33.5	19
1993-06-19	0	8.5	33.5	22.5
1993-06-20	0.9	3.7	29	20.5
1993-06-21	12.3	2.58	27.5	20.5
1993-06-22	14.6	0.51	25.5	20.5
1993-06-23	15.4	1.65	27.5	20.5
1993-06-24	6.3	2.58	29	20.5
1993-06-25	4.5	4.41	28	19.5
1993-06-26	1	2	26	19.5
1993-06-27	2.1	4.12	27	19.5
1993-06-28	0.7	1.1	27	19.5
1993-06-29	4.9	1.01	28	19.5
1993-06-30	7.7	3.83	28	20.5
1993-07-01	0.1	8.02	29	20
1993-07-02	0.6	4.55	29.5	20
1993-07-03	0	5.03	28.5	20
1993-07-04	0.2	6.32	30.5	20
1993-07-05	0.5	5.46	28	20.5
1993-07-06	5	0.92	28	20.5
1993-07-07	18.2	2.55	26	19
1993-07-08	0.8	0.39	26.5	19
1993-07-09	0.3	5.22	28.5	19.5
1993-07-10	0	7.2	30	19
1993-07-11	0	7.33	30.5	20.5
1993-07-12	10.3	7.28	31	21
1993-07-13	0	7.95	31.5	20.5
1993-07-14	0	7.53	32.5	20.5
1993-07-15	0	7.32	32.5	20.5
1993-07-16	0.4	6.96	31	21.5
1993-07-17	0	4.04	32	21.5
1993-07-18	0	7.96	31.8	20.5
1993-07-19	0	8.98	32	20
1993-07-20	0	9.52	32	20
1993-07-21	NULO	8.58	32	21.5
1993-07-22	0	9.33	32.5	22
1993-07-23	0	8.36	32	21
1993-07-24	0	8.34	33.5	22
1993-07-25	0	8.85	33.5	22
1993-07-26	0	8.61	33	19.5
1993-07-27	0	8.61	33	20.5
1993-07-28	0.8	7.15	32	20
1993-07-29	0	7.43	31	19.5
1993-07-30	0	10.01	33.5	19
1993-07-31	0	9.51	33	19
1993-08-01	0	9.49	33.5	19
1993-08-02	0	9.57	33.5	20.5
1993-08-03	0	9.48	32.5	21.5
1993-08-04	0	8.62	31.5	21.5
1993-08-05	0	5.69	30	20
1993-08-06	0	9.42	32.5	21
1993-08-07	0	8.62	32.5	21
1993-08-08	0.2	6.5	29	21.5
1993-08-09	0	7.94	31.5	19
1993-08-10	0.1	8.1	32	20.5
1993-08-11	0	6.86	30.5	20
1993-08-12	0	7.52	30.5	18
1993-08-13	NULO	7.4	31	17
1993-08-14	0.6	5.68	29	22.5
1993-08-15	0	8.14	31.5	19.5
1993-08-16	0	8.77	32.5	20.5
1993-08-17	1.5	3.67	28.5	21
1993-08-18	1.4	5.75	30.5	19.5
1993-08-19	NULO	5.52	28.5	19
1993-08-20	0	5.98	28.5	20
1993-08-21	4.7	5.08	29.5	20
1993-08-22	9.9	5.6	34.5	20
1993-08-23	0	4.58	31	19.5
1993-08-24	27.5	7.34	32.5	20.5
1993-08-25	0	5.16	30	19
1993-08-26	0	6.36	31	19
1993-08-27	0	6.3	31	19
1993-08-28	0	6.99	31.5	19.5
1993-08-29	0	5.5	31	19
1993-08-30	0	6.56	31	19
1993-08-31	5.6	6	31	20
1993-09-01	0	3.17	29	19
1993-09-02	0	8.15	22	20
1993-09-03	0	7.17	32	20
1993-09-04	0	8.44	32.5	19.5
1993-09-05	0	7.24	31.5	19.5
1993-09-06	0	7.82	33	21
1993-09-07	0	6.61	33.5	20
1993-09-08	0	5.53	30.5	19.5
1993-09-09	1.6	6.2	31	21
1993-09-10	2.2	4.57	31	20.5
1993-09-11	13	5.01	28	20
1993-09-12	12.5	7.53	30	19
1993-09-13	NULO	5.56	32.5	18.5
1993-09-14	1.2	7.47	34.5	19
1993-09-15	1.6	3.91	33	20.5
1993-09-16	0	5.16	30	19
1993-09-17	0	3.32	27	17.5
1993-09-18	0	4	31	18
1993-09-19	30.1	5.36	30	20
1993-09-20	73.5	2.32	22	19
1993-09-21	8.9	1.08	25	19
1993-09-22	2.9	2.39	25.5	19.5
1993-09-23	0.4	4.4	28.5	19.5
1993-09-24	0	5.35	29.5	20
1993-09-25	NULO	5.19	31	19
1993-09-26	0.7	5.51	31	19.5
1993-09-27	18.8	0.7	29.5	20
1993-09-28	0	1.69	32.5	15.5
1993-09-29	2.1	2.07	22.5	15.5
1993-09-30	2.3	0.75	21.5	14
1993-10-01	NULO	3.26	27	14
1993-10-02	0	5.32	30.5	16
1993-10-03	10.3	2.19	26	17
1993-10-04	NULO	5.13	27	16
1993-10-05	NULO	3.18	26	16
1993-10-06	NULO	3.94	27.5	15
1993-10-07	0	5.17	26.2	16
1993-10-08	0	4.92	30	15
1993-10-09	0	5.19	34.5	15
1993-10-10	0	5.72	32.5	17
1993-10-11	0	5.17	29.5	17.5
1993-10-12	NULO	5.54	32	18.5
1993-10-13	NULO	4.42	34.5	16.5
1993-10-14	NULO	6.3	32	16.5
1993-10-15	0	6.19	32.5	18
1993-10-16	0	5.49	34	18
1993-10-17	NULO	6.04	34.5	17.5
1993-10-18	0	5.98	35	16.5
1993-10-19	0	6.48	36	16.5
1993-10-20	10.5	6.24	34.5	17.5
1993-10-21	NULO	2	20.5	17
1993-10-22	0	1.97	19	14.5
1993-10-23	0	4.13	24.5	11.5
1993-10-24	0	4.59	27.8	12
1993-10-25	0	4.85	29.5	13.5
1993-10-26	0	5.41	28	14
1993-10-27	0	1.65	20	15
1993-10-28	0	3.18	29	13.5
1993-10-29	0	2.96	28.5	14.5
1993-10-30	0	4.01	27	17.5
1993-10-31	0	3.73	25	16
1993-11-01	0	4.07	24	9
1993-11-02	0.7	3.81	25.5	13
1993-11-03	1.9	1.4	21	16
1993-11-04	0	4.41	32	16
1993-11-05	0	4.15	34	16
1993-11-06	0	3.66	21.5	17.5
1993-11-07	0	3.34	21.5	14
1993-11-08	0	4.14	30	13
1993-11-09	1.5	3.18	25	11.5
1993-11-10	NULO	1.73	23	16.5
1993-11-11	0	4.72	29	17
1993-11-12	0	4.29	32	14
1993-11-13	0	4.77	34	14.5
1993-11-14	8	4.6	32.5	14
1993-11-15	0	5.52	30	17.5
1993-11-16	0	2.93	29	19
1993-11-17	0	4.9	22	19.5
1993-11-18	0	2	26	16
1993-11-19	0	4.02	31	14
1993-11-20	0	4.08	24	12
1993-11-21	NULO	5.01	19	15
1993-11-22	0	1.58	22	16
1993-11-23	0	4.03	20	10.5
1993-11-24	0	3.85	31	12.5
1993-11-25	0	5.18	26	12.5
1993-11-26	NULO	4.37	27	15
1993-11-27	0	3.35	23	12.5
1993-11-28	0	4.33	24	10
1993-11-29	0	4.27	20	10
1993-11-30	0	4.36	27	9.5
1993-12-01	0	4.98	27.5	9.5
1993-12-02	0	4.93	26	12
1993-12-03	0	4.18	31.5	12
1993-12-04	0	2.9	32	12
1993-12-05	0	3.14	22	12
1993-12-06	0	2.81	26	12
1993-12-07	0	3.8	29.5	11
1993-12-08	0	4.63	29.5	13
1993-12-09	0	4.12	32	14
1993-12-10	0	4.16	31.5	13
1993-12-11	0	5.29	27	12.5
1993-12-12	0	4.05	32	12
1993-12-13	0	4.23	31.5	13
1993-12-14	0	3.34	32	12
1993-12-15	0	4.3	30	14
1993-12-16	0	3.01	30	14.5
1993-12-17	0	3.99	27.5	13
1993-12-18	0	4.7	27.5	15
1993-12-19	0	3.43	30	15
1993-12-20	0	2.97	35.5	14
1993-12-21	0	2.65	26	12
1993-12-22	0	5.02	25.5	11.5
1993-12-23	0	3.19	27	10
1993-12-24	0	4.14	23	10
1993-12-25	0	1.9	24	9.5
1993-12-26	0	4.01	25	11.5
1993-12-27	0	3.9	26.5	15
1993-12-28	0	4.21	30.5	15.5
1993-12-29	0	3.82	26	9.5
1993-12-30	0	2.88	28	10
1993-12-31	0	2.32	27	13
1994-01-01	0	3.01	30	13
1994-01-02	0	1.71	26	10
1994-01-03	0	3.96	26	10.5
1994-01-04	0	3.99	29	7
1994-01-05	0	3.22	27.5	5.5
1994-01-06	0	3.24	31	5
1994-01-07	0	4.25	31	6
1994-01-08	0	4.55	27	9
1994-01-09	0	3.33	27	4.5
1994-01-10	0	3.74	25	5
1994-01-11	0	3.75	29.5	8.5
1994-01-12	0	3.28	30	10
1994-01-13	0	2.04	22	12.5
1994-01-14	0	5.69	24	12.5
1994-01-15	0	3.44	24.5	8
1994-01-16	0	4.24	29	9.5
1994-01-17	NULO	4.17	31	13
1994-01-18	1.6	1.42	18	13
1994-01-19	0	3.48	23	10.5
1994-01-20	NULO	2.45	26	10.5
1994-01-21	3.4	1.36	29	14.5
1994-01-22	1.5	2.51	23.5	15.5
1994-01-23	NULO	2.02	24	16.5
1994-01-24	0	2.48	24	17
1994-01-25	0	4.7	31.5	17.5
1994-01-26	0	4.69	25	14
1994-01-27	0	5.01	28.5	14
1994-01-28	0	5.29	26	14.5
1994-01-29	0	5.01	24	17.5
1994-01-30	0	1.73	24	12.5
1994-01-31	0	2.46	20.5	12
1994-02-01	0	3.73	20.5	13
1994-02-02	0	2.2	15.5	9.5
1994-02-03	0	4.14	27.5	9.5
1994-02-04	0	5.45	31	9
1994-02-05	0	5.75	31	14
1994-02-06	0	6	31	14.5
1994-02-07	0	5.2	31	18
1994-02-08	0	6.03	31.5	17
1994-02-09	0	5.05	33	15
1994-02-10	0	5.7	26.5	15
1994-02-11	0	4.54	27	15
1994-02-12	0	5.87	25.5	11.5
1994-02-13	0.8	1.13	19.5	11.5
1994-02-14	0	4.4	24.5	11
1994-02-15	0	2.93	27.5	10
1994-02-16	NULO	2.37	24	10
1994-02-17	0	4.85	24.5	10
1994-02-18	0	5.17	31	12
1994-02-19	0	5.99	34	17
1994-02-20	0	6.32	36	18
1994-02-21	0	5.77	31	18
1994-02-22	0	6.73	40	19
1994-02-23	0	6.83	32	17.5
1994-02-24	0	5.73	32	10.5
1994-02-25	0	7.11	34	10.5
1994-02-26	0	4.65	26	11
1994-02-27	0	4.76	27	10
1994-02-28	0	6.18	33	10
1994-03-01	0	7.2	35	15
1994-03-02	0	4.17	35	15
1994-03-03	0	5.91	23.5	10.5
1994-03-04	0	4.97	28	11
1994-03-05	0	4.45	34	13
1994-03-06	0	6.48	38	18
1994-03-07	0	9.2	35	19
1994-03-08	0	11.05	35.5	20.5
1994-03-09	0	8.2	42.5	18
1994-03-10	0	2.72	29.5	14.5
1994-03-11	0	5.63	26.5	10
1994-03-12	0	6.11	21	12
1994-03-13	NULO	1.43	28.5	14.5
1994-03-14	0	5.34	23.5	18
1994-03-15	0	6.41	24.5	17.5
1994-03-16	0	5.9	31.5	19
1994-03-17	0	7.65	37	18.5
1994-03-18	0	7.02	36	17
1994-03-19	0	7.83	39.5	17
1994-03-20	0	8.77	41.5	17
1994-03-21	0	7.42	35	19
1994-03-22	0	8.93	35	20.5
1994-03-23	0	9.68	40	20
1994-03-24	0	9.11	40	20
1994-03-25	0	7.8	31	20
1994-03-26	0	4.51	43.5	22
1994-03-27	0	4.73	40.5	22
1994-03-28	0	6.75	27.5	22
1994-03-29	0	2.19	19	14.5
1994-03-30	0	2.77	21.5	14
1994-03-31	0	14.35	24	16
1994-04-01	0	7.16	27.5	17
1994-04-02	0	8.16	34	18
1994-04-03	0	7.69	34.5	20
1994-04-04	0	8.09	35.5	20.5
1994-04-05	0	7.83	40	18.5
1994-04-06	0	6.12	33	19
1994-04-07	0	2.92	24	18
1994-04-08	0	7.84	35	14.5
1994-04-09	1.5	7.72	37	15
1994-04-10	0	8.62	34.5	20
1994-04-11	0	9.32	41	22
1994-04-12	0	7.32	33.5	23.5
1994-04-13	NULO	6.85	34	25
1994-04-14	0	9.63	39.5	20
1994-04-15	4.8	8.46	40	21.5
1994-04-16	8.1	0.67	28	20
1994-04-17	21	2.71	24.5	17
1994-04-18	0	4.75	27.5	17.5
1994-04-19	0	5.63	31.5	17
1994-04-20	6.2	4.99	31.5	19
1994-04-21	40.2	2.58	28	19
1994-04-22	NULO	6.01	32	17
1994-04-23	0	1.55	31.5	17.5
1994-04-24	0	7.83	37.5	18.5
1994-04-25	0	8.96	40	19.5
1994-04-26	0	9.13	41.5	18
1994-04-27	0	8.56	40.5	18
1994-04-28	0	7.95	37	20.5
1994-04-29	0	7.67	38	23.5
1994-04-30	0.7	8.24	37.5	23
1994-05-01	0	5.86	30	22
1994-05-02	0	7.01	34	22.5
1994-05-03	0	9.59	30.5	22
1994-05-04	0	5.65	33.5	24
1994-05-05	0	3.92	31	24.5
1994-05-06	0	7.71	36	19.5
1994-05-07	0	9.41	39	21
1994-05-08	0	8.5	36	24
1994-05-09	0	7.19	34.5	22
1994-05-10	0	5.39	33.5	23
1994-05-11	0	6.83	34.5	23.5
1994-05-12	0	6.37	34	22.5
1994-05-13	10.8	7.07	36.5	22
1994-05-14	4.4	6.96	37	19.5
1994-05-15	5.5	6.18	33.5	19
1994-05-16	0	5.98	34.5	19.5
1994-05-17	0.8	6.85	34.5	20.5
1994-05-18	0	6.93	34.5	21
1994-05-19	2	4.17	32	21
1994-05-20	0	5.71	31.5	20
1994-05-21	0	8.34	30	21
1994-05-22	0	5.38	30	21.5
1994-05-23	0	5.47	31	21
1994-05-24	0	7.79	35	21
1994-05-25	0	7.77	37.5	22
1994-05-26	0	8.47	34	22
1994-05-27	13.1	4.23	40	22
1994-05-28	0	5.55	35	22
1994-05-29	0	7.94	31.5	21.5
1994-05-30	0	7.99	34	21
1994-05-31	0	8.85	36	21
1994-06-01	0	9.55	36	20.5
1994-06-02	0	8.62	36	18.5
1994-06-03	0	8.37	36.5	19
1994-06-04	0	8.18	36.5	23.5
1994-06-05	5	7.73	38	25
1994-06-06	0.2	7.81	37	22
1994-06-07	0	7.99	40	22.5
1994-06-08	7.8	6.61	39	24.5
1994-06-09	0	6.73	39	23
1994-06-10	0	7.98	36	23
1994-06-11	54	5.04	31.5	23
1994-06-12	7.3	2.1	30.5	22
1994-06-13	NULO	2.8	30	21.5
1994-06-14	30.2	4.04	33	22
1994-06-15	0.9	5.15	32.5	22
1994-06-16	0	4.05	33	21.5
1994-06-17	0	5.2	30	21
1994-06-18	0	5.72	34	21.5
1994-06-19	0	5.33	33	20.5
1994-06-20	0	5.18	32.5	21.5
1994-06-21	13.8	7	35	22
1994-06-22	51	5.32	35	22
1994-06-23	6.8	5.36	35.5	22
1994-06-24	0.5	3.67	33	20
1994-06-25	0	4.79	33.5	14.5
1994-06-26	0	6.9	34	14
1994-06-27	0	6	33	21
1994-06-28	0	6.5	33	18.5
1994-06-29	0	7.32	34	20
1994-06-30	0	7.4	32	20
1994-07-01	0	7.2	33.5	18.5
1994-07-02	0	8.24	34.5	18.5
1994-07-03	0	6.33	33.5	19
1994-07-04	0	6.67	34	20.5
1994-07-05	0	8.05	34	22
1994-07-06	0	7.49	33	21.5
1994-07-07	0	7.16	33.5	21.5
1994-07-08	0	6.7	32	22
1994-07-09	0	7.37	31.5	18
1994-07-10	NULO	6.56	33.5	19
1994-07-11	NULO	6.87	33.5	20
1994-07-12	3.8	4.93	34.5	23.5
1994-07-13	0.6	5.34	34.5	18.5
1994-07-14	0	6.43	32	20.5
1994-07-15	0	6.19	31	21
1994-07-16	4	7.95	31.5	19
1994-07-17	0	4.05	27	16.5
1994-07-18	0	6.38	29	18
1994-07-19	0	6.36	32	18
1994-07-20	0	8.55	32	19
1994-07-21	0	7.99	32	19
1994-07-22	0	9.34	31	20
1994-07-23	0	6.36	31.5	21
1994-07-24	0	5.94	33	20.5
1994-07-25	0	9.26	34	20.5
1994-07-26	0	8.19	35.5	19
1994-07-27	0	8.16	36	21
1994-07-28	0	5.65	36	20.5
1994-07-29	0	7.95	33	19
1994-07-30	0	7.47	34	20
1994-07-31	0	8.31	34	22
1994-08-01	0	8.61	35	21
1994-08-02	0.2	6.18	33	22
1994-08-03	0	6.71	33	19
1994-08-04	0	6.42	31	18.5
1994-08-05	14.5	5.83	30	20
1994-08-06	3	2.09	29	19
1994-08-07	0	7.09	32	20
1994-08-08	0	7.23	32	21
1994-08-09	0.2	5.92	31	20
1994-08-10	0.3	5.14	28.5	20.5
1994-08-11	2.1	2.19	25	19.5
1994-08-12	1	3.38	29	18.5
1994-08-13	7	2.88	28	19
1994-08-14	1	2.87	28	20
1994-08-15	3.3	7.27	30	18
1994-08-16	0	5.8	31.5	19.5
1994-08-17	0	6.39	31.5	21
1994-08-18	0	6.24	32	21
1994-08-19	5	2.61	28	20
1994-08-20	10	6.01	33	18.5
1994-08-21	0	6.41	34	18
1994-08-22	0	7.6	34	21
1994-08-23	0	6.33	33	21
1994-08-24	11.5	5.4	33.5	19
1994-08-25	0	4.94	29	19
1994-08-26	0.2	4.95	30	19
1994-08-27	0	5.82	30	19
1994-08-28	0	7.24	32	19
1994-08-29	0	7.46	32.5	12
1994-08-30	0	7.22	33	19.5
1994-08-31	5.6	4.27	33	22
1994-09-01	11.8	2.39	33	20
1994-09-02	5.3	0.88	34	19.5
1994-09-03	0	3.44	27	17
1994-09-04	0	4.66	27.5	17
1994-09-05	0	6.21	30	18.5
1994-09-06	1	4.62	29	19
1994-09-07	0	5.99	31	19
1994-09-08	0	5.3	31.5	19
1994-09-09	0	8.54	32.5	20
1994-09-10	0	7.06	30.5	19
1994-09-11	6.4	6.04	31.5	19
1994-09-12	0	5.35	29	18
1994-09-13	0.2	5.46	30	20
1994-09-14	0	6.13	30	19
1994-09-15	0	6.4	32.5	19
1994-09-16	14.2	7.84	32.5	20.5
1994-09-17	11.5	3.24	32.5	18
1994-09-18	0.3	3.11	32.5	18.5
1994-09-19	NULO	3.34	32	18
1994-09-20	0	4.96	29.5	15
1994-09-21	0	6.66	32	16
1994-09-22	0	7.03	34	14
1994-09-23	38.5	8.49	32	19
1994-09-24	0	4.32	31.5	19
1994-09-25	NULO	7.53	30	20
1994-09-26	NULO	4.55	28	17
1994-09-27	NULO	3.91	32	16
1994-09-28	0	6.22	32	16
1994-09-29	0	4.72	30	15
1994-09-30	0	6.4	28	15
1994-10-01	0	2.78	29.5	16.5
1994-10-02	0	5.38	34	18
1994-10-03	0	7.29	33	20
1994-10-04	14.3	1.65	27	21
1994-10-05	3.3	2.55	24.5	19
1994-10-06	26	6.62	33	18
1994-10-07	38.9	7.88	33	18
1994-10-08	21.7	4.4	31	17.5
1994-10-09	2	3.7	20.5	17
1994-10-10	0	3.6	19.5	14.5
1994-10-11	0	1.3	23	14.5
1994-10-12	0	5.13	27	14
1994-10-13	0.2	3.39	23	14
1994-10-14	NULO	4.25	28	16.5
1994-10-15	0	2.45	29	17
1994-10-16	NULO	3.84	31.5	19
1994-10-17	32.7	7.27	33	19
1994-10-18	0	4.05	34	16.5
1994-10-19	0	6.41	29.5	17
1994-10-20	0	5.2	30	18
1994-10-21	0	5.03	29	18.5
1994-10-22	0	5.08	30	20
1994-10-23	0	5.86	31	19.5
1994-10-24	NULO	5.61	31	18
1994-10-25	1.3	6.35	33	16
1994-10-26	0	5.21	28.5	16.5
1994-10-27	0	3.24	31	18
1994-10-28	0	5.39	31	18
1994-10-29	0	6.47	30.5	15
1994-10-30	0	5.48	31.5	16
1994-10-31	0	1.05	31.5	16
1994-11-01	0	8.55	33	16
1994-11-02	0	4.73	31	16
1994-11-03	0	3.86	32	16
1994-11-04	0	4.42	33.5	17.5
1994-11-05	0	3.89	33	14.5
1994-11-06	0	3.89	31	15
1994-11-07	0	3.9	31	15
1994-11-08	0	4.45	30	14
1994-11-09	0	5.67	30.5	15
1994-11-10	NULO	3.81	27.5	12.5
1994-11-11	0	7.87	27.5	13.5
1994-11-12	0	4.05	32	14
1994-11-13	0	4.55	28	15.5
1994-11-14	0	3.8	30	13.5
1994-11-15	0	5.4	26	8
1994-11-16	0	4.8	27	11.5
1994-11-17	NULO	4.44	33	15
1994-11-18	0	5.13	29.5	15
1994-11-19	0	5.08	29	15
1994-11-20	0	5.2	29	15
1994-11-21	NULO	4.15	30	15
1994-11-22	NULO	4.5	28	12
1994-11-23	0.3	3.04	26	11.5
1994-11-24	0	3.91	25	9.5
1994-11-25	0	4.67	31	15
1994-11-26	0	3.46	33	17
1994-11-27	0	6.22	32	16
1994-11-28	0	5.18	38	14
1994-11-29	0.6	5.22	31	16.5
1994-11-30	0	2	27	13
1994-12-01	0	3.49	25	14
1994-12-02	0	3.91	31	14
1994-12-03	0	3.21	31.5	14.5
1994-12-04	0	5.27	30	16.5
1994-12-05	0	5.32	29	18
1994-12-06	0	4.75	31	17
1994-12-07	0	5.99	28.5	16
1994-12-08	0	4.06	29	16.5
1994-12-09	0	4.46	32	14.5
1994-12-10	0	6.64	27	14.5
1994-12-11	0	3.8	28	12
1994-12-12	NULO	4.34	32	9
1994-12-13	0	4.63	30.5	10.5
1994-12-14	0	4.44	29	11
1994-12-15	0	4.85	28	16
1994-12-16	0	4.79	29	16.5
1994-12-17	0	5.09	31	16
1994-12-18	0	3.88	30	16.5
1994-12-19	NULO	3.99	28	16
1994-12-20	0	4.59	31	14
1994-12-21	0	4.69	26	13.5
1994-12-22	0	4.83	27	14
1994-12-23	0	2.6	25	12
1994-12-24	0	3	19	14
1994-12-25	0	3.77	25	12
1994-12-26	NULO	4.51	29	9
1994-12-27	0	5.6	33	11
1994-12-28	0	3.1	28	11
1994-12-29	0	4.33	27	15
1994-12-30	0	4.82	26	11.5
1994-12-31	0	3.95	25	11
1995-01-01	0	4.91	25	12
1995-01-02	0	4.37	22	12
1995-01-03	0	2.15	25	13
1995-01-04	0	3.54	22	14.5
1995-01-05	0	4.2	27	13.5
1995-01-06	0	4.85	31	14
1995-01-07	0	4.31	32	11
1995-01-08	0	4.58	33	12
1995-01-09	0	4.11	34	13
1995-01-10	0	4.61	31	10
1995-01-11	0	4.63	32	12
1995-01-12	0	6.31	35	12
1995-01-13	0	3.25	35	11
1995-01-14	0	5.11	26	11
1995-01-15	0	4.99	28	9.5
1995-01-16	0	4.87	33.5	10
1995-01-17	0	6.55	35.5	10.5
1995-01-18	0	6.35	31.5	13
1995-01-19	0	4.42	21	15.5
1995-01-20	0	5.03	23	11.5
1995-01-21	0	5.2	28	11
1995-01-22	0	2.75	30	12
1995-01-23	0	3.14	20	11
1995-01-24	4.9	4.95	21	13
1995-01-25	1.8	1.86	24	14
1995-01-26	NULO	4.55	27.5	14.5
1995-01-27	0	3.94	34	13
1995-01-28	0	4.12	29	13
1995-01-29	0	4.11	30	13.5
1995-01-30	1.5	2.06	16	15
1995-01-31	NULO	1.1	17.5	9
1995-02-01	0	3.44	28	9
1995-02-02	0	4.65	28.5	10.5
1995-02-03	3	3.3	29	11.5
1995-02-04	0	4.55	22	12
1995-02-05	0	4.84	29	11.5
1995-02-06	0	4.12	29.5	11
1995-02-07	0	4.21	31	10.5
1995-02-08	0	4.82	31	11
1995-02-09	0	5.12	31.5	12.5
1995-02-10	0	5.86	35	13
1995-02-11	0	6.76	36	11
1995-02-12	0	6.55	32	15
1995-02-13	0	6.65	32	14.5
1995-02-14	0	6.49	37	14
1995-02-15	0	5.07	37	14
1995-02-16	0	6.84	28.5	13.3
1995-02-17	0	6.9	31	14
1995-02-18	0	6.01	37	14
1995-02-19	0.2	7.41	27.5	14
1995-02-20	0	5.43	26	14
1995-02-21	0	6.75	27	13
1995-02-22	0	6.01	28	11
1995-02-23	0	5.21	29.5	10.5
1995-02-24	0	6.72	27	14.5
1995-02-25	0	6.32	28	16
1995-02-26	0	4.69	32	15
1995-02-27	0.4	5.52	33	17
1995-02-28	0	8.06	34	16
1995-03-01	0	7.01	28	16.5
1995-03-02	0	4.32	27.5	18.5
1995-03-03	0	5.28	27	19
1995-03-04	0	6.22	26	16
1995-03-05	0	7.2	34	14
1995-03-06	0	7.83	37	16
1995-03-07	0	8.9	35.5	17.5
1995-03-08	0	3.82	16	11.5
1995-03-09	0	4.08	18	9.5
1995-03-10	0	6.4	26	9
1995-03-11	0	7.69	32	11
1995-03-12	0	7.64	31	13
1995-03-13	0	9.39	35	15
1995-03-14	0	8.2	31	15
1995-03-15	4.3	5.05	28	15
1995-03-16	0	7.1	26.5	16.5
1995-03-17	0	6.97	28.5	14
1995-03-18	0	6.58	31	14
1995-03-19	0	6.44	33	14
1995-03-20	0	8.46	26	15
1995-03-21	0	7.7	28	15
1995-03-22	0	9.39	40	16
1995-03-23	0	8.3	38.5	16.5
1995-03-24	0	9.36	41	16
1995-03-25	0	10.27	42	18
1995-03-26	0	10.65	42	18.5
1995-03-27	0	7.22	34	18.5
1995-03-28	3.7	5.93	35	20
1995-03-29	0	6.07	33	17.5
1995-03-30	0	8.93	33	18.5
1995-03-31	0	8.05	37	18
1995-04-01	0	7.29	30	18
1995-04-02	0	6.37	28	17
1995-04-03	0	6.28	35	16
1995-04-04	0	8.01	37	17.5
1995-04-05	0	8.04	32	19
1995-04-06	0	6.96	32	20
1995-04-07	0	7.15	30	16.5
1995-04-08	0	9.26	36	17
1995-04-09	0	11.85	40	0.5
1995-04-10	0	11.06	39	17.5
1995-04-11	0	10.77	37	17
1995-04-12	0	10.26	33	17
1995-04-13	0	6.56	30	15
1995-04-14	0	7.35	29	14
1995-04-15	0	7.62	29	18
1995-04-16	0	6.81	37	17
1995-04-17	16	8.05	37	15
1995-04-18	0	7.86	28	20
1995-04-19	0	6.99	39	20
1995-04-20	0	8.16	42	21
1995-04-21	0	9.82	41	20
1995-04-22	0	9.79	32	20
1995-04-23	0	9.5	28	22
1995-04-24	0	7.66	30	18
1995-04-25	0.2	6.63	34	15
1995-04-26	10	5.98	33	15
1995-04-27	0	6.83	30	16
1995-04-28	0	8.13	37	17
1995-04-29	1	7.92	32	18
1995-04-30	0	7.84	33	16
1995-05-01	0	6.68	39	18
1995-05-02	0	8.81	37	20
1995-05-03	0	8.85	38	20.5
1995-05-04	2.4	8.95	38.5	20
1995-05-05	0	6.6	35	20.5
1995-05-06	0	9.32	37	20.5
1995-05-07	0	8.36	40	21
1995-05-08	0	8.56	40.5	20
1995-05-09	0	8.15	39	21.5
1995-05-10	0	9.21	39.5	19.5
1995-05-11	0	9	39.5	20.5
1995-05-12	0	10.12	41	22.5
1995-05-13	0	10.15	40.5	24
1995-05-14	0	9.31	41	24
1995-05-15	0	8.32	35.5	24.5
1995-05-16	0	8.6	30.5	21.5
1995-05-17	0	8.62	40.5	23
1995-05-18	0	10.54	39.5	23.5
1995-05-19	0	9	33.5	26
1995-05-20	0	8.75	36	24
1995-05-21	0	8.94	37.5	24
1995-05-22	0	9.47	38	25.5
1995-05-23	4.3	9.19	39	23
1995-05-24	0	7.19	35	21.5
1995-05-25	4.6	7.27	35	22.5
1995-05-26	0	5.84	32.5	20.5
1995-05-27	0	6.09	36.5	20
1995-05-28	18	6.4	35.5	21
1995-05-29	1.8	3.65	32	18
1995-05-30	0.4	7.76	33.2	20
1995-05-31	0	5.88	34	20
1995-06-01	0	8.26	36.5	20
1995-06-02	0	8.4	35	20.5
1995-06-03	0	9.02	37	21.5
1995-06-04	0	8.58	37.5	19
1995-06-05	0	6.24	38	21
1995-06-06	2.5	6.79	39	21.5
1995-06-07	0	7.81	42	19.5
1995-06-08	0	9.53	38.5	21
1995-06-09	0	9.66	36.5	21.5
1995-06-10	0	8.69	34	24.5
1995-06-11	0.3	8.85	35	22
1995-06-12	0	3.28	26	19.5
1995-06-13	0	6.44	30.5	18
1995-06-14	0	6.96	30.5	20
1995-06-15	0	6.17	30	18
1995-06-16	0	8.89	30.5	18.5
1995-06-17	0	5.64	26	20
1995-06-18	0	5.38	29	19
1995-06-19	0	4.19	31	21
1995-06-20	0	5.27	30	21
1995-06-21	0	5.46	33	22
1995-06-22	0.4	5.85	32.5	22
1995-06-23	0	9.26	34	22.5
1995-06-24	0	9.16	33	23.5
1995-06-25	0	7.82	33	23
1995-06-26	0	8.62	33	20.5
1995-06-27	0	7.71	34	21
1995-06-28	8.5	5.27	32	22
1995-06-29	11	2.99	31.5	21
1995-06-30	5	3.14	30	20
1995-07-01	NULO	3.75	29	19.5
1995-07-02	0	6.43	33	22
1995-07-03	0	1.12	33	19
1995-07-04	3.3	7.21	36	21
1995-07-05	12	6.63	35.5	20
1995-07-06	0	4.76	29	19.5
1995-07-07	2.5	3.28	29	19.5
1995-07-08	4.2	3.54	29.5	18.5
1995-07-09	3.8	3.39	27.5	18.5
1995-07-10	5	2.87	27.5	18
1995-07-11	3	0.9	27	19
1995-07-12	0.8	2.88	27	19
1995-07-13	0	3.27	29.5	18.5
1995-07-14	2	4.09	29.5	18.5
1995-07-15	2.5	5.95	32	19.5
1995-07-16	0	6.1	31	20
1995-07-17	0	5.05	29	20
1995-07-18	0	7.51	32	21
1995-07-19	0	8.16	34	21
1995-07-20	0	7.01	32	22
1995-07-21	0	7.91	33	22.5
1995-07-22	0	8.83	33	22
1995-07-23	0	8.93	35	21.5
1995-07-24	5.5	9	34	20.5
1995-07-25	5	1.49	27.5	19
1995-07-26	3.1	3.12	29	18.5
1995-07-27	0.1	6.38	31	18.5
1995-07-28	NULO	9	31	19
1995-07-29	0	5.23	29	18.5
1995-07-30	0	9.97	34	17
1995-07-31	0	8.32	35	17
1995-08-01	0	8.23	35	17
1995-08-02	0	5.39	34	20
1995-08-03	0	8.7	34.5	20
1995-08-04	0	9.46	34.5	20
1995-08-05	1.5	7.48	34	21
1995-08-06	18.8	2.67	28	19.5
1995-08-07	2.6	2.38	28	19.5
1995-08-08	6.2	4.57	30	20
1995-08-09	9.6	2.57	29	20
1995-08-10	5.1	4.35	32.5	18.5
1995-08-11	3.7	1.43	29.5	19
1995-08-12	5.4	3.61	30.5	20
1995-08-13	0	3.07	27	21
1995-08-14	0.5	4.05	31	20.5
1995-08-15	0	6.83	32	20.5
1995-08-16	0.2	3.56	26	20.5
1995-08-17	0	3.18	29.5	20.5
1995-08-18	0	4.95	30.5	20
1995-08-19	9.8	4.39	29.5	20
1995-08-20	3.8	1.36	29.5	18.5
1995-08-21	0	5.24	30.5	18.5
1995-08-22	0	5.46	31	19
1995-08-23	0	7.4	33	20
1995-08-24	0.3	5.43	33	19
1995-08-25	0	6.82	33.5	19.5
1995-08-26	1.5	5.29	34	20
1995-08-27	0.3	5.67	31	21
1995-08-28	0.1	5.09	30	21
1995-08-29	0	6.22	31.5	21
1995-08-30	0	5.63	30	20
1995-08-31	1.6	4.22	29.5	20
1995-09-01	15.5	2.8	29	20
1995-09-02	2.1	1.97	26	20.5
1995-09-03	0	1.93	28	19
1995-09-04	NULO	4.7	29.5	20
1995-09-05	1	4.08	30.5	18
1995-09-06	2	3.5	29.5	18.5
1995-09-07	NULO	5.91	30	16.5
1995-09-08	NULO	5.39	31	14.5
1995-09-09	0	6.55	31.5	15
1995-09-10	0.1	6.35	30	17.5
1995-09-11	0	5.18	29	19.5
1995-09-12	0	6.12	31	20
1995-09-13	0.1	5.15	31	21.5
1995-09-14	3	4.45	32	20
1995-09-15	0	5.63	31	19
1995-09-16	0	6.45	31	20
1995-09-17	0	5.96	31	21
1995-09-18	0	6.17	32	22
1995-09-19	0	7.45	32	20.5
1995-09-20	0.1	6.1	31	21
1995-09-21	0	2.17	26.5	20
1995-09-22	0	9.39	30	20.5
1995-09-23	0	5.75	29	19
1995-09-24	0	7.19	31	19
1995-09-25	0	7.38	32	19
1995-09-26	0	6.5	32	18
1995-09-27	0	7.09	32	18.5
1995-09-28	5	2.77	26.5	21
1995-09-29	NULO	6.51	28	18
1995-09-30	0	7.03	34	17
1995-10-01	NULO	5.8	31	16.5
1995-10-02	0	6.04	32.5	19
1995-10-03	0	7.2	34	18.5
1995-10-04	0	5.91	35	20
1995-10-05	0	7.17	36	17
1995-10-06	1.3	4.86	34	18
1995-10-07	0	8	32	17.5
1995-10-08	0	5.75	31	13
1995-10-09	0	6.55	33	13
1995-10-10	0	6.48	32	13.5
1995-10-11	0	6.47	28.5	13
1995-10-12	0	5.97	29	13
1995-10-13	0	6.96	29	14
1995-10-14	1.4	7.74	27	10
1995-10-15	0	6.51	26.5	12
1995-10-16	0	7.01	27	9.5
1995-10-17	0	5.27	29	10
1995-10-18	0	6.6	26	12.5
1995-10-19	0	6.86	31	13
1995-10-20	39	2.12	23.5	13
1995-10-21	NULO	3.16	29	15.5
1995-10-22	NULO	2.98	31.5	14.5
1995-10-23	NULO	4.77	32	15
1995-10-24	5.5	9.47	23	18
1995-10-25	0	4.54	29	18
1995-10-26	27.8	9.47	32	18.5
1995-10-27	8.2	4.32	31	18.5
1995-10-28	0.8	3.42	26	16
1995-10-29	1.2	2.04	25	18
1995-10-30	NULO	4.15	32	18
1995-10-31	NULO	4.87	31.5	18.5
1995-11-01	4	4.77	33	18.5
1995-11-02	0	5.35	32	17
1995-11-03	0	2.89	28	18
1995-11-04	0	3.02	25	17
1995-11-05	0	2.11	26	17
1995-11-06	NULO	3.73	30.5	18.5
1995-11-07	NULO	4.88	23	17
1995-11-08	0	5.08	30	13.5
1995-11-09	0	3.87	33.5	14
1995-11-10	0	3.4	32	16.5
1995-11-11	2.1	4.88	29	17
1995-11-12	NULO	3.9	32	14.5
1995-11-13	0	5.62	32.5	13.5
1995-11-14	0	3.45	27	14
1995-11-15	0	3.85	27	13
1995-11-16	0	3.4	27	13.5
1995-11-17	0	2.9	29	16.5
1995-11-18	7.3	2.91	28	17
1995-11-19	0	0.28	20	14
1995-11-20	1.5	1.5	27	14
1995-11-21	1	0.16	18	15.5
1995-11-22	NULO	3.61	24	13
1995-11-23	0	3.24	28	11.5
1995-11-24	0	2.85	29	11.5
1995-11-25	0	4.15	25	12
1995-11-26	0	3.75	29	8.5
1995-11-27	0	3.45	30	8
1995-11-28	0	3.85	30	9
1995-11-29	0	4.41	27	11.5
1995-11-30	0	3.94	21.5	12
1995-12-01	0	4.89	30.5	13
1995-12-02	0	3.74	31	13.5
1995-12-03	0	4.28	32.5	13
1995-12-04	NULO	3.65	30	13.5
1995-12-05	0	4.39	32	13
1995-12-06	0	5.46	31	11
1995-12-07	0	5.14	31.5	10.5
1995-12-08	0	1.6	31.5	10.5
1995-12-09	0.5	2.2	22.5	12
1995-12-10	0	0.87	14.5	12.5
1995-12-11	0	2.77	22	10.5
1995-12-12	0	4.51	29	11.5
1995-12-13	0	3.6	28	11
1995-12-14	0	2.83	29	11
1995-12-15	0	2.95	30	10.5
1995-12-16	0	4.2	31	12
1995-12-17	0	6.15	33	12
1995-12-18	0	5.55	34	13
1995-12-19	0	4.9	29	16.5
1995-12-20	0	3.2	22	12.5
1995-12-21	0	5.06	21	10.5
1995-12-22	0	0.94	21	12.5
1995-12-23	0	3.45	16.5	12
1995-12-24	0	3.95	20	12
1995-12-25	5.5	0.4	21	11.5
1995-12-26	3.5	0.41	18	14
1995-12-27	NULO	1.63	21.5	14
1995-12-28	0	2.29	15.5	13.5
1995-12-29	NULO	4.19	23	12.5
1995-12-30	5.5	5.53	19	12.5
1995-12-31	NULO	8.1	24.5	13.5
2000-01-01	0	NULO	23	2.5
2000-01-02	0	NULO	23.5	3.5
2000-01-03	0	NULO	21.5	2.5
2000-01-04	0	NULO	18	2
2000-01-05	0	NULO	24.5	2
2000-01-06	0	NULO	22	5
2000-01-07	0	NULO	21	2
2000-01-08	0	NULO	21	-3
2000-01-09	0	NULO	21.5	3
2000-01-10	0	NULO	21.5	2.5
2000-01-11	0	NULO	22	1
2000-01-12	0	NULO	20	1
2000-01-13	2	NULO	22	1.5
2000-01-14	0.1	NULO	18	0
2000-01-15	1	NULO	14	-1
2000-01-16	0.4	NULO	15.5	4
2000-01-17	0	NULO	18	5
2000-01-18	0	NULO	16.5	1
2000-01-19	0	NULO	17	-4
2000-01-20	0	NULO	17	-1
2000-01-21	0	NULO	18	-1
2000-01-22	0	NULO	21	-2
2000-01-23	0	NULO	22.5	-2.5
2000-01-24	0	NULO	22.5	1
2000-01-25	0	NULO	22	1
2000-01-26	0	NULO	23	0.5
2000-01-27	0	NULO	25	3.5
2000-01-28	0	NULO	24.5	4
2000-01-29	0	NULO	24	4.5
2000-01-30	0	NULO	23.5	4
2000-01-31	0	NULO	24	3.5
2000-02-01	0	NULO	23	1
2000-02-02	0	NULO	21	-0.5
2000-02-03	0	NULO	12	1
2000-02-04	0	NULO	16	-2
2000-02-05	0	NULO	18	-3
2000-02-06	0	NULO	16	0
2000-02-07	0	NULO	19	-1
2000-02-08	0	NULO	19	0.5
2000-02-09	0	NULO	19	1
2000-02-10	0	NULO	23	-1.5
2000-02-11	0	NULO	23.5	1
2000-02-12	0	NULO	24	2
2000-02-13	0	NULO	26	3
2000-02-14	0	NULO	25.5	4.5
2000-02-15	0	NULO	24.5	4.5
2000-02-16	0	NULO	25	4.5
2000-02-17	0	NULO	25	5
2000-02-18	0	NULO	22	5
2000-02-19	0	NULO	20	4
2000-02-20	0	NULO	18	5
2000-02-21	0	NULO	22	3
2000-02-22	0	NULO	24	2
2000-02-23	0	NULO	25	3
2000-02-24	0	NULO	26	4
2000-02-25	0	NULO	26	4
2000-02-26	0	NULO	22	4.5
2000-02-27	0	NULO	26	4
2000-02-28	0	NULO	26.5	3
2000-02-29	0	NULO	26	4
2000-03-01	0	NULO	26	2.5
2000-03-02	0	NULO	26	1.5
2000-03-03	0	NULO	24	2.5
2000-03-04	0	NULO	26	2
2000-03-05	0	NULO	26	3
2000-03-06	0	NULO	26	4
2000-03-07	0	NULO	26.5	4
2000-03-08	0	NULO	26	3.5
2000-03-09	0	NULO	25	4
2000-03-10	0.1	NULO	25	4.5
2000-03-11	0.5	NULO	26	5
2000-03-12	0	NULO	24	4.5
2000-03-13	0	NULO	23	4.5
2000-03-14	0	NULO	24	4.5
2000-03-15	0	NULO	25	5
2000-03-16	0	NULO	24	5
2000-03-17	0	NULO	24	4.5
2000-03-18	0	NULO	25	4
2000-03-19	0	NULO	25	3.5
2000-03-20	0	NULO	26	4.5
2000-03-21	0	NULO	27	4.5
2000-03-22	0	NULO	27	4
2000-03-23	0	NULO	29	4
2000-03-24	0	NULO	29	5.5
2000-03-25	0	NULO	30	9
2000-03-26	0	NULO	30	9
2000-03-27	0	NULO	31	9.5
2000-03-28	0	NULO	32	10
2000-03-29	0	NULO	32	10
2000-03-30	0	NULO	32	10
2000-03-31	0	NULO	32	7
2000-04-01	0	NULO	32	7.5
2000-04-02	0	NULO	33	7
2000-04-03	0	NULO	26	7.5
2000-04-04	0	NULO	17	6
2000-04-05	0	NULO	23	4.5
2000-04-06	0	NULO	34	4.5
2000-04-07	4.5	NULO	17	5
2000-04-08	0	NULO	19	4
2000-04-09	0	NULO	20	4.5
2000-04-10	0	NULO	23	3.5
2000-04-11	0	NULO	24	3.5
2000-04-12	0	NULO	25	3.5
2000-04-13	0	NULO	28	3
2000-04-14	0	NULO	30	4
2000-04-15	0	NULO	31	3
2000-04-16	0	NULO	30.5	4.5
2000-04-17	0	NULO	32	5
2000-04-18	0	NULO	30	5
2000-04-19	0	NULO	31	4.5
2000-04-20	0	NULO	31	3.5
2000-04-21	0	NULO	30	3.5
2000-04-22	0	NULO	30	4
2000-04-23	0	NULO	31	4
2000-04-24	0	NULO	32	4.5
2000-04-25	0	NULO	33.5	5
2000-04-26	0	NULO	33.5	5
2000-04-27	2.2	NULO	33.5	4.5
2000-04-28	3	NULO	32	5
2000-04-29	0	NULO	26.5	6.5
2000-04-30	11	NULO	28	9.5
2000-05-01	0	NULO	31	3
2000-05-02	0	NULO	30	4
2000-05-03	0	NULO	28	4.5
2000-05-04	0	NULO	25	6
2000-05-05	0	NULO	27	6.5
2000-05-06	1.8	NULO	24	9
2000-05-07	0	NULO	26	7
2000-05-08	0	NULO	28.5	6
2000-05-09	0	NULO	27	7.5
2000-05-10	0	NULO	28	6
2000-05-11	0	NULO	28	7
2000-05-12	0.3	NULO	26	6.5
2000-05-13	0	NULO	24	5
2000-05-14	0	NULO	30	4.5
2000-05-15	0	NULO	23	6
2000-05-16	0	NULO	25.5	4.5
2000-05-17	0	NULO	28	5
2000-05-18	0	NULO	30	6
2000-05-19	0.3	NULO	28	6.5
2000-05-20	0	NULO	23	6.5
2000-05-21	0	NULO	18	6
2000-05-22	0	NULO	27	4
2000-05-23	0	NULO	30	6
2000-05-24	0	NULO	31	7
2000-05-25	0	NULO	30	10.5
2000-05-26	0	NULO	30	14
2000-05-27	0	NULO	26	13
2000-05-28	0	NULO	26	11
2000-05-29	0	NULO	27.5	10
2000-05-30	0	NULO	25.5	10
2000-05-31	0	NULO	27.5	11
2000-06-01	0	NULO	26	11
2000-06-02	0	NULO	24.5	10.5
2000-06-03	0	NULO	24	10
2000-06-04	0	NULO	25.5	6
2000-06-05	0	NULO	26	5
2000-06-06	0.2	NULO	25	9.5
2000-06-07	1.5	NULO	24	10.5
2000-06-08	24	NULO	24	9
2000-06-09	18.3	NULO	26	9
2000-06-10	2.6	NULO	24	9.5
2000-06-11	8	NULO	22	9.5
2000-06-12	0	NULO	23	9
2000-06-13	2	NULO	24	8
2000-06-14	30	NULO	24.5	9
2000-06-15	21.3	NULO	23	10.5
2000-06-16	8.6	NULO	22.5	10.5
2000-06-17	2.8	NULO	23	10
2000-06-18	4.2	NULO	23.5	11
2000-06-19	0	NULO	24.5	10.5
2000-06-20	18.4	NULO	21	10
2000-06-21	12.3	NULO	21	9.5
2000-06-22	27.8	NULO	23	9.5
2000-06-23	0	NULO	24	10
2000-06-24	0	NULO	23.5	8
2000-06-25	0	NULO	22.5	7
2000-06-26	0	NULO	22	11
2000-06-27	0	NULO	23.5	10.5
2000-06-28	0	NULO	23.5	9.5
2000-06-29	6	NULO	23	9.5
2000-06-30	0	NULO	22	11.5
2000-07-01	0	NULO	23.5	10.5
2000-07-02	0	NULO	24.5	9
2000-07-03	0.4	NULO	23	10.5
2000-07-04	0	NULO	23.5	9
2000-07-05	0	NULO	22.5	7.5
2000-07-06	0	NULO	21	8
2000-07-07	0	NULO	22.5	8.5
2000-07-08	0	NULO	23	9
2000-07-09	0.6	NULO	21	9.5
2000-07-10	0.2	NULO	23	9
2000-07-11	0	NULO	24	8.5
2000-07-12	0	NULO	23.5	8.5
2000-07-13	0	NULO	23	8
2000-07-14	0	NULO	24	8
2000-07-15	0	NULO	24.5	7
2000-07-16	0	NULO	24.5	7.5
2000-07-17	0	NULO	24	8
2000-07-18	0	NULO	24	7
2000-07-19	0	NULO	24	7.5
2000-07-20	0	NULO	26.5	7
2000-07-21	0	NULO	26	6
2000-07-22	0.4	NULO	26.5	4.5
2000-07-23	0	NULO	26	6.5
2000-07-24	0	NULO	25	6.5
2000-07-25	0	NULO	25	7
2000-07-26	0.6	NULO	24.5	6
2000-07-27	0	NULO	23	6
2000-07-28	0	NULO	24.5	8
2000-07-29	5	NULO	24.5	8.5
2000-07-30	0	NULO	24	8.5
2000-07-31	10.5	NULO	23.5	8
2000-08-01	0	NULO	23.5	8
2000-08-02	0	NULO	23	8.5
2000-08-03	4.2	NULO	22	9
2000-08-04	2.5	NULO	24	8
2000-08-05	0	NULO	26	11
2000-08-06	0	NULO	26.5	10
2000-08-07	0	NULO	28	10
2000-08-08	22	NULO	22	9
2000-08-09	18.4	NULO	21	8
2000-08-10	6.5	NULO	20	7
2000-08-11	4.2	NULO	20	6
2000-08-12	2.8	NULO	21	5
2000-08-13	12.6	NULO	21	7
2000-08-14	0	NULO	21	8
2000-08-15	0	NULO	22	8
2000-08-16	0	NULO	21	5
2000-08-17	0	NULO	21.5	4.5
2000-08-18	2	NULO	21	4
2000-08-19	0	NULO	20	4
2000-08-20	0	NULO	22	6
2000-08-21	0.9	NULO	20	7
2000-08-22	8.8	NULO	23	7
2000-08-23	0.2	NULO	22	7
2000-08-24	0.3	NULO	21.5	6
2000-08-25	0	NULO	22.5	6
2000-08-26	0	NULO	22	7
2000-08-27	0	NULO	22.5	6
2000-08-28	0	NULO	22.5	9
2000-08-29	0	NULO	21.5	9
2000-08-30	0	NULO	24	9.5
2000-08-31	0	NULO	24.5	9.5
2000-09-01	0	NULO	24.5	8.5
2000-09-02	0	NULO	21	8
2000-09-03	2.2	NULO	24.5	7
2000-09-04	0	NULO	22	7
2000-09-05	0	NULO	22	7
2000-09-06	0	NULO	23	5
2000-09-07	0	NULO	24.5	5.5
2000-09-08	0	NULO	24.5	5
2000-09-09	0	NULO	24	8
2000-09-10	0	NULO	27.5	9
2000-09-11	0	NULO	25.5	7.5
2000-09-12	0	NULO	25	7.5
2000-09-13	2	NULO	24.5	8
2000-09-14	0.1	NULO	24.5	9.5
2000-09-15	2.2	NULO	23	10
2000-09-16	12	NULO	22	10
2000-09-17	3.5	NULO	18	9
2000-09-18	0.9	NULO	16.5	8
2000-09-19	0	NULO	22.5	9
2000-09-20	5.5	NULO	24	8
2000-09-21	14.3	NULO	23	8
2000-09-22	0	NULO	23.5	8
2000-09-23	0	NULO	24	8.5
2000-09-24	0	NULO	25	9
2000-09-25	5	NULO	22	12
2000-09-26	0	NULO	17.5	9
2000-09-27	0	NULO	19.5	5.5
2000-09-28	0	NULO	18	6
2000-09-29	0	NULO	17.5	5
2000-09-30	0	NULO	20	3
2000-10-01	0	NULO	23.5	6
2000-10-02	0	NULO	23.5	7
2000-10-03	0	NULO	23	6
2000-10-04	0	NULO	18	5.5
2000-10-05	0	NULO	18	6
2000-10-06	0	NULO	16	8
2000-10-07	5.4	NULO	17	8
2000-10-08	8.5	NULO	21.5	6
2000-10-09	0.1	NULO	20.5	3.5
2000-10-10	0	NULO	18	4.5
2000-10-11	0	NULO	20	5
2000-10-12	0	NULO	21	5
2000-10-13	0	NULO	20	7
2000-10-14	0	NULO	21.5	5
2000-10-15	0	NULO	23.5	6
2000-10-16	0	NULO	22	7
2000-10-17	0	NULO	20	7.5
2000-10-18	0	NULO	25	8
2000-10-19	0	NULO	27	8
2000-10-20	0	NULO	24	4
2000-10-21	0.2	NULO	20.5	8
2000-10-22	0.3	NULO	25	6
2000-10-23	0.1	NULO	23	11
2000-10-24	0	NULO	21	10
2000-10-25	0	NULO	23	11
2000-10-26	0	NULO	26	12
2000-10-27	0	NULO	24.5	9
2000-10-28	0	NULO	28	8.5
2000-10-29	0	NULO	28	9
2000-10-30	0	NULO	29	8
2000-10-31	0.1	NULO	29	7
2000-11-01	1.4	NULO	28	7
2000-11-02	0	NULO	25	12
2000-11-03	0	NULO	25	11
2000-11-04	0	NULO	26	12
2000-11-05	0	NULO	25	10
2000-11-06	0	NULO	26	10
2000-11-07	0	NULO	29	10
2000-11-08	0	NULO	28.5	13
2000-11-09	0	NULO	28	8
2000-11-10	0	NULO	29	10
2000-11-11	0	NULO	31	12
2000-11-12	0	NULO	32	12
2000-11-13	0	NULO	28	13
2000-11-14	0	NULO	24	9.5
2000-11-15	0	NULO	27	9
2000-11-16	0	NULO	30	9
2000-11-17	0	NULO	29	11
2000-11-18	0	NULO	33	9
2000-11-19	0	NULO	24	10
2000-11-20	0.1	NULO	21	8
2000-11-21	0	NULO	21	8.5
2000-11-22	0	NULO	24	8
2000-11-23	0	NULO	30	9
2000-11-24	0.5	NULO	28.5	11.5
2000-11-25	0	NULO	27	9
2000-11-26	0	NULO	28	9
2000-11-27	3	NULO	26	9
2000-11-28	0	NULO	26	8
2000-11-29	0	NULO	24	6
2000-11-30	0	NULO	22	8
2000-12-01	0	NULO	25.5	5.5
2000-12-02	0.1	NULO	21	7
2000-12-03	0	NULO	19.5	7.5
2000-12-04	0.8	NULO	21.5	6.5
2000-12-05	2.3	NULO	17.5	7
2000-12-06	0	NULO	26	5
2000-12-07	0	NULO	26	6
2000-12-08	0	NULO	27	6
2000-12-09	0	NULO	27	6
2000-12-10	0	NULO	29	6
2000-12-11	0	NULO	28.5	6
2000-12-12	0	NULO	23	6.5
2000-12-13	0	NULO	28	9
2000-12-14	0	NULO	27	7
2000-12-15	0	NULO	30	7
2000-12-16	0.5	NULO	26.5	5.5
2000-12-17	0	NULO	16.5	5
2000-12-18	0	NULO	22.5	5
2000-12-19	0	NULO	20	6
2000-12-20	0	NULO	26	5
2000-12-21	0	NULO	24	6
2000-12-22	0	NULO	24	5
2000-12-23	0	NULO	26	4
2000-12-24	0	NULO	22	4
2000-12-25	0	NULO	24	5
2000-12-26	0	NULO	22	6
2000-12-27	0	NULO	25	7
2000-12-28	0.1	NULO	21	8
2000-12-29	0	NULO	20	8
2000-12-30	0	NULO	20	3
2000-12-31	0	NULO	25	3
2001-01-01	0	NULO	21	6
2001-01-02	0	NULO	21	7
2001-01-03	0	NULO	17	6.5
2001-01-04	0	NULO	21	4
2001-01-05	0	NULO	24	5
2001-01-06	0	NULO	26	5
2001-01-07	0	NULO	30	6
2001-01-08	0	NULO	20	8
2001-01-09	3.5	NULO	14.5	5.5
2001-01-10	0	NULO	23.5	6.5
2001-01-11	0	NULO	21.5	8
2001-01-12	0	NULO	26	6
2001-01-13	0	NULO	30	6.5
2001-01-14	0	NULO	23	9
2001-01-15	0	NULO	29	7.5
2001-01-16	0	NULO	32	8
2001-01-17	0	NULO	33	9
2001-01-18	0	NULO	29	8
2001-01-19	0	NULO	19	8.5
2001-01-20	0	NULO	26	1
2001-01-21	0	NULO	22	1.5
2001-01-22	0	NULO	23	1
2001-01-23	0	NULO	25	2
2001-01-24	0	NULO	24	1
2001-01-25	0	NULO	22	5
2001-01-26	0	NULO	21.5	6
2001-01-27	0	NULO	31	7
2001-01-28	0	NULO	30	8.5
2001-01-29	0	NULO	31	9.5
2001-01-30	0	NULO	31	11
2001-01-31	0	NULO	26	11
2001-02-01	0	NULO	30	7
2001-02-02	0	NULO	14	8
2001-02-03	0.5	NULO	22	4.5
2001-02-04	0.4	NULO	22	7
2001-02-05	0	NULO	10	6
2001-02-06	0	NULO	25	6
2001-02-07	0	NULO	24	7.5
2001-02-08	0	NULO	29	8
2001-02-09	2.5	NULO	25	10
2001-02-10	0	NULO	20	9
2001-02-11	0	NULO	20.5	8
2001-02-12	0	NULO	22.5	6
2001-02-13	0	NULO	29	7
2001-02-14	0	NULO	29.5	9
2001-02-15	0	NULO	33	10
2001-02-16	0	NULO	23	11.5
2001-02-17	0	NULO	23	7
2001-02-18	0	NULO	21	6
2001-02-19	0	NULO	23	5
2001-02-20	0	NULO	24.5	7.5
2001-02-21	0	NULO	23.5	6
2001-02-22	0	NULO	27	5
2001-02-23	2.8	NULO	30	6.5
2001-02-24	0	NULO	21	9
2001-02-25	0	NULO	20	5.5
2001-02-26	8	NULO	26	6
2001-02-27	4	NULO	24.5	9
2001-02-28	10	NULO	28	10
2001-03-01	0	NULO	26.5	9.5
2001-03-02	1.8	NULO	21	10.5
2001-03-03	0	NULO	22.5	8
2001-03-04	0	NULO	26	7
2001-03-05	0	NULO	17	8
2001-03-06	0	NULO	28	5.5
2001-03-07	0	NULO	26	7
2001-03-08	0	NULO	30.5	9
2001-03-09	0	NULO	27	7.5
2001-03-10	0	NULO	33	8
2001-03-11	0	NULO	33	11
2001-03-12	0	NULO	34	11.5
2001-03-13	0	NULO	30.5	11
2001-03-14	0	NULO	34	13
2001-03-15	0	NULO	31	11
2001-03-16	0	NULO	23.5	12
2001-03-17	0	NULO	30	7.5
2001-03-18	0	NULO	31	7
2001-03-19	0	NULO	20.5	8
2001-03-20	0	NULO	24	8
2001-03-21	0	NULO	27	6
2001-03-22	0	NULO	28	8
2001-03-23	0	NULO	31	9
2001-03-24	0	NULO	32	9.5
2001-03-25	0	NULO	21.5	10.5
2001-03-26	0	NULO	29	8
2001-03-27	0	NULO	30.5	8
2001-03-28	0	NULO	30	11
2001-03-29	0	NULO	30.5	11
2001-03-30	0	NULO	32	10
2001-03-31	0	NULO	32	10
2001-04-01	0	NULO	30	9
2001-04-02	0	NULO	35	12
2001-04-03	0	NULO	33.5	13
2001-04-04	0	NULO	34.5	14
2001-04-05	0	NULO	34.5	11
2001-04-06	0	NULO	33	11
2001-04-07	0	NULO	33	10.5
2001-04-08	0	NULO	33	10
2001-04-09	0	NULO	34	9
2001-04-10	0	NULO	38	11
2001-04-11	0	NULO	37.5	14
2001-04-12	0	NULO	34	13
2001-04-13	0	NULO	30.5	12
2001-04-14	0	NULO	32	12
2001-04-15	0	NULO	33.5	13
2001-04-16	0	NULO	30	10
2001-04-17	0	NULO	28	10
2001-04-18	0	NULO	20.5	11.5
2001-04-19	0	NULO	28	8.5
2001-04-20	0	NULO	29	10
2001-04-21	0	NULO	31	11
2001-04-22	0	NULO	33	11
2001-04-23	0	NULO	32	12.5
2001-04-24	4.2	NULO	22.5	14
2001-04-25	3.5	NULO	20	8.5
2001-04-26	0	NULO	22	10.5
2001-04-27	7	NULO	23	10
2001-04-28	0	NULO	22	9
2001-04-29	0	NULO	25	10
2001-04-30	0	NULO	27	10
2001-05-01	0	NULO	30	9.5
2001-05-02	5	NULO	31	12
2001-05-03	0	NULO	30	13.5
2001-05-04	0	NULO	31	11
2001-05-05	0	NULO	29	13
2001-05-06	8.5	NULO	33	14
2001-05-07	11.5	NULO	25	12
2001-05-08	0	NULO	22	10
2001-05-09	0	NULO	24	9
2001-05-10	0	NULO	24.5	8
2001-05-11	4.5	NULO	21.5	8
2001-05-12	0	NULO	23	9
2001-05-13	0	NULO	26	12
2001-05-14	0	NULO	25	9
2001-05-15	0	NULO	27	10
2001-05-16	0	NULO	30.5	11
2001-05-17	0	NULO	32	12
2001-05-18	0	NULO	32	14
2001-05-19	0	NULO	32	14
2001-05-20	0	NULO	35	13
2001-05-21	22	NULO	34	17
2001-05-22	11.4	NULO	34	12
2001-05-23	0	NULO	24	13
2001-05-24	0	NULO	26	13
2001-05-25	0	NULO	28	12
2001-05-26	0	NULO	29	10
2001-05-27	0	NULO	29	9
2001-05-28	0	NULO	31	8
2001-05-29	0	NULO	31	10
2001-05-30	0	NULO	31.5	10.5
2001-05-31	0	NULO	29	14
2001-06-01	0	NULO	28	13
2001-06-02	0	NULO	31	12
2001-06-03	0	NULO	31	11.5
2001-06-04	0	NULO	31	12
2001-06-05	0	NULO	32	12.5
2001-06-06	11	NULO	29	14
2001-06-07	0	NULO	26	14
2001-06-08	0	NULO	28.5	12
2001-06-09	17	NULO	29	12.5
2001-06-10	0	NULO	28	14
2001-06-11	0	NULO	28	14.5
2001-06-12	8.5	NULO	29	13.5
2001-06-13	0	NULO	29.5	14.5
2001-06-14	0	NULO	28.5	13
2001-06-15	2.8	NULO	28	13.5
2001-06-16	0	NULO	25	12
2001-06-17	0	NULO	26	11
2001-06-18	0	NULO	27	12
2001-06-19	0	NULO	26	10
2001-06-20	0	NULO	26.5	9.5
2001-06-21	6.4	NULO	25	11.5
2001-06-22	0	NULO	24	12
2001-06-23	0	NULO	27	12
2001-06-24	0	NULO	27	11.5
2001-06-25	0	NULO	28	13
2001-06-26	0	NULO	27	10
2001-06-27	0	NULO	26.5	11
2001-06-28	0	NULO	25	11.5
2001-06-29	0	NULO	27	14.5
2001-06-30	0	NULO	28	14
2001-07-01	47	NULO	28	14
2001-07-02	0	NULO	21	12
2001-07-03	0.1	NULO	27.5	12
2001-07-04	0	NULO	23	12
2001-07-05	0	NULO	26.5	12
2001-07-06	0	NULO	25.5	10.5
2001-07-07	0	NULO	26	11.5
2001-07-08	0	NULO	31.5	12
2001-07-09	0	NULO	26	12.5
2001-07-10	0	NULO	31.5	12.5
2001-07-11	0	NULO	27	12
2001-07-12	0	NULO	28	12
2001-07-13	0	NULO	29	11
2001-07-14	0	NULO	29.5	12.5
2001-07-15	0	NULO	28	12
2001-07-16	0	NULO	29	13
2001-07-17	0	NULO	29	14
2001-07-18	0	NULO	29	11
2001-07-19	3.5	NULO	28	13
2001-07-20	0	NULO	28	12
2001-07-21	0	NULO	28	11
2001-07-22	32	NULO	31	12
2001-07-23	19.4	NULO	29	12.5
2001-07-24	40	NULO	29	11.5
2001-07-25	32	NULO	28	12
2001-07-26	65	NULO	23	13
2001-07-27	6.8	NULO	23	12
2001-07-28	0	NULO	24	10
2001-07-29	0	NULO	26	10
2001-07-30	0	NULO	24	11
2001-07-31	0	NULO	25	10
2001-08-01	0	NULO	25	11
2001-08-02	0	NULO	27	11
2001-08-03	0	NULO	26	10
2001-08-04	0	NULO	25	10.5
2001-08-05	0	NULO	27	11
2001-08-06	0	NULO	26	11.5
2001-08-07	0	NULO	25	12
2001-08-08	0	NULO	25.5	12
2001-08-09	0	NULO	25	11.5
2001-08-10	0	NULO	24	10
2001-08-11	1.5	NULO	25.5	13
2001-08-12	0	NULO	25.5	11
2001-08-13	0	NULO	26	11
2001-08-14	0	NULO	26.5	10
2001-08-15	0	NULO	28	10
2001-08-16	0	NULO	26	12
2001-08-17	0	NULO	27	10
2001-08-18	0	NULO	30	12
2001-08-19	0	NULO	30	11
2001-08-20	0	NULO	28	11
2001-08-21	0	NULO	27.5	12
2001-08-22	0	NULO	27	11
2001-08-23	7.8	NULO	22	11
2001-08-24	5.5	NULO	20	9
2001-08-25	5	NULO	24	12
2001-08-26	7.3	NULO	23	13
2001-08-27	8.5	NULO	21.5	12
2001-08-28	18.2	NULO	25.5	13.5
2001-08-29	49	NULO	28.5	13
2001-08-30	12.6	NULO	28.5	14
2001-08-31	12.4	NULO	26.5	12.5
2001-09-01	12.4	NULO	26.5	12.5
2001-09-02	0	NULO	25	12
2001-09-03	0	NULO	27	13
2001-09-04	0	NULO	27	13
2001-09-05	0	NULO	26	13
2001-09-06	0	NULO	27	13
2001-09-07	0	NULO	27	13.5
2001-09-08	0	NULO	29	13
2001-09-09	10.4	NULO	26.5	12
2001-09-10	7	NULO	22	13.5
2001-09-11	0	NULO	23.5	13
2001-09-12	6	NULO	25.5	12.5
2001-09-13	11.6	NULO	24.5	14.5
2001-09-14	8.9	NULO	17	11.5
2001-09-15	0	NULO	23	8
2001-09-16	0	NULO	24.5	9
2001-09-17	0	NULO	25	11
2001-09-18	0	NULO	26	11
2001-09-19	16.5	NULO	26	12.5
2001-09-20	0	NULO	26	13.5
2001-09-21	0	NULO	25	11.5
2001-09-22	5.2	NULO	21	13
2001-09-23	8.1	NULO	20.5	13
2001-09-24	40	NULO	18	13
2001-09-25	3	NULO	14	11.5
2001-09-26	5.3	NULO	19	11
2001-09-27	1.4	NULO	19.5	12
2001-09-28	0	NULO	25	9
2001-09-29	0	NULO	18	11
2001-09-30	0	NULO	18.5	6
2001-10-01	0	NULO	20	6.5
2001-10-02	0	NULO	20.5	9
2001-10-03	5.8	NULO	23	11
2001-10-04	0	NULO	24.5	11.5
2001-10-05	10	NULO	26	12
2001-10-06	0	NULO	24	12
2001-10-07	3	NULO	24	13
2001-10-08	0	NULO	23.5	10
2001-10-09	0	NULO	26	10
2001-10-10	0	NULO	20	11
2001-10-11	15.3	NULO	26.5	12
2001-10-12	0.1	NULO	26.5	12
2001-10-13	0	NULO	23	12
2001-10-14	0	NULO	25	13
2001-10-15	0	NULO	24.5	11.5
2001-10-16	7	NULO	13	10
2001-10-17	0.5	NULO	12.5	8
2001-10-18	0	NULO	25	7
2001-10-19	0	NULO	26	9
2001-10-20	0	NULO	25	10
2001-10-21	0	NULO	26	5
2001-10-22	0	NULO	27	8
2001-10-23	0.1	NULO	33	9
2001-10-24	0	NULO	24.5	8
2001-10-25	2	NULO	25	9
2001-10-26	21	NULO	17	12
2001-10-27	7	NULO	14	10.5
2001-10-28	0	NULO	11	7
2001-10-29	0	NULO	17	6
2001-10-30	0	NULO	19	5
2001-10-31	0	NULO	19	7
2001-11-01	0	NULO	26	7
2001-11-02	0	NULO	26	6
2001-11-03	1.1	NULO	16	8
2001-11-04	8.5	NULO	13	8
2001-11-05	0.5	NULO	11	8
2001-11-06	0	NULO	21	7.5
2001-11-07	0	NULO	22	8
2001-11-08	0	NULO	22	5.5
2001-11-09	0.1	NULO	12	5.5
2001-11-10	0	NULO	20.5	6
2001-11-11	0	NULO	21	8
2001-11-12	0	NULO	19.5	8.5
2001-11-13	0	NULO	22.5	8
2001-11-14	0	NULO	24	7.5
2001-11-15	0	NULO	22.5	9
2001-11-16	0	NULO	21	11
2001-11-17	0	NULO	23	8
2001-11-18	0	NULO	22	5.5
2001-11-19	0	NULO	26	4.5
2001-11-20	0	NULO	20	8
2001-11-21	0.1	NULO	23	7
2001-11-22	0	NULO	25	8
2001-11-23	0	NULO	26	8.5
2001-11-24	0	NULO	28	7
2001-11-25	0	NULO	27	6
2001-11-26	0	NULO	29	8
2001-11-27	0	NULO	28	9
2001-11-28	0	NULO	27	10.5
2001-11-29	0	NULO	31.5	10.5
2001-11-30	0	NULO	30	8
2001-12-01	0	NULO	27	8
2001-12-02	0	NULO	23	10
2001-12-03	0	NULO	23	7
2001-12-04	0	NULO	25	6
2001-12-05	0	NULO	24.5	7
2001-12-06	0	NULO	23	9
2001-12-07	0.1	NULO	27	7
2001-12-08	0	NULO	24	7
2001-12-09	0	NULO	26	7.5
2001-12-10	0	NULO	22.5	6
2001-12-11	0	NULO	27.5	8
2001-12-12	0	NULO	29	9
2001-12-13	0	NULO	26	9
2001-12-14	0	NULO	24	10
2001-12-15	0	NULO	26	9
2001-12-16	0	NULO	28	9
2001-12-17	0	NULO	23	9
2001-12-18	0	NULO	29	7
2001-12-19	0	NULO	16	8.5
2001-12-20	0	NULO	17	7
2001-12-21	0	NULO	26	4
2001-12-22	0	NULO	26	9
2001-12-23	0	NULO	23.5	9.5
2001-12-24	0	NULO	21	9.5
2001-12-25	0	NULO	23	9
2001-12-26	0	NULO	15	5
2001-12-27	0	NULO	18	5
2001-12-28	0	NULO	26	6
2001-12-29	0	NULO	23	7
2001-12-30	0	NULO	25.5	4
2001-12-31	0	NULO	27	6
