COMISIÓN NACIONAL DEL AGUA
COORDINACIÓN GENERAL DEL SERVICIO METEOROLÓGICO NACIONAL
BASE DE DATOS CLIMATOLÓGICA NACIONAL 

REGISTRO DIARIO HISTÓRICO
EMISIÓN   : 11/09/2026 

DATOS DISPONIBLES EN LA BASE DE DATOS A: SEPTEMBER DE 2026; 
CON LA INFORMACIÓN SUMINISTRADA POR LAS UNIDADES ADMINISTRATIVAS 

 ESTACIÓN   : 13113 
 NOMBRE     : IXMIQUILPAN (CFE) 
 ESTADO     : HIDALGO 
 MUNICIPIO  : IXMIQUILPAN 
 SITUACIÓN  : SUSPENDIDA 
 U. ADMNVA. : ORGANISMO DE CUENCA GOLFO NORTE 
 CVE-OMM    :   
 LATITUD    : 20.4775 ° 
 LONGITUD   : -99.22611111 ° 
 ALTITUD    : 1700 msnm 




FECHA		PRECIP	EVAP	TMAX	TMIN
		(mm)	(mm)	(°C )	(°C)
2001-01-01	0	0.98	27	8
2001-01-02	0	1.09	27	7.5
2001-01-03	0	1	19	4.5
2001-01-04	0	0.89	22	5
2001-01-05	0	0.54	15.5	9
2001-01-06	0	0.89	26	9
2001-01-07	0	1.09	27	4.5
2001-01-08	0	1.05	26	5
2001-01-09	0	1.02	25	6
2001-01-10	0	0.52	23	6
2001-01-11	0	3.88	25	6
2001-01-12	0	2.51	24	5.5
2001-01-13	0	1.94	21	5.5
2001-01-14	0	2.59	27	6
2001-01-15	0	1.28	26	6
2001-01-16	0	2.57	26.5	5
2001-01-17	0	1.48	25.5	4.5
2001-01-18	0	3.88	28.5	5
2001-01-19	0	3.74	21	5.5
2001-01-20	0	1.38	20	4
2001-01-21	0	3.53	24	1
2001-01-22	0	2.9	20	0.5
2001-01-23	0	1.73	24	-1
2001-01-24	0	2.68	24	-0.5
2001-01-25	0	2.04	21	3
2001-01-26	0	5.5	23.5	3.5
2001-01-27	0	2.35	26.5	4
2001-01-28	0	2.01	27	5.5
2001-01-29	0	3.35	28	6
2001-01-30	0	4.03	29	8
2001-01-31	0	3.73	29	8
2001-02-01	0	3	27	8.5
2001-02-02	0	2.21	17	7.5
2001-02-03	0	1.47	19	4.5
2001-02-04	0	2.32	22	5
2001-02-05	0	1.52	15.5	10
2001-02-06	0	3.1	26	9
2001-02-07	0	3.05	26.5	4.5
2001-02-08	0	2.74	27	5
2001-02-09	0.1	2.31	25	6
2001-02-10	0	2.33	20.5	7.5
2001-02-11	0	3.48	25	11
2001-02-12	0	3.3	26.5	6
2001-02-13	0	2.26	28.5	6
2001-02-14	0	3.77	29	6
2001-02-15	0	3.28	29.5	6.5
2001-02-16	0	4.5	30	7
2001-02-17	0	3.42	20	8.5
2001-02-18	0	2.89	23.5	9.5
2001-02-19	0	4.23	28	6.5
2001-02-20	0	2.36	29.5	5.5
2001-02-21	0	6.24	29	5.5
2001-02-22	0	4	26	5.5
2001-02-23	0	4.34	28.5	6
2001-02-24	0	1.25	27	6
2001-02-25	0	4.71	27	9
2001-02-26	5.4	2.68	25.5	9.5
2001-02-27	1.1	3.14	26	9
2001-02-28	0	1	28	7.5
2001-03-01	2	2.56	26	8
2001-03-02	0	2.87	23	9
2001-03-03	0	5.33	25.5	10
2001-03-04	0	3.72	26	4
2001-03-05	0	2.48	17.5	4.5
2001-03-06	0	6.12	26	11
2001-03-07	0	3.07	28	7
2001-03-08	0	5.73	29	6.5
2001-03-09	0	4.89	29.5	6
2001-03-10	0	4	30.5	7
2001-03-11	0	5.07	30	8
2001-03-12	0	4.37	32.5	6.5
2001-03-13	0	4.92	32	7.5
2001-03-14	0	6.39	33	10
2001-03-15	0	5.87	31.5	9.5
2001-03-16	0	4.22	26	10.5
2001-03-17	0	3.36	30	6.5
2001-03-18	0	5.04	28.5	7.5
2001-03-19	0	4	23	8
2001-03-20	0	2.23	23.5	9
2001-03-21	0	0.93	29	3
2001-03-22	0	4.87	29.5	3.5
2001-03-23	0	6.32	30	5
2001-03-24	0	3.36	31	6
2001-03-25	0	5.32	24.5	7
2001-03-26	0	4.57	29	9
2001-03-27	0	4.51	29	8.5
2001-03-28	0	5.95	28.5	7.5
2001-03-29	0	6.49	29.5	9.5
2001-03-30	0	5.94	31	5
2001-03-31	0	5.82	31.5	5.5
2001-04-01	0	3.25	31.5	7
2001-04-02	0	5.76	33	8
2001-04-03	0	5.37	33	9.5
2001-04-04	0	6.11	34.5	10
2001-04-05	0	6.12	29.5	8.5
2001-04-06	0	4.9	33	10.5
2001-04-07	0	5.07	32.5	8.5
2001-04-08	0	6.07	33.5	9
2001-04-09	0	5.32	34	8.5
2001-04-10	0	4.28	35	9.5
2001-04-11	0	6.51	34.5	10.6
2001-04-12	0	4.37	35	11.5
2001-04-13	0	6.92	33	13
2001-04-14	0	3.93	33	12.5
2001-04-15	0	4.75	34	10.5
2001-04-16	0	7.83	31	11.5
2001-04-17	0	4.31	30.5	11
2001-04-18	0	3.27	29	12.5
2001-04-19	0	5.93	31	11
2001-04-20	0	4.58	32	11
2001-04-21	0	5.54	33	12
2001-04-22	0.1	5.08	32.5	13
2001-04-23	0	5.85	33.5	12.5
2001-04-24	0.5	5.6	26	14
2001-04-25	5	2.58	22.5	13.5
2001-04-26	0.2	2.66	24	13.5
2001-04-27	1.4	5.14	26.5	12
2001-04-28	0	6.1	26.5	12.5
2001-04-29	0	2.3	28	10
2001-04-30	0	4.75	29.5	10.5
2001-05-01	0.01	4.48	30.5	12
2001-05-02	0.1	4.46	32	14
2001-05-03	0	3.87	31	13
2001-05-04	0	5.51	30.5	12
2001-05-05	0	1.76	27.5	12
2001-05-06	54.9	6.18	34	12.5
2001-05-07	6.5	2.89	27	12.5
2001-05-08	0	3.97	24	12.5
2001-05-09	0	6.89	24.5	12
2001-05-10	0	3.45	27	8.5
2001-05-11	14	6.85	28	9
2001-05-12	0	2.36	23	10.5
2001-05-13	0	4.15	24.5	12
2001-05-14	0	6.03	25	12.5
2001-05-15	0	3.5	27.5	10.5
2001-05-16	0	5	31.5	11
2001-05-17	0	5.37	32	9.5
2001-05-18	0	7.03	33	10
2001-05-19	0	5.26	34	11.5
2001-05-20	0	5.68	36	12
2001-05-21	6.5	4.42	35	13
2001-05-22	0	3.71	23	13
2001-05-23	0	6.4	28.5	13.5
2001-05-24	0	4.33	30	15.5
2001-05-25	0	4.62	29.5	13
2001-05-26	0	5.77	30	11.5
2001-05-27	0	6.16	29.5	10
2001-05-28	0	8.14	31	8.5
2001-05-29	0	5.22	33.5	8.5
2001-05-30	0	5.98	33	10
2001-05-31	0	5.98	32	12.5
2001-06-01	0	4.29	30	9
2001-06-02	0	5.5	31.5	9.5
2001-06-03	0	6.21	31.5	13.5
2001-06-04	0	3.72	33	13.5
2001-06-05	0.01	7.82	33	13
2001-06-06	0	6.08	32.5	13.5
2001-06-07	0	5.92	32	17
2001-06-08	0	8.11	32.5	15
2001-06-09	0	3.92	32	14.5
2001-06-10	0	6.85	32	15
2001-06-11	32.6	5.37	31	15.5
2001-06-12	0	3.8	30	15.5
2001-06-13	0.1	4.79	30.5	15.5
2001-06-14	0	5.14	30	15
2001-06-15	0.01	3.69	27.5	15
2001-06-16	0	5.52	26.5	16
2001-06-17	0	5.5	25.5	14
2001-06-18	0	4.21	24.5	12.5
2001-06-19	0	5.83	27.5	11
2001-06-20	0.01	7.16	28.5	12
2001-06-21	6.2	3.26	30	14
2001-06-22	0	3.98	30	14.5
2001-06-23	0	4.89	29.5	14.5
2001-06-24	0	5.9	28	13
2001-06-25	0	5.09	28	13
2001-06-26	0	5.28	28.5	12.5
2001-06-27	0	5.61	26.5	12.5
2001-06-28	0	6.15	27.5	13
2001-06-29	0	3.85	30	15.5
2001-06-30	0.01	4.84	29	13.5
2001-07-01	7.5	3.04	28	14
2001-07-02	0	5.42	26.5	14
2001-07-03	0	2.7	26	14.5
2001-07-04	0.3	4.43	25	16
2001-07-05	0	5.88	26.5	15.5
2001-07-06	0	6.03	29	14
2001-07-07	0	7.12	28.5	12.5
2001-07-08	0	5.38	30.5	12.5
2001-07-09	0	5.4	31	13.5
2001-07-10	0	6.84	30.5	14
2001-07-11	0	6.26	31	13.5
2001-07-12	0	6.55	30.5	14
2001-07-13	0	4.84	30.5	14
2001-07-14	0	7.07	31	14
2001-07-15	0	3.84	32	14
2001-07-16	0	6.34	31.5	14.5
2001-07-17	0	6.2	31.5	14.5
2001-07-18	0	5.72	29.5	12.5
2001-07-19	2.8	2.56	30	13
2001-07-20	0	8.04	29	13.5
2001-07-21	0	3.04	31	14
2001-07-22	0.01	6.08	33.5	13.5
2001-07-23	41	12.42	32.5	13.5
2001-07-24	4	4.5	29	13
2001-07-25	2.3	3.01	26	13.5
2001-07-26	1.5	2.53	29.5	15.5
2001-07-27	0	4.65	29	14.5
2001-07-28	0	5.85	28.5	14
2001-07-29	0	4.59	29.5	13
2001-07-30	0	5.49	27.5	13
2001-07-31	0.3	5.44	29.5	13
2001-08-01	0	5.93	28	14.5
2001-08-02	0	5.65	28	12
2001-08-03	0	3.63	27.5	12
2001-08-04	0	6.31	28.5	12.5
2001-08-05	0	4.6	30	12.5
2001-08-06	0	3.76	27.5	12.5
2001-08-07	0	6.42	28	14
2001-08-08	0	6.95	28.5	14
2001-08-09	0	3.44	27.5	13
2001-08-10	0	5.71	28	12
2001-08-11	0	4.91	27.5	12.5
2001-08-12	0	4.66	28.5	15.5
2001-08-13	0	4.93	28.5	13.5
2001-08-14	0	5.76	29	13.5
2001-08-15	0	5	29.5	12.5
2001-08-16	0.5	3.83	29.5	12.5
2001-08-17	0	5.27	29	12.5
2001-08-18	0	5.48	31.5	12.5
2001-08-19	0	5.48	32.5	12
2001-08-20	0	4.37	29.5	12
2001-08-21	0	6.79	30.5	13
2001-08-22	0	4.36	28.5	12.6
2001-08-23	0.7	3.58	25	12.5
2001-08-24	0.5	2.82	24.5	12.6
2001-08-25	4	6.56	27.5	15
2001-08-26	0.01	1.74	26	15.5
2001-08-27	4	1.97	25.5	15.5
2001-08-28	29.5	7.32	29	16
2001-08-29	7.3	4.5	28.5	15.5
2001-08-30	0.3	2.03	25.5	16
2001-08-31	8	4.18	29	16.5
2001-09-01	0.01	2.98	28	14.5
2001-09-02	0	4.45	29.5	15
2001-09-03	0	2.57	28.5	16.5
2001-09-04	0	5.85	29	14
2001-09-05	0	3.61	28.5	14
2001-09-06	0	4.97	30.5	14.5
2001-09-07	7.5	6.05	31.5	15
2001-09-08	0	4.31	29.5	13
2001-09-09	2.3	3.61	28.5	13
2001-09-10	0.01	3.14	23.5	15
2001-09-11	6.1	1.8	25.5	16.5
2001-09-12	0	5.47	28	15
2001-09-13	5.7	2.16	26	15
2001-09-14	9	2.35	21.5	14
2001-09-15	0	2.73	24.5	9
2001-09-16	0	4.32	27	9.5
2001-09-17	0	5.29	28.5	10.5
2001-09-18	0	3.9	28.5	13
2001-09-19	30.4	8.3	30	13
2001-09-20	0	4.28	28	13.5
2001-09-21	0	3.56	26.5	13
2001-09-22	2.1	2.23	25	13
2001-09-23	1.5	2.99	24.5	10.5
2001-09-24	3	0.5	20	11
2001-09-25	0	2.51	18.5	15
2001-09-26	0	2.65	23.5	13
2001-09-27	0	2.9	23.5	13
2001-09-28	0	3.45	25.5	10.5
2001-09-29	0	3.63	22.5	10
2001-09-30	0	3.8	21.5	7.5
2002-07-01	7.1	6.69	30.5	17
2002-07-02	0	2.84	30	15
2002-07-03	7.5	3.44	30.5	14.5
2002-07-04	0	4.8	30.5	13
2002-07-05	14.5	4.47	30	13
2002-07-06	0	3.15	27	16
2002-07-07	0	5.65	27	16
2002-07-08	0	6.68	27.5	14.5
2002-07-09	0	5.46	28	15
2002-07-10	0.01	4.39	28.5	15
2002-07-11	0	4.49	28	16.5
2002-07-12	0	7.17	29	17
2002-07-13	10.2	6.85	31	17
2002-07-14	0.01	2.76	27.5	17
2002-07-15	0.6	1.28	22	17.5
2002-07-16	0	1.86	27	16
2002-07-17	0	6.95	28	15.6
2002-07-18	0	5.12	27.5	14.5
2002-07-19	0	2.68	28.5	15
2002-07-20	0	3.89	28	15
2002-07-21	0	5.77	28	15
2002-07-22	0	6.09	24	15
2002-07-23	0	3.1	24	15
2002-07-24	0	6	26.5	9.5
2002-07-25	0	5.3	29.5	10
2002-07-26	0	4.67	32	13
2002-07-27	0	4.49	31.5	12.5
2002-07-28	0	5.64	31.5	14
2002-07-29	0	4.85	31	14.5
2002-07-30	0	6.29	30	16
2002-07-31	0	5.23	29	15.5
2002-08-01	0.2	5.08	31	13.5
2002-08-02	0.01	3.62	29	14
2002-08-03	0	4.29	29.5	13
2002-08-04	0	6.19	29	12.5
2002-08-05	0	6.11	30	12.5
2002-08-06	44	9.71	31	14
2002-08-07	0	5.91	28	13
2002-08-08	0	5.85	29	11.5
2002-08-09	0	4.44	28.5	11.5
2002-08-10	0	6	30	12
2002-08-11	0	5.54	29	13
2002-08-12	0	6.49	30	14
2002-08-13	6	4.01	31.5	14
2002-08-14	10.3	4.54	30	15.5
2002-08-15	0.01	3.05	30	16
2002-08-16	0	4.29	28	15
2002-08-17	0	6.2	30	14.5
2002-08-18	0	5.14	30	14
2002-08-19	0	5.34	29.5	14
2002-08-20	0	6.27	29	15
2002-08-21	0	4.36	29.5	15
2002-08-22	0	4.43	28	15
2002-08-23	0	2.7	25.5	15.5
2002-08-24	0	4.31	27	14
2002-08-25	0	5.83	28	13
2002-08-26	0	4.21	29.5	11
2002-08-27	0	4.25	30	11
2002-08-28	0	6.21	27.5	11
2002-08-29	0	4.37	25.5	12.5
2002-08-30	0.01	4.05	25.5	14.5
2002-08-31	0	3.72	25	15.5
2002-09-01	0	4.83	27.5	17
2002-09-02	0	2.69	27.5	12
2002-09-03	0.01	3.88	29	12.5
2002-09-04	5	4.36	30	14.5
2002-09-05	0	3.77	29.5	15.5
2002-09-06	33.5	5.97	30	15
2002-09-07	14	6.52	28	15.5
2002-09-08	1.2	3.8	28.5	16
2002-09-09	0	2.83	28	16
2002-09-10	0.4	3.88	30	15.5
2002-09-11	4	3.72	28.5	15
2002-09-12	20.5	4.4	26	16
2002-09-13	4.5	0.66	24	16.5
2002-09-14	6.8	4.54	28	16.5
2002-09-15	0.2	3.45	26	16
2002-09-16	0	2.75	25.5	16
2002-09-17	0	3.62	28	16
2002-09-18	0.01	3.53	30	15
2002-09-19	22	6.85	28	15.5
2002-09-20	17.5	2.19	22	16
2002-09-21	0.01	2.41	23.5	14
2002-09-22	0	2.2	25	12
2002-09-23	0.01	5.6	24	8.5
2002-09-24	0	2.73	19.5	9
2002-09-25	0	2.37	24	11.5
2002-09-26	0	2.04	23	12
2002-09-27	0.2	3.85	26.5	14.5
2002-09-28	0	3.15	26	13.5
2002-09-29	0	3.43	27	11
2002-09-30	0	2.8	27.5	12
2002-10-01	0	4.39	28	14
2002-10-02	0	3.12	28.5	12
2002-10-03	0	2.7	29	13
2002-10-04	0	2.94	30	13.5
2002-10-05	0.8	3.33	25	13
2002-10-06	0	4.21	26.5	15
2002-10-07	0	3.66	26.5	13.5
2002-10-08	0	4.16	29.5	13.5
2002-10-09	0	3.71	30	14.5
2002-10-10	1	3.99	27	13.5
2002-10-11	1.3	1.33	24	14
2002-10-12	0	3.08	27	14.5
2002-10-13	0.2	2.69	25	12
2002-10-14	0	5.46	26.5	13
2002-10-15	0.5	3.63	29.5	9
2002-10-16	0.01	2.26	29	9.5
2002-10-17	0	3.81	30	13.5
2002-10-18	2.1	3.39	29	12
2002-10-19	0	3.89	29	11.5
2002-10-20	0	3.26	28	12
2002-10-21	0	3.25	28.5	13
2002-10-22	0	3.47	28	14
2002-10-23	0	2.91	29	14.5
2002-10-24	7	3.15	28.5	13
2002-10-25	1.2	1.59	27	13.5
2002-10-26	35.5	1.92	28.5	12
2002-10-27	0	2.29	27	12.5
2002-10-28	0	3.25	25.5	12
2002-10-29	30.5	2.9	28	12
2002-10-30	0	2.55	25	13
2002-10-31	1	1	25.5	15
2002-11-01	0.2	1.9	24.5	15.5
2002-11-02	0	3.43	24.5	15.5
2002-11-03	1.5	1.27	24.5	14
2002-11-04	4.5	0.98	24	14.5
2002-11-05	21	4.02	25	14.5
2002-11-06	0	1.65	14.5	9.5
2002-11-07	0	2.45	22	7
2002-11-08	0.8	2.2	26	7
2002-11-09	0	2.44	27	10
2002-11-10	0	2.31	28.5	10
2002-11-11	0.01	1.95	28	9
2002-11-12	0	3.27	20	10
2002-11-13	0	0.93	15	8
2002-11-14	0	1.82	22.5	6
2002-11-15	0	0.63	22.5	7.5
2002-11-16	0	2.15	18	13
2002-11-17	0	3.3	20.5	2
2002-11-18	0	0.97	23.5	-0.5
2002-11-19	0.1	2.33	22	-1
2002-11-20	0.01	1.95	20	-0.5
2002-11-21	0	1.3	16.5	3
2002-11-22	0	1	19	-2
2002-11-23	0	2.85	20.5	-2
2002-11-24	0	2.36	22.5	-1
2002-11-25	0	1.87	24	0
2002-11-26	0	1.87	23	2
2002-11-27	0	1.9	21	4
2002-11-28	0	1.35	17	7
2002-11-29	0	1.89	24	12
2002-11-30	0	2.39	26.5	8
2002-12-01	0	2.81	22	8.5
2002-12-02	0	2.37	26	11
2002-12-03	0	2.18	27	5.5
2002-12-04	0	2.05	26.5	5.5
2002-12-05	0	1.18	24	7.5
2002-12-06	0	1.32	15.5	8
2002-12-07	0	1.25	21	7.5
2002-12-08	0	0.9	18	8.5
2002-12-09	0	2.37	24	4
2002-12-10	0	0.68	23	4.5
2002-12-11	0	2.6	24	5.5
2002-12-12	0	1.07	23	4.5
2002-12-13	0	0.98	20	5
2002-12-14	0	1.75	20	5.5
2002-12-15	0	2.2	23	6.5
2002-12-16	0	1.05	22.5	1
2002-12-17	0	2.75	24	1
2002-12-18	0	2.2	25	2
2002-12-19	0	1.35	26	2
2002-12-20	0.01	1.45	17	3
2002-12-21	0	1.4	23.5	2
2002-12-22	0	2.9	25	2
2002-12-23	0	2.1	26	3
2002-12-24	0	2.7	23	6
2002-12-25	0	1.55	19	8.5
2002-12-26	0	1.3	23	7
2002-12-27	0	2.25	22	6
2002-12-28	0	1.85	23	4
2002-12-29	0	1.38	23	5
2002-12-30	0	2.79	24.5	6
2002-12-31	0	2.43	25	7
2003-01-01	0	2.38	26	4.5
2003-01-02	0	3.57	14.5	5
2003-01-03	0	2.15	20	1.5
2003-01-04	0	1.25	22	2
2003-01-05	0	2.77	24.5	2
2003-01-06	0.1	2.45	24	3
2003-01-07	0	0.43	14	3.5
2003-01-08	0.01	2.13	21	9
2003-01-09	0	2.12	25	4.5
2003-01-10	0	1.98	23	5
2003-01-11	0	1.52	23	9
2003-01-12	1.7	1.4	15	9.5
2003-01-13	2.9	0.4	16.5	11
2003-01-14	0	1.72	18	8.5
2003-01-15	0	2.64	20	3
2003-01-16	0	2.26	21.5	2
2003-01-17	0	1.53	16.5	3
2003-01-18	0	2.13	23	2
2003-01-19	0	3.1	24	2
2003-01-20	0	1.77	25.5	1.5
2003-01-21	0	2.35	26.5	2
2003-01-22	0	1.43	27	2.5
2003-01-23	0	2.4	14.5	3
2003-01-24	0.01	2.03	20.5	11.5
2003-01-25	0	1.72	24	3.5
2003-01-26	0	2.62	25	4
2003-01-27	0	1.62	16	5
2003-01-28	0	2.03	23	8
2003-01-29	0	2.62	26.5	5
2003-01-30	0	3.43	20.5	3.5
2003-01-31	0	1.54	25.5	3.5
2003-02-01	0	4.22	23.5	6
2003-02-02	0	3.12	27.5	6.5
2003-02-03	0	3.7	27	6.5
2003-02-04	0	2.98	25	7
2003-02-05	0	2.2	27.5	7
2003-02-06	0	3	29.5	6.5
2003-02-07	0	2.2	21	7
2003-02-08	0	2.92	26.5	6.5
2003-02-09	0	3.15	30	5.5
2003-02-10	0.01	3.3	28	6
2003-02-11	0	3.27	29	7
2003-02-12	0	2.66	26.5	6.5
2003-02-13	0.01	2.77	27	6.5
2003-02-14	0	3.7	29	8
2003-02-15	0	4.25	28.5	9
2003-02-16	0	4.4	21	13
2003-02-17	0	3.18	26	10.5
2003-02-18	0	2.6	29	5
2003-02-19	0	3.67	29	6
2003-02-20	0	4.4	29	7
2003-02-21	0	5.36	29	8
2003-02-22	0	3.56	26.5	5.5
2003-02-23	0	3.81	26.5	5
2003-02-24	0	3.63	29	4.5
2003-02-25	0	4.88	30.5	4.5
2003-02-26	0	5.15	30.5	6
2003-02-27	0	3.79	29.5	7.5
2003-02-28	0	7.86	31	7.5
2003-03-01	0	4.98	31	8
2003-03-02	0	5.19	32	7
2003-03-03	0	4.14	32.5	8
2003-03-04	0	4.9	32.5	9
2003-03-05	0	6.21	34	9
2003-03-06	0	3.55	32.5	10
2003-03-07	0.01	4.7	32	9.5
2003-03-08	0	4.9	34	8.5
2003-03-09	0	2.9	28.5	8.5
2003-03-10	0	2.45	30	9.5
2003-03-11	0	3.99	30	10.5
2003-03-12	0	5.46	32	10
2003-03-13	0	4.35	32	9
2003-03-14	1	2.11	25.5	11
2003-03-15	0	5.74	29	11.5
2003-03-16	0	6.42	28.5	8
2003-03-17	0	6.68	28	8.5
2003-03-18	0	7.8	29	11
2003-03-19	0	5.81	30	7
2003-03-20	0	7.57	30	6
2003-03-21	0	3.72	29	8
2003-03-22	0	5.42	30	6
2003-03-23	0	4.93	25.5	7.5
2003-03-24	0	3.37	30	9
2003-03-25	0	6.61	31	8
2003-03-26	0	3.62	26.5	9
2003-03-27	0	5.35	29	8.5
2003-03-28	0	4.6	30	7.5
2003-03-29	0.01	6.45	28	7.5
2003-03-30	0	2.19	9.5	4
2003-03-31	0	3.57	18	4.5
2003-04-01	0	3.82	27	4
2003-04-02	0	2.67	25.5	5.5
2003-04-03	0	5.35	32	6
2003-04-04	0	6.55	33	8.5
2003-04-05	0	4.17	33.5	12
2003-04-06	0	6.23	34.5	12
2003-04-07	0	5.85	34.5	12
2003-04-08	0.01	4.85	29	13.5
2003-04-09	0	2.95	17	10.5
2003-04-10	0	5.05	29	8
2003-04-11	0	4.9	30	8.5
2003-04-12	0	5.3	32	11
2003-04-13	0	6.65	32.5	9
2003-04-14	0	5.85	33	9.5
2003-04-15	0	4.9	33.5	10.5
2003-04-16	0	6.85	35	10.5
2003-04-17	0	5.22	34	11.5
2003-04-18	0	6.18	35.5	12.5
2003-04-19	0.01	5.85	34.5	13.5
2003-04-20	4.1	6.35	35	14.5
2003-04-21	4.8	5.75	28	12
2003-04-22	0.01	2.63	32	12.5
2003-04-23	0.8	6.92	33	13
2003-04-24	0	7.01	33.5	13
2003-04-25	0	7.44	34	13
2003-04-26	0	6.1	34.5	12
2003-04-27	0	7.15	35	12.5
2003-04-28	0	5.15	35	12
2003-04-29	0	6.95	35	12
2003-04-30	0	7.08	35	13
2003-05-01	0	7.37	35	13.5
2003-05-02	0	6.74	36	13
2003-05-03	0	5.61	35.5	13.5
2003-05-04	0	6.63	37	14.5
2003-05-05	0	6.87	37	13.5
2003-05-06	0	6.65	37.5	14
2003-05-07	0	6.87	36.5	14.5
2003-05-08	0	7.43	37	14
2003-05-09	0	7.65	37.5	14
2003-05-10	0	6.05	37	15
2003-05-11	0	6.65	35	15
2003-05-12	0	5.8	35	16
2003-05-13	0	6.75	31.5	13.5
2003-05-14	0	5.45	33.5	12
2003-05-15	0	6.95	34	11.5
2003-05-16	0	6.71	35.5	12
2003-05-17	0	6.85	33	14
2003-05-18	0	7.45	34	11.5
2003-05-19	0	6.3	35	11.5
2003-05-20	0	7.37	31.5	12
2003-05-21	0	4.43	28.5	13.5
2003-05-22	0	5.98	28.5	12
2003-05-23	0	4.87	27.5	13.5
2003-05-24	0	6.15	30	14.5
2003-05-25	8.4	3.6	32	14
2003-05-26	8.2	5.95	30.5	14.5
2003-05-27	0	4.85	27	14.5
2003-05-28	0	5.2	26	14.5
2003-05-29	0	5.25	27	16
2003-05-30	0	6.05	31	13
2003-05-31	0	6.6	32.5	13
2003-06-01	0	7.05	33.5	13.5
2003-06-02	2	1.63	27.5	15
2003-06-03	11.8	4.17	30	16.5
2003-06-04	0	5.25	29.5	14.5
2003-06-05	0	4.5	30	14.5
2003-06-06	0	4.37	32	17
2003-06-07	0	6.11	30.5	17
2003-06-08	0	7.42	30.5	18
2003-06-09	29.2	5.9	30	18.5
2003-06-10	0.1	4.8	29	17
2003-06-11	8	5.31	32	16.5
2003-06-12	0	5.04	31.5	16.5
2003-06-13	0	5.85	32	16
2003-06-14	0	4.65	28	16.5
2003-06-15	0	5.93	30.5	15.5
2003-06-16	5.1	5.4	27	15
2003-06-17	0	3.15	25	13.5
2003-06-18	0	4.84	27.5	14
2003-06-19	0	4.72	29	16.5
2003-06-20	0	5.81	29.5	17
2003-06-21	0	6.48	30	16
2003-06-22	0	5.32	30.5	16.5
2003-06-23	0	6.78	32	17.5
2003-06-24	0	6.4	30.5	18
2003-06-25	0	5.54	28	14.5
2003-06-26	0	7.44	28.5	14.5
2003-06-27	0	3.41	28	14.5
2003-06-28	0	7.98	28	13.5
2003-06-29	0	5.33	30.5	13.5
2003-06-30	6	4.84	27	14.5
2003-07-01	0.6	4.11	30	16
2003-07-02	16	5.82	30.5	16
2003-07-03	16	3.76	27	15.5
2003-07-04	16.1	4.54	25.5	14.5
2003-07-05	7.4	1.15	25.5	15
2003-07-06	0	4.95	27.5	15.5
2003-07-07	0	5.63	27.5	16
2003-07-08	0	5.15	26	16.5
2003-07-09	0	5	27	13.5
2003-07-10	0	4.55	26.5	13.5
2003-07-11	0	6.4	27	11.5
2003-07-12	0	6.28	27.5	11.5
2003-07-13	0	6.42	28	11
2003-07-14	0	5.3	28.5	12
2003-07-15	0	6.15	28.5	12
2003-07-16	0	5.7	28	14.5
2003-07-17	0	4.1	25	15
2003-07-18	0	5.38	26.5	13.5
2003-07-19	0	5.97	26.5	11
2003-07-20	0	6.38	28	12
2003-07-21	0	6.47	30	12.5
2003-07-22	0	5.9	30.5	13
2003-07-23	0	6.15	30	13.5
2003-07-24	0	6.15	28	13.5
2003-07-25	0	6.85	28.5	13.5
2003-07-26	0	5.8	28	14.5
2003-07-27	0	5.7	27.5	16
2003-07-28	0	4.3	28	14
2003-07-29	0	5.5	29.5	14
2003-07-30	0	5	30	15
2003-07-31	0.01	5.05	29.5	15.5
2003-08-01	0.4	2.15	26	16.5
2003-08-02	0	4.85	30.5	13
2003-08-03	0	5.1	30	14
2003-08-04	0	6.7	29.5	14
2003-08-05	3.7	4.11	31.5	14.5
2003-08-06	0	4.99	28.5	14.5
2003-08-07	0	5.78	30.5	14.5
2003-08-08	0	5.89	30.5	12
2003-08-09	0	5.98	30.5	12
2003-08-10	0	6.05	31	12
2003-08-11	0	5.63	31.5	13
2003-08-12	0.3	4.27	30.5	13
2003-08-13	0	5.27	29	12.5
2003-08-14	0.2	4.38	27	14
2003-08-15	7.8	5.2	26	12.5
2003-08-16	0	3.46	26	13
2003-08-17	0	5.29	27	13.5
2003-08-18	0	4.95	28.5	13.5
2003-08-19	0	5.45	30	15.5
2003-08-20	6.4	3.9	30	15.5
2003-08-21	22	3.38	24	16
2003-08-22	2.7	0.97	21.5	15.5
2003-08-23	0	4.1	27.5	15.5
2003-08-24	0	3.6	26	15.5
2003-08-25	0	6.45	26.54	15
2003-08-26	0	4.85	29	14
2003-08-27	0	5	28.5	13.5
2003-08-28	0	4.93	29.5	14.5
2003-08-29	0	5.02	29.5	13.5
2003-08-30	0	4.97	29	13.5
2003-08-31	0.01	5.48	30	16
2003-09-01	0	5.4	28	16.5
2003-09-02	0	4.7	29	14.5
2003-09-03	0	4.45	28	14.5
2003-09-04	0	4.25	30	15
2003-09-05	52.8	3.55	30.5	15
2003-09-06	0.4	2.84	26	15.5
2003-09-07	0	3.66	27	16
2003-09-08	0.2	3	29.5	17
2003-09-09	0	4.45	29	17
2003-09-10	0	3.68	30	15.5
2003-09-11	0	4.87	30.5	16
2003-09-12	0	4.9	30.5	16
2003-09-13	0.01	3.5	29	15
2003-09-14	0	3.4	26	15.5
2003-09-15	0.2	2.86	26	16
2003-09-16	0	3.84	25	16
2003-09-17	0	3.3	26	16
2003-09-18	0.3	4.1	28.5	16
2003-09-19	0.6	3.22	29.5	16
2003-09-20	37.5	4.38	28.5	17
2003-09-21	92.5	3.47	29.5	17
2003-09-22	0	2.55	27.5	16
2003-09-23	0.2	4.05	27	16
2003-09-24	0	3.6	29	16.5
2003-09-25	0	4.44	29	14.5
2003-09-26	9.3	4.47	30	14.5
2003-09-27	1.6	1.99	26	15
2003-09-28	2.6	1.58	21	15
2003-09-29	0.3	0.72	18	15
2003-09-30	0.01	2.85	21	12.5
2003-10-01	0	2.75	23.5	9
2003-10-02	1.9	3.7	25	8.5
2003-10-03	0.2	2.6	22	9
2003-10-04	0.3	3.65	25.5	12.5
2003-10-05	0	3.25	25	15
2003-10-06	0	3.65	25	15.5
2003-10-07	1.3	1.92	24.5	16
2003-10-08	0	3.05	28.5	16
2003-10-09	0	3.04	28.5	16
2003-10-10	0.3	2.96	29.5	16.5
2003-10-11	0	2.4	30.5	17
2003-10-12	7.7	5.1	30	17.5
2003-10-13	0.01	2.92	28	14.5
2003-10-14	0	4.28	29	15
2003-10-15	0	3.21	27	13
2003-10-16	0	2.95	28.5	13
2003-10-17	0	3.46	29.5	13.5
2003-10-18	0.8	1.43	22	15.5
2003-10-19	0	3.55	23.5	13.5
2003-10-20	0	2.05	22	11
2003-10-21	0	3.35	24.5	8
2003-10-22	0	1.48	23	8.5
2003-10-23	0	3.42	26.5	10
2003-10-24	0	2.17	28.5	10
2003-10-25	0	2.56	30	11.5
2003-10-26	0.2	3.77	27	12
2003-10-27	1.7	1.95	24.5	12.5
2003-10-28	0	1.81	24.5	9
2003-10-29	0	2.56	27.5	7.5
2003-10-30	0	4.45	28.5	9
2003-10-31	2.4	3.07	29	9
2003-11-01	0	2.66	24.5	10.5
2003-11-02	0	2.08	24	14
2003-11-03	0	2.97	26.5	10.5
2003-11-04	0	3.65	27.5	10.5
2003-11-05	0.01	1.65	28.5	10
2003-11-06	0	3.3	27	8.5
2003-11-07	0	2.26	24.5	9
2003-11-08	0	2.19	22	11
2003-11-09	0.9	3.2	22	12
2003-11-10	0	2.7	22	13
2003-11-11	0.01	3.15	24	13.5
2003-11-12	0	1.85	26	8.5
2003-11-13	0	2.45	20.5	9.5
2003-11-14	0	2.1	23	14
2003-11-15	0	2.05	26.5	8
2003-11-16	0	2.5	28.5	9.5
2003-11-17	0	2.8	28.5	10
2003-11-18	0	3.1	28	9.5
2003-11-19	0	2.29	21	11
2003-11-20	0	2.76	24.5	2.5
2003-11-21	0	2.25	26	5
2003-11-22	0	2.3	28.5	4
2003-11-23	0	2.65	28.5	4
2003-11-24	0	2.25	18	6.5
2003-11-25	0	1.83	26	5
2003-11-26	0	2.22	27	6
2003-11-27	0	2.65	27	7
2003-11-28	0	3	14	8
2003-11-29	0	2.1	19	2
2003-11-30	0	1.57	25	2
2003-12-01	0	2.31	23.5	3
2003-12-02	0	2.62	22	3
2003-12-03	0	1.43	24	9
2003-12-04	0	2.67	22.5	3.5
2003-12-05	0	1.5	18.5	4
2003-12-06	0	0.93	16	6
2003-12-07	0	1.27	21	3.5
2003-12-08	0	1.5	23	2
2003-12-09	0	3.2	22.5	3
2003-12-10	0.01	1.9	21.5	6
2003-12-11	0.01	1.7	24	3
2003-12-12	0	2.4	25.5	3.5
2003-12-13	0	1.92	24.5	5.5
2003-12-14	0	1.88	22.5	0
2003-12-15	0	1.91	23	-2
2003-12-16	0	2.79	24	-2
2003-12-17	0	1.75	16.5	2.5
2003-12-18	0	2.85	20	-3
2003-12-19	0	2.2	16	-3.5
2003-12-20	0.01	1.4	18.5	-3
2003-12-21	0	1.9	20.5	-2.5
2003-12-22	0	2.22	22	-1.5
2003-12-23	0	2.54	21	-2
2003-12-24	0	2.41	20	-1.5
2003-12-25	0	1.77	24	3.5
2003-12-26	0	1.78	25	2.5
2003-12-27	0	1.83	25	3
2003-12-28	0	1.72	26.5	5
2003-12-29	0	1.8	20	8
2003-12-30	0.01	0.75	17	3.5
2003-12-31	0	1.45	22.5	3
2004-01-01	0	1.5	22.5	3
2004-01-02	0	1.66	24.5	8
2004-01-03	0	2.19	25	6.5
2004-01-04	0	2.3	26	5
2004-01-05	0	2.35	24.5	5.5
2004-01-06	0	2.2	19.5	7.5
2004-01-07	0	2.16	21	8
2004-01-08	0	2.14	25	5.5
2004-01-09	0.3	1.85	21	6.5
2004-01-10	0.3	1.37	NULO	NULO
2004-01-11	0	1.48	16	6
2004-01-12	0	1.91	22.5	4.5
2004-01-13	0	0.49	19	5
2004-01-14	0.1	2.17	20.5	8.5
2004-01-15	1.8	0.78	22	10.5
2004-01-16	4	0.78	14.5	10
2004-01-17	0.7	1.52	14	6
2004-01-18	0	2.06	21.5	0
2004-01-19	0.01	1.94	21	1.5
2004-01-20	0	2.05	23	2
2004-01-21	0	2.02	24	2
2004-01-22	0	2.28	24.5	5
2004-01-23	0.01	2.44	23.5	5.5
2004-01-24	0	3.36	26.5	6.5
2004-01-25	0	2.85	23	7
2004-01-26	0	2.5	23	9.5
2004-01-27	0	2.75	20	8.5
2004-01-28	0	1.93	20.5	3.5
2004-01-29	0	1.74	20.5	4
2004-01-30	4.7	0.76	13.5	5.5
2004-01-31	0	3.22	20.5	2
2004-02-01	0	3.45	24	0.5
2004-02-02	0	1.88	25.5	1
2004-02-03	0	3.72	25	1
2004-02-04	0	3.6	26	5.5
2004-02-05	0	2.85	28	6
2004-02-06	0	2.87	27.5	7.5
2004-02-07	0	3.68	16	6.5
2004-02-08	0	3	26	5
2004-02-09	0	2.4	28	5.5
2004-02-10	0	3.8	27	6
2004-02-11	0	3	27	7.5
2004-02-12	0	1.73	26	8
2004-02-13	0	3.4	23	7.5
2004-02-14	0	3.1	26	5.5
2004-02-15	0	3.68	27	5
2004-02-16	0	2.82	22.5	6
2004-02-17	0	3.25	20.5	0
2004-02-18	0	3.4	20	-0.5
2004-02-19	0	3.1	27	0
2004-02-20	0	3.12	27.5	0
2004-02-21	0	4.06	27	4
2004-02-22	0	4.81	28.5	5
2004-02-23	0	4.64	29.5	6.5
2004-02-24	0	5.17	27	8
2004-02-25	0	4.35	27	6
2004-02-26	0	3.52	24	6
2004-02-27	0	3.4	27	2
2004-02-28	0	3.78	28.5	3
2004-02-29	0	3.95	28.5	5.5
2004-03-01	0	3.8	29	6
2004-03-02	0	3.37	31	7
2004-03-03	0	4.73	32	7.5
2004-03-04	0	5.2	31.5	9
2004-03-05	0	3.33	32	12
2004-03-06	0	4.6	25.5	12
2004-03-07	0	5.12	28.5	13
2004-03-08	0	2.85	19.5	14
2004-03-09	0.2	3.77	24	13
2004-03-10	0	3.91	25	12.5
2004-03-11	0	4.19	26	11
2004-03-12	4.5	3.65	27.5	12
2004-03-13	0	3.4	27	10.5
2004-03-14	0	3.7	27	8
2004-03-15	0	3.03	27	9
2004-03-16	0	3.27	26	11
2004-03-17	0	4.05	26.5	12.5
2004-03-18	0.01	4.15	32	11.5
2004-03-19	0	4.25	28.5	12
2004-03-20	0	4.81	27	12
2004-03-21	0	5.39	23	4.5
2004-03-22	0	4.41	22.5	9
2004-03-23	0	3.29	27.5	10
2004-03-24	0	5.31	30	11
2004-03-25	0	5.99	31	8.5
2004-03-26	0	4.85	29	9
2004-03-27	0	4	30	10.5
2004-03-28	0	3.6	28	11
2004-03-29	8.7	4.05	25	12.5
2004-03-30	4.3	3.45	21	12
2004-03-31	0.8	4.93	25	11
2004-04-01	0	3.85	26	10.5
2004-04-02	1.3	5.82	28	8.5
2004-04-03	0	4.24	27	10
2004-04-04	0	3.7	28	9
2004-04-05	2.8	4.02	27	8.5
2004-04-06	0	5.17	26	12
2004-04-07	0	3.4	29	12
2004-04-08	0	4.4	28	13
2004-04-09	0	5	32	13
2004-04-10	0	6.2	32	12
2004-04-11	0	9	31.5	13
2004-04-12	0	6.63	31	14
2004-04-13	0	5.17	20	10.5
2004-04-14	0	3.85	27	6
2004-04-15	0	5.13	32	7
2004-04-16	0	6.52	31	8
2004-04-17	0	4.95	30	9
2004-04-18	0	6.2	27	9
2004-04-19	0	5.5	26	8.5
2004-04-20	0	5.85	32.5	7
2004-04-21	0.4	7.4	34	7
2004-04-22	0	6.45	33	10.5
2004-04-23	0	6.85	33	13
2004-04-24	2.6	5.15	33	13
2004-04-25	0.7	5.15	32	12
2004-04-26	0	6.3	30	13
2004-04-27	0	4.89	21.5	14.5
2004-04-28	9.7	4.73	30	10
2004-04-29	13.1	5.7	30.5	10
2004-04-30	11.1	3.98	30.5	11
2004-05-01	0.7	4.95	30.5	7
2004-05-02	0.3	4.7	17	12
2004-05-03	0.2	4.2	22	9
2004-05-04	0.5	3.55	27	9.5
2004-05-05	9	3	27	11.5
2004-05-06	4.4	3.85	28	12
2004-05-07	0	3.25	27	12
2004-05-08	0.4	4.35	29.5	12
2004-05-09	5.7	0.9	26.5	13
2004-05-10	0	5.23	33.5	12.5
2004-05-11	5.2	6.55	33	13
2004-05-12	0	4.84	33.5	12.5
2004-05-13	15.5	7.57	33.5	13
2004-05-14	0	6.24	27	11.5
2004-05-15	0	4.74	24.5	10
2004-05-16	0	5.6	27	10.5
2004-05-17	0	6.58	29	13
2004-05-18	0	4.7	28	13.5
2004-05-19	0	7.15	29	16
2004-05-20	0	6.08	29	12.5
2004-05-21	0	5.92	31.5	12.5
2004-05-22	0	5.95	30.5	12
2004-05-23	0	6.6	33	12.5
2004-05-24	0	5.99	32	14
2004-05-25	0	6.03	32.5	11.5
2004-05-26	0	5.78	33.5	11
2004-05-27	0	9.05	35	11
2004-05-28	0.01	6.15	34	13
2004-05-29	14.3	5.95	35	15.5
2004-05-30	9	5.6	33	15
2004-05-31	0	5.7	30	15
2004-06-01	0.01	3.6	27.5	15
2004-06-02	2.1	4.7	27.5	15
2004-06-03	4.6	6.9	23	16.5
2004-06-04	0.01	6.4	21.5	15
2004-06-05	0.01	3.72	22	14
2004-06-06	15.7	4.78	28	13
2004-06-07	36.5	7.25	26.5	15
2004-06-08	13.6	3.05	24.5	16
2004-06-09	0.3	3.16	29	16
2004-06-10	4.4	4.79	28	15.5
2004-06-11	0	5.25	29	15
2004-06-12	0	6.15	29	15
2004-06-13	0	5	31	14.5
2004-06-14	0	3.66	30.5	15.5
2004-06-15	3.4	5.04	32	14
2004-06-16	0	6.7	29	13.5
2004-06-17	0	4.65	25.5	14
2004-06-18	0	5.49	26.5	11
2004-06-19	0	4.91	27.5	11
2004-06-20	0	5.89	28.5	11.5
2004-06-21	0	5.61	30	13
2004-06-22	2.5	5.3	30.5	15
2004-06-23	0.01	4.25	28	15.5
2004-06-24	24.5	7.55	29	15
2004-06-25	0	4.35	28	14.5
2004-06-26	0	5.85	27	15.5
2004-06-27	0.8	5.6	27.5	15.5
2004-06-28	3	5.1	27	15.5
2004-06-29	13.1	6	29	16
2004-06-30	0	6.09	28	16
2005-01-01	0	0.56	23.5	0.5
2005-01-02	0	3.05	25	3
2005-01-03	0	2.2	25	4
2005-01-04	0	1.9	25	5.5
2005-01-05	0	2	26	4.5
2005-01-06	0	2.1	26	5
2005-01-07	0	2	25	5
2005-01-08	0	2.2	23	7
2005-01-09	0	3	20	7.5
2005-01-10	0	2.28	22.5	8
2005-01-11	0	2.27	24	4.5
2005-01-12	0	2.75	25.5	4
2005-01-13	0	2.83	26	4.5
2005-01-14	0	2.12	18	6
2005-01-15	0	1.45	23	6
2005-01-16	0	2.75	14	5.5
2005-01-17	0	2.35	16.5	5
2005-01-18	0	2.55	18	5
2005-01-19	0	1.2	15	4.5
2005-01-20	0	2	21	4.5
2005-01-21	0	2.45	23	5.5
2005-01-22	9.3	3.06	23	5.5
2005-01-23	0.01	0.86	13.5	9.5
2005-01-24	0	2.38	21.5	8.5
2005-01-25	0	1.94	23	6.5
2005-01-26	0	2.64	25.5	5.5
2005-01-27	0	2.12	26	5.5
2005-01-28	0	2.6	27.5	6.5
2005-01-29	0	2.7	26.5	6.5
2005-01-30	0.4	2.45	27.5	6
2005-01-31	0	2.55	26.5	7
2005-02-01	0	2.8	25	8
2005-02-02	0	2.15	24	8.5
2005-02-03	0	2.25	18	6
2005-02-04	0	1.5	16	5
2005-02-05	0	1.38	20.5	6
2005-02-06	0	2.97	25	7
2005-02-07	0	3.65	28	6.5
2005-02-08	0	2.8	29	7
2005-02-09	0	3.9	30.5	9
2005-02-10	0	2.99	23	9.5
2005-02-11	0	2.89	22.5	9
2005-02-12	0	3.77	26.5	5.5
2005-02-13	0	2.52	26	6.5
2005-02-14	0	3.28	27	8.5
2005-02-15	0	3.4	28	7.5
2005-02-16	0	3.93	29.5	6.5
2005-02-17	0	3.32	26.5	5.5
2005-02-18	0	2.45	23.5	5.5
2005-02-19	0	3.8	26	8.5
2005-02-20	0	3.3	29	7
2005-02-21	0	2.75	26.5	8
2005-02-22	3.7	2.25	28	8.5
2005-02-23	11.3	2.25	25	8.5
2005-02-24	1.8	1.95	23	8.5
2005-02-25	0.1	2.8	22	8.5
2005-02-26	0.1	2.4	20	8.5
2005-02-27	0	3.25	23	11
2005-02-28	0	3.85	26	6
2005-03-01	0	3.7	27	4
2005-03-02	0	3.5	25.5	4
2005-03-03	0	3.4	26.5	7
2005-03-04	0	2.58	27	7.5
2005-03-05	0	4.02	28	7.5
2005-03-06	0.3	2.6	24	8.5
2005-03-07	0	4	29	11
2005-03-08	0	4.45	29	9.5
2005-03-09	0	4.35	28.5	9.5
2005-03-10	0	3.9	23.5	7
2005-03-11	0	4.85	25.5	6
2005-03-12	0	4.45	29.5	6
2005-03-13	0	5.68	30.5	9
2005-03-14	5.3	2.52	29.5	13
2005-03-15	3.9	0.98	19.5	13.5
2005-03-16	0	4.07	26.5	10.5
2005-03-17	0	4.35	26	8.5
2005-03-18	0	5.2	29	4.5
2005-03-19	0	6.22	30	5
2005-03-20	0	5.33	30	6
2005-03-21	0	5.95	31	6.5
2005-03-22	0.01	4.85	31.5	7
2005-03-23	0	4.6	29.5	8
2005-03-24	0	4.85	32.5	7
2005-03-25	0	5.2	31.5	8
2005-03-26	0	4.94	33.5	7.5
2005-03-27	0	3.61	28.5	8.5
2005-03-28	0	4.35	31	8.5
2005-03-29	0	5.1	30	6
2005-03-30	0	3.75	32.5	6
2005-03-31	0	5.53	33	9.5
2005-07-01	0	5.33	32	14.5
2005-07-02	0	7.07	31.5	15
2005-07-03	0	6.12	31	14.5
2005-07-04	2.5	3.15	29	14.5
2005-07-05	3.6	3.33	29.5	15
2005-07-06	0.9	4.63	28	16.5
2005-07-07	3.8	4.77	30	14.5
2005-07-08	0	5.88	31	14
2005-07-09	0	5.7	31.5	12.5
2005-07-10	0	6.45	32	11.5
2005-07-11	0	5.95	31	12
2005-07-12	0	6.1	29	13.5
2005-07-13	0	4.97	27	13.5
2005-07-14	0	3.83	30	16
2005-07-15	0	7.1	30.5	16
2005-07-16	0	5.25	28	17
2005-07-17	0	6.01	27	16
2005-07-18	0	6.69	29.5	16
2005-07-19	0	5.41	31.5	13.5
2005-07-20	6	4.41	32.5	13.5
2005-07-21	1.3	3	26	14
2005-07-22	0.2	5.08	26	15
2005-07-23	0	5	27	15
2005-07-24	0	3.2	24.5	15
2005-07-25	18.5	4.88	29.5	16
2005-07-26	0.01	5.05	28.5	16.5
2005-07-27	0.9	3.17	29	16.5
2005-07-28	0	5.03	27.5	15.5
2005-07-29	0	6.13	27.5	12.5
2005-07-30	0	5.99	28	12.5
2005-07-31	0	6.5	28	11
2005-08-01	0	6.1	30	11
2005-08-02	0.01	3.6	29	11.5
2005-08-03	0.2	3.25	28.5	16
2005-08-04	0	5.6	28.5	15.5
2005-08-05	0	5.85	28	17
2005-08-06	0	5.5	28	16
2005-08-07	0	5.25	29	15
2005-08-08	0	5.05	31	15.5
2005-08-09	0	6.2	32	15.5
2005-08-10	0.6	5.97	31	15
2005-08-11	1.9	3.85	28.5	16
2005-08-12	0	5.97	30	16
2005-08-13	0	4.41	29.5	16
2005-08-14	7.6	2.28	29	16.54
2005-08-15	0	3.72	25	17
2005-08-16	0	6.71	27	16
2005-08-17	0	5.59	27	15
2005-08-18	0	5.3	27	16.5
2005-08-19	0.4	4.9	26	15.5
2005-08-20	0.9	1.45	22	16
2005-08-21	0.3	4.87	27	16
2005-08-22	6.3	2.88	23.5	14
2005-08-23	5.5	1.08	19.5	14
2005-08-24	2.1	5.83	25.5	15.5
2005-08-25	1.1	4.27	27	15
2005-08-26	0	5.67	30.5	15
2005-08-27	0	5.1	32	14
2005-08-28	5.6	4.03	31.5	12.5
2005-08-29	0	5.28	30.5	13
2005-08-30	9.5	5.34	30.5	14.5
2005-08-31	1.7	4.17	28	14.5
2005-09-01	0.01	2.17	24	15
2005-09-02	0	5.8	26.5	15
2005-09-03	0.2	4.55	26	16
2005-09-04	0.1	2.88	25.5	16.5
2005-09-05	11.4	3.93	25.5	17
2005-09-06	0.01	3.09	23	15
2005-09-07	1.2	1.98	22	11
2005-09-08	0	2.58	22.5	11
2005-09-09	3.8	3.23	27.5	13.5
2005-09-10	0	3.96	27.5	16
2005-09-11	0	4.05	29	15
2005-09-12	0	6.05	29	13.5
2005-09-13	0	3.7	29.5	13.5
2005-09-14	0	4.75	29.5	13.5
2005-09-15	0	4.4	29	13.5
2005-09-16	0	6	28.5	15
2005-09-17	0	5.5	27.5	15
2005-09-18	0	4.82	28.5	12
2005-09-19	0	5.73	27	12.5
2005-09-20	1.5	4.35	26	14
2005-09-21	0.2	1.3	21	13.5
2005-09-22	0	4.95	26.5	13
2005-09-23	0	4.2	28.5	7.5
2005-09-24	0	4.63	30	7.5
2005-09-25	0	4.12	29	9.5
2005-09-26	5.3	3.75	26.5	11
2005-09-27	0	3.75	24	12
2005-09-28	0	3.8	27	12.5
2005-09-29	0	4.5	29	12.5
2005-09-30	0.01	5.15	28	12.5
2005-10-01	0	4.3	28	12
2005-10-02	0	3.76	27	12.5
2005-10-03	11.5	2.28	23.5	13.5
2005-10-04	37.5	1.96	19.5	13.5
2005-10-05	17.9	0.85	22.5	16.5
2005-10-06	1.3	2.5	22.5	15
2005-10-07	5.9	2.3	22	15.5
2005-10-08	3.4	3.05	25.5	15.5
2005-10-09	0	3.45	28	15.5
2005-10-10	0	3.49	28.5	16
2005-10-11	0	2.44	27	15.5
2005-10-12	0	3.72	25	15.5
2005-10-13	0	2.45	24.5	14
2005-10-14	0.2	4.13	24.5	14
2005-10-15	0	2.17	22	13.5
2005-10-16	0	3.05	24.5	13.5
2005-10-17	0	2.65	25.5	13.5
2005-10-18	0.01	4.9	26	14.5
2005-10-19	0.01	2.05	28	9
2005-10-20	0	4.5	28.5	7.5
2005-10-21	0	2.9	27.5	6
2005-10-22	0	3.35	25.5	5
2005-10-23	0.01	3.7	28	5
2005-10-24	0.2	0.73	20	7
2005-10-25	0.3	1.72	23	10.5
2005-10-26	0	2.3	25.5	11.5
2005-10-27	0	3.35	27.5	11
2005-10-28	0	2.75	23	10.5
2005-10-29	0	1.5	21	10.5
2005-10-30	0	3.4	23.5	7.5
2005-10-31	0	2.2	23.5	9
2005-11-01	0	2.05	20	9.5
2005-11-02	0	3.33	23.5	4.5
2005-11-03	0	3.12	25	2
2005-11-04	0	3.14	26.5	1.5
2005-11-05	0	2.5	28	2.5
2005-11-06	0	2.53	28	4
2005-11-07	0	1.09	20.5	8
2005-11-08	0.01	2.82	21	9.5
2005-11-09	0.5	0.27	22	12
2005-11-10	0.01	1.95	23	13
2005-11-11	0	1.95	25	15
2005-11-12	0	3.21	28	12
2005-11-13	0	3.54	27.5	5.5
2005-11-14	0.01	1.13	25.5	6.5
2005-11-15	0	2.67	28	7
2005-11-16	0	1.02	15	7
2005-11-17	0	2.68	17.5	9.5
2005-11-18	0	1.84	20	6.5
2005-11-19	0	2.06	20.5	7
2005-11-20	0	1.9	19.5	8.5
2005-11-21	0	1.26	18	10
2005-11-22	0	2.14	21	2.5
2005-11-23	0	2.11	23	-1
2005-11-24	0	1.49	25	0
2005-11-25	0	1.83	24.5	1
2005-11-26	0	2.47	26	6.5
2005-11-27	0	1.95	23	6.5
2005-11-28	0	3.05	26.5	4.5
2005-11-29	0.01	1.4	22.5	3
2005-11-30	0	1.67	24	3.5
2005-12-01	0.01	2.13	25	4
2005-12-02	0	1.65	24	4
2005-12-03	0	2.1	26	4.5
2005-12-04	0	2.15	26	4.5
2005-12-05	0	2.81	27	6.5
2005-12-06	0	1.36	24	7
2005-12-07	0.5	1.63	23.5	10.5
2005-12-08	0.01	2.81	21.5	9.5
2005-12-09	0	1.28	24.5	9.5
2005-12-10	0	1.49	24.5	9
2005-12-11	0.01	1.42	22	6.5
2005-12-12	0	1.62	25.5	5
2005-12-13	0	1.33	26	4.5
2005-12-14	0	2.35	27.5	4.5
2005-12-15	0	1.7	23.5	5
2005-12-16	0	1.3	24.5	5.5
2005-12-17	0.01	1.9	24	6
2005-12-18	0	2.4	19.5	7
2005-12-19	0	1.65	18.5	7
2005-12-20	0	8.59	19	7
2005-12-21	0	1.71	22	7
2005-12-22	0	1.22	20	4.5
2005-12-23	0	1.33	20	3
2005-12-24	0	2.31	23.5	1.5
2005-12-25	0	1.24	24	1
2005-12-26	0	1.88	23.5	-1
2005-12-27	0	1.97	24.5	-1
2005-12-28	0	1.75	24.5	-1
2005-12-29	0	1.3	24.5	1
2005-12-30	0	2.45	25	1.5
2005-12-31	0	2.03	25	2.5
2006-04-01	0	6	32.5	11
2006-04-02	0	6.05	32.5	8.5
2006-04-03	0	6.3	30	10
2006-04-04	0	5.9	30	8
2006-04-05	0	6.02	32	7
2006-04-06	0	6.53	33	7
2006-04-07	0	6.6	33	8
2006-04-08	0	6.55	27.5	12
2006-04-09	0	4.6	30	11
2006-04-10	0	5.3	32	9.5
2006-04-11	0	5.95	32.5	9.5
2006-04-12	0	5.85	26.5	9.5
2006-04-13	0	5.15	24	10
2006-04-14	0	5.15	30	7.5
2006-04-15	0	6.35	33	6
2006-04-16	0	6.6	34.5	7
2006-04-17	0	6.3	33	9
2006-04-18	0	6.55	34.5	12
2006-04-19	0	6.3	34.5	12.5
2006-04-20	1.4	6.75	35	13
2006-04-21	10.3	6.93	33.5	13.5
2006-04-22	0.1	4.72	29	13
2006-04-23	8.4	6.02	30.5	13
2006-04-24	0.2	5.83	31	13.5
2006-04-25	0	6.3	33.5	13.5
2006-04-26	0	6.16	32	13.5
2006-04-27	0	5.89	33.5	14.5
2006-04-28	5.5	6.7	34	15
2006-04-29	0.2	4.65	31	15
2006-04-30	4.9	4.21	27	13.5
2006-05-01	0.5	4.89	29.5	14
2006-05-02	0.1	5.05	30	13
2006-05-03	0	5.95	30	12.5
2006-05-04	0	6.55	32.5	12.5
2006-05-05	0	6.8	33.5	13
2006-05-06	0	7.7	33	14.5
2006-05-07	0.01	6.35	34	15
2006-05-08	0	7.05	35.5	14.5
2006-05-09	0	7.05	35	14
2006-05-10	2.4	6.6	30.5	13.5
2006-05-11	0.01	6.07	26.5	14
2006-05-12	7.4	5.35	31	15
2006-05-13	0	5.83	30	14
2006-05-14	0.2	4.26	32	12.5
2006-05-15	0	3.38	28	12
2006-05-16	1.1	5.81	25	11.5
2006-05-17	0.5	5.05	27.5	11.5
2006-05-18	9.1	4.8	27.5	12
2006-05-19	2	2.35	26.5	12.5
2006-05-20	0	6.25	29	10.5
2006-05-21	0	6.05	31.5	9.5
2006-05-22	0	6.25	31	10
2006-05-23	0	5.9	29.5	11.5
2006-05-24	0	5.75	29.5	11.5
2006-05-25	0	5.55	30.5	11.5
2006-05-26	0	6.14	32.5	11.5
2006-05-27	24.8	7.11	33.5	12
2006-05-28	1.5	5.31	29	13.5
2006-05-29	5.7	3.02	29.5	14
2006-05-30	7	4.92	30	17
2006-05-31	0	5.28	28.5	14.5
2006-06-01	0	4.64	27	14.5
2006-06-02	0	4.83	26.5	12.5
2006-06-03	2.8	2.5	24	12.5
2006-06-04	0.01	3.35	26.5	15.5
2006-06-05	0	3.01	26.5	15.5
2006-06-06	0.01	5.56	28	15.5
2006-06-07	0	5.75	27.5	15.5
2006-06-08	0	6.17	27.5	10.5
2006-06-09	0	6.14	27.5	10.5
2006-06-10	0	5.99	29.5	10.5
2006-06-11	0	6.72	31	10
2006-06-12	0	6.04	31.5	10
2006-06-13	0	7.67	29.5	12.5
2006-06-14	0	6.8	28	11.5
2006-06-15	0	5.9	31	9.5
2006-06-16	26.8	6.15	33	10
2006-06-17	0	5.45	31	15.5
2006-06-18	0	5.91	30	15.5
2006-06-19	0	5.3	31	17
2006-06-20	0	6.01	31.5	14
2006-06-21	0	6.1	30.5	13
2006-06-22	0	6.6	28.5	13
2006-06-23	0	6.93	28	15
2006-06-24	0	6.45	28	16.5
2006-06-25	0	6.8	27.5	14
2006-06-26	0	6.9	28	13
2006-06-27	0	6.05	28	13.5
2006-06-28	0	7.7	27	13.5
2006-06-29	0	5.35	25	15
2006-06-30	1	2	25	16
2006-07-01	1.5	5.15	28.5	16
2006-07-02	14.5	6.05	30.5	12.5
2006-07-03	0	4.96	28.5	12.5
2006-07-04	0	4.99	30	14.5
2006-07-05	0	6.15	32	15.5
2006-07-06	0	6.45	31	14.5
2006-07-07	0	6.28	29	15
2006-07-08	0	6.23	28	16
2006-07-09	0.2	3.6	27	14.5
2006-07-10	0	4.45	25.5	15
2006-07-11	0	5.85	27.5	13.5
2006-07-12	0	5.43	28	13.5
2006-07-13	0	5.77	30	12.5
2006-07-14	0.3	5	30	13
2006-07-15	0.1	4.75	27	13.5
2006-07-16	0	4.1	28	14
2006-07-17	0	6.5	28.5	14.5
2006-07-18	0	6.7	29	13.5
2006-07-19	0	5.7	28.5	13
2006-07-20	0	6.45	27.5	13.5
2006-07-21	0	4.25	27	15
2006-07-22	0	3.3	23.5	17
2006-07-23	0.2	2.62	25	16
2006-07-24	26.3	6.63	27	15
2006-07-25	0.8	2.59	26.5	15
2006-07-26	0	5.61	31.5	14
2006-07-27	1.5	4.5	29	14.5
2006-07-28	0	5.75	28	15
2006-07-29	1.5	4.07	28	15
2006-07-30	0	5.65	28	13
2006-07-31	0	4.28	29.5	13
2006-08-01	0	5.6	29	13.5
2006-08-02	0	4.9	30	16
2006-08-03	1.9	3.2	29	16.5
2006-08-04	1.8	2.5	28	16.5
2006-08-05	12.3	2.3	24	16
2006-08-06	0	5.05	26	13
2006-08-07	1.1	4.4	27	14
2006-08-08	0.3	5.69	25	16
2006-08-09	0	4.89	26	15.5
2006-08-10	0	6.32	28.5	16
2006-08-11	0	7.15	30	14.5
2006-08-12	0.01	4.63	30	14
2006-08-13	0	4.27	29	14.5
2006-08-14	0	7.03	29	14.5
2006-08-15	0.3	5.56	30	14.5
2006-08-16	0	5.87	30.5	15
2006-08-17	0	7.29	31	12.5
2006-08-18	0	6	31	12
2006-08-19	0.2	6.15	30	12.5
2006-08-20	0	5	28	14.5
2006-08-21	0	3.5	27	13
2006-08-22	0	6.55	28	13
2006-08-23	0	6.1	30	13
2006-08-24	0	3.8	29.5	17.5
2006-08-25	25.1	5.53	30.5	17
2006-08-26	1	4.04	27.5	16
2006-08-27	0	5.6	27	15.5
2006-08-28	0	6.48	26.5	13
2006-08-29	0	4.48	26	12.5
2006-08-30	0	3.83	24.5	13
2006-08-31	0	4.19	29	13.5
2006-09-01	0	5.18	29	16.5
2006-09-02	0	4.8	28	13.5
2006-09-03	0.3	4.35	26.5	13
2006-09-04	1	4.55	26.5	14
2006-09-05	0.01	4.25	26.5	15.5
2006-09-06	0	4.57	26.5	16.5
2006-09-07	0	4.48	29	16.5
2006-09-08	0	4.22	30	16
2006-09-09	0	4.28	30.5	15.5
2006-09-10	0	4.9	29.5	16.5
2006-09-11	0	5.55	29	17
2006-09-12	0	5.5	28	18
2006-09-13	0	5.1	28.5	17
2006-09-14	0	4.5	31	16
2006-09-15	54.4	9.6	31.5	14.5
2006-09-16	0.7	2.65	29	14.5
2006-09-17	0	4.35	29	14.5
2006-09-18	0	5.3	30	15
2006-09-19	1.8	2.1	23.5	14
2006-09-20	0	2.05	22.5	14.5
2006-09-21	4.4	3.65	29	16
2006-09-22	10.6	4.75	29.5	15.5
2006-09-23	0	3.7	29	14.5
2006-09-24	19	5.55	27	14
2006-09-25	3.5	2.85	22	15
2006-09-26	0	2.7	23	15
2006-09-27	0	3.6	26	12.5
2006-09-28	0	4.1	28	12
2006-09-29	0	3.91	26.5	12.5
2006-09-30	0	8.89	27	13
2006-10-01	0.4	3.8	25.5	13
2006-10-02	0	4.45	25.5	15
2006-10-03	0	4.45	25	14
2006-10-04	0	5.26	24.5	14
2006-10-05	0.1	1.59	20	14
2006-10-06	0.3	2.2	22	14
2006-10-07	0	3	24	13.5
2006-10-08	0	4.2	29	13
2006-10-09	0	3.75	28	11
2006-10-10	0	3.6	28.5	11
2006-10-11	0	4.1	29.5	13
2006-10-12	0	2.6	28.5	13
2006-10-13	4.5	3.44	29	13
2006-10-14	5.9	2.31	26	16.5
2006-10-15	2.1	2.7	28	16
2006-10-16	0.01	2.65	28	15.5
2006-10-17	2.9	3.74	28.5	14
2006-10-18	0.1	3.46	29	14.5
2006-10-19	0	3.05	28	16
2006-10-20	0	2.39	27	15.5
2006-10-21	3	3.61	30	13.5
2006-10-22	0	3.6	26.5	13.5
2006-10-23	0	1.73	24.5	15.5
2006-10-24	0	3.07	26.5	10
2006-10-25	0	3.48	29.5	10
2006-10-26	9.5	3.65	29.5	11.5
2006-10-27	0	3.65	29.5	13.5
2006-10-28	0	3.67	22	11.5
2006-10-29	0	3.15	25.5	2
2006-10-30	0	3.2	27.5	3
2006-10-31	0	3	29	3.5
2006-11-01	0	3.25	29	7
2006-11-02	0.2	2.98	24	7
2006-11-03	0.2	1.13	21.5	9.5
2006-11-04	0	1.67	26	13.5
2006-11-05	0	2.7	27	10
2006-11-06	0	2.55	27.5	11
2006-11-07	0	2.4	24	10.5
2006-11-08	0	2.57	27.5	8
2006-11-09	1.9	1.48	27	8.5
2006-11-10	29	3.12	28.5	13
2006-11-11	9.2	0.53	18	13
2006-11-12	1.7	1.25	22	12.5
2006-11-13	0.01	1.74	24.5	12
2006-11-14	0	2.26	26.5	12.5
2006-11-15	0	3.52	27	11
2006-11-16	0	1.79	22	8.5
2006-11-17	0	2.66	26	7
2006-11-18	0	2.52	22	4
2006-11-19	0	0.95	14	4.5
2006-11-20	0.01	0.65	19	8
2006-11-21	0.01	0.29	14	7
2006-11-22	0.01	3.16	19.5	-1
2006-11-23	0.01	2.29	22	-0.5
2006-11-24	0.01	1.95	21	-0.5
2006-11-25	0.01	1.86	21.5	0
2006-11-26	0.01	1.92	22.5	2
2006-11-27	0	2.21	25	3
2006-11-28	0	1.78	25	4
2006-11-29	0	1.79	25.5	5
2006-11-30	0	3	26.5	5.5
2006-12-01	0	2.12	24	6
2006-12-02	0	2.23	26.5	5.5
2006-12-03	0.01	1.07	16	5.5
2006-12-04	0	1.45	12	6.5
2006-12-05	0	1.13	19.5	5.5
2006-12-06	0	1.75	24	8
2006-12-07	0	1.9	19	4.5
2006-12-08	0	1.75	13	5.5
2006-12-09	0.2	1.53	20	7
2006-12-10	0.01	2.09	22.5	6.5
2006-12-11	0	1.83	24	5
2006-12-12	0	1.35	25	5.5
2006-12-13	0	1.95	24	6.5
2006-12-14	0	2.4	24.5	7
2006-12-15	0.01	1.97	23.5	7
2006-12-16	0	1.93	24	5.5
2006-12-17	0	1.75	25	5
2006-12-18	0	1.9	26	5
2006-12-19	0	1.59	22	5.5
2006-12-20	0	1.77	24.5	6.5
2006-12-21	0	3.22	25.5	7.5
2006-12-22	0.01	1.9	25	7.5
2006-12-23	0	2.67	26	7
2006-12-24	0	2.93	23	7
2006-12-25	0	2.26	23	3
2006-12-26	0	1.68	21	-1
2006-12-27	0	1.46	23	-2.5
2006-12-28	0	2.03	24	-2.5
2006-12-29	0	2.66	22	0
2006-12-30	0	2.6	27	1.5
2006-12-31	0	1.71	26.5	3.5
2007-01-01	0	2.17	16.5	4
2007-01-02	0.5	0.9	22	7.5
2007-01-03	0	1.73	23.5	10
2007-01-04	0	0.65	24	7.5
2007-01-05	0	3.05	25	4.5
2007-01-06	0	2.4	25.5	4.5
2007-01-07	0	2.1	24.5	6
2007-01-08	0	1.98	19.5	7
2007-01-09	0	2.39	17	4.5
2007-01-10	0	1.76	22	4.5
2007-01-11	0	2.02	25.5	3.5
2007-01-12	0	2.32	26	3.5
2007-01-13	0	2.43	27	6
2007-01-14	0	2.35	27.5	6.5
2007-01-15	0	1.94	27	6.5
2007-01-16	0	2.58	25	7
2007-01-17	0	1.83	23	6
2007-01-18	0	2.8	27	6
2007-01-19	0	1.7	21.5	6
2007-01-20	0	2.4	26	7.5
2007-01-21	0	3	27	7.5
2007-01-22	0	2.63	26.5	8
2007-01-23	0	3.02	25	10
2007-01-24	0.8	0.85	19	9
2007-01-25	0	1.9	15	7.5
2007-01-26	5	1.66	23	7.5
2007-01-27	0	1.69	19.5	8
2007-01-28	0	2.75	19	10.5
2007-01-29	0.1	2.2	20.5	7.5
2007-01-30	0	2.7	24	9.5
2007-01-31	0	2.45	28	7
2007-02-01	0	1.8	24	7
2007-02-02	0	2.75	25	11
2007-02-03	4.5	3.06	24	7
2007-02-04	22	1.62	17	8
2007-02-05	4	0.57	14	8
2007-02-06	0	2.14	20	8.5
2007-02-07	0	2.01	22.5	6
2007-02-08	0	2.75	25	5.5
2007-02-09	3	4.75	25	6
2007-02-10	3.7	0.95	20	7.5
2007-02-11	0	3	24	5
2007-02-12	0	3.79	26	5.5
2007-02-13	0	4.11	27	4.5
2007-02-14	0	3.1	28.5	5
2007-02-15	0	3.94	29.5	5
2007-02-16	0	4.31	20	5
2007-02-17	0	4.3	25	3
2007-02-18	0	2.37	18	3
2007-02-19	0	3.15	27.5	3
2007-02-20	0	3.94	29	3
2007-02-21	0	3.71	28.5	7
2007-02-22	0	3.67	30	8
2007-02-23	0	3.8	31	6
2007-02-24	0	3.85	29.5	6
2007-02-25	0	4.7	29	7
2007-02-26	0	4.3	28.5	7.5
2007-02-27	0	4.26	30	6.5
2007-02-28	0	5.24	31	6.5
2007-03-01	0	4.38	29	5
2007-03-02	0	5.12	28	6
2007-03-03	0	4.95	29	6
2007-03-04	0	2.28	18	7
2007-03-05	0	2.92	21	-1
2007-03-06	0	3.68	22	0
2007-03-07	0	4.42	25	2
2007-03-08	0	3.95	26	3
2007-03-09	2.5	4.3	23	7
2007-03-10	8.5	3.3	24	6
2007-03-11	8	1.95	23	6
2007-03-12	0.2	3.55	20	5
2007-03-13	0.5	2.68	21	6
2007-03-14	0	5.12	23	5
2007-03-15	0	4.87	25	4
2007-03-16	0	5.53	24	3
2007-03-17	0	4.55	22	2
2007-03-18	0	4.5	25	0
2007-03-19	0	5.1	28	3
2007-03-20	0.2	4.33	28	5
2007-03-21	0	6.12	25	5
2007-03-22	0	4.75	26	4
2007-03-23	0	3.32	26	4
2007-03-24	1	4.88	26	5
2007-03-25	0	3.8	22	6
2007-03-26	0	4.2	26	6
2007-03-27	2	4.22	24	8
2007-03-28	1.5	5.07	23	6
2007-03-29	0.3	5.86	27	7
2007-03-30	3	5.2	27	7
2007-03-31	6	4.7	26	7
2007-04-01	7.7	3.3	28	12
2007-04-02	3.4	3.15	27	12
2007-04-03	5.2	1.84	26	12
2007-04-04	3	3.56	24.5	11
2007-04-05	0	3.6	24	11.5
2007-04-06	0	6.6	27.5	7.5
2007-04-07	0	3.45	27	8
2007-04-08	0	4.85	29	8.5
2007-04-09	0	6.05	27.5	9
2007-04-10	0	6.93	29	9.5
2007-04-11	0	5.96	30	8.5
2007-04-12	0	4.99	31.5	9
2007-04-13	0	6.98	31.5	8
2007-04-14	0	6.1	30	8
2007-04-15	0	5.15	25	11
2007-04-16	0	5	32.5	8
2007-04-17	0	7.65	33	8.5
2007-04-18	0	5.68	29.5	11
2007-04-19	0.5	4.92	32.5	12.5
2007-04-20	0	4.38	32	12
2007-04-21	4.8	5.98	34	12
2007-04-22	0	6.43	33.5	12
2007-04-23	0	6.58	34	12
2007-04-24	1	5.18	33.5	12
2007-04-25	0	6.9	32.5	12.5
2007-04-26	0	6.59	32	12.5
2007-04-27	0	2.67	27	15
2007-04-28	0.01	3.99	29	14.5
2007-04-29	0.3	4.95	30	13.5
2007-04-30	0	4.35	30	14
2007-05-01	0	7.1	32.5	14
2007-05-02	0	6.25	33.5	12.5
2007-05-03	0	7.05	33.5	13
2007-05-04	8.5	6.75	35	13.5
2007-05-05	0	6.05	33	13.5
2007-05-06	0	6.13	34	13
2007-05-07	0	5.94	33.5	13.5
2007-05-08	0	5.53	27.5	14
2007-05-09	3.5	4.79	33	14
2007-05-10	0	5.98	31.5	13.5
2007-05-11	0	5.4	29.5	14
2007-05-12	0	4.63	29	15
2007-05-13	0	6.75	30	12
2007-05-14	0	5.28	31	12.5
2007-05-15	0	7	32	12
2007-05-16	0	5.19	28	12.5
2007-05-17	0	6.15	28.5	13
2007-05-18	0	5.53	28.5	12.5
2007-05-19	0	6.05	29.5	12.5
2007-05-20	13.9	5.71	30.5	12.5
2007-05-21	22.2	5.84	31	14
2007-05-22	0	6.38	30.5	13.5
2007-05-23	0.01	4.23	29.5	13.5
2007-05-24	0	5.87	30	13.5
2007-05-25	5.5	5.25	28.5	13.5
2007-05-26	1.1	4.6	28.5	15
2007-05-27	3.5	4.77	29	14
2007-05-28	0.5	3.07	29	14.5
2007-05-29	0	5.64	30.5	14
2007-05-30	0	6.61	30	14.5
2007-05-31	0	6.63	28	12
2007-06-01	0	6.44	32	10.5
2007-06-02	0	6.6	34.5	10.5
2007-06-03	0	7.09	33.5	11.5
2007-06-04	0	7	34	12
2007-06-05	0	6.25	33.5	13.5
2007-06-06	0	6.95	33.5	15.5
2007-06-07	0	6.71	34	15.5
2007-06-08	7.3	5.94	33.5	15.5
2007-06-09	0	4.9	28.5	15.5
2007-06-10	0	6	28.5	14.5
2007-06-11	0	6.25	29	11.5
2007-06-12	0	6.32	30.5	12
2007-06-13	0	6.36	31	12
2007-06-14	0	6.42	30.5	11.5
2007-06-15	0	5.2	31.5	11.5
2007-06-16	2	5.5	32	14.5
2007-06-17	31.7	5.91	31	16
2007-06-18	2.5	3.78	28	16.5
2007-06-19	3	4.56	30	14.5
2007-06-20	7	2.3	25	14.5
2007-06-21	0.01	2.95	26.5	15
2007-06-22	0	6	28.5	15.5
2007-06-23	0	5.97	30	14.5
2007-06-24	0	4.63	29	14.5
2007-06-25	0	3.9	27	16
2007-06-26	0	5.05	28	16.5
2007-06-27	0	5.8	29	16.5
2007-06-28	0	4.6	29	16.5
2007-06-29	26.3	7	29.5	13.5
2007-06-30	21.4	5.3	28.5	13.5
2007-07-01	0.01	3.4	26.5	15
2007-07-02	1	3.17	29	15.5
2007-07-03	3.1	4.35	29.5	16.5
2007-07-04	0.01	5.42	30.5	16.5
2007-07-05	0	3.86	28	15.5
2007-07-06	0	6.17	28	15.5
2007-07-07	0	5.73	29.5	14.5
2007-07-08	0	5.6	31	14.5
2007-07-09	0	7	31.5	14.5
2007-07-10	0	6.55	30	14.5
2007-07-11	0	6.15	28.5	14.5
2007-07-12	0	5.75	26.5	14.5
2007-07-13	0	5.55	28.5	12.5
2007-07-14	0	5.2	29.5	12
2007-07-15	0	5.8	30.5	12
2007-07-16	0	6.25	30	14
2007-07-17	7.2	4.53	29.5	15.5
2007-07-18	24.2	5.27	27	15.5
2007-07-19	0.7	4.15	28	16
2007-07-20	0	3.48	27	15.5
2007-07-21	0	4.32	28	14.5
2007-07-22	0	4.69	27	14.5
2007-07-23	0	5.21	28	14
2007-07-24	0	4.77	28.5	13
2007-07-25	0	4.58	28.5	13
2007-07-26	0.1	3.34	29	15.5
2007-07-27	0	3.68	31	15.5
2007-07-28	1.6	5.15	30	17
2007-07-29	18	5.38	29.5	16
2007-07-30	13.4	4.5	29	15
2007-07-31	0.2	4.8	29	15
2007-08-01	0	5.92	29.5	15
2007-08-02	0	5.63	30	13
2007-08-03	0	5.15	28.5	13
2007-08-04	0	5.05	29	13
2007-08-05	0	5.3	29.5	13.5
2007-08-06	2.2	5.78	27.5	13.5
2007-08-07	0	3.87	27.5	14.5
2007-08-08	0	6.1	28	16.5
2007-08-09	0	5.8	29	13.5
2007-08-10	0	6.32	28.5	12
2007-08-11	0	3.75	26	12
2007-08-12	0	5.06	28	12
2007-08-13	0	4.29	27.5	13
2007-08-14	0	4.4	28	13.5
2007-08-15	0	5.83	28.5	13
2007-08-16	1.6	4.7	28.5	13.5
2007-08-17	0	5.61	28	16
2007-08-18	0	5.61	29	14.5
2007-08-19	0	4.63	30	15
2007-08-20	0	5.02	31	13.5
2007-08-21	0.1	5.35	30	13.5
2007-08-22	36.5	2.48	25.5	14.5
2007-08-23	3	2.77	24	15
2007-08-24	0	3.83	25.5	14
2007-08-25	0	4.82	26.5	12.5
2007-08-26	0.5	5.8	27	13
2007-08-27	0.7	2.9	29	15
2007-08-28	7.1	4.75	26.5	17
2007-08-29	0	4.5	24.5	15.5
2007-08-30	6.9	3.01	24	15.5
2007-08-31	0.1	2.2	22	16
2007-09-01	2.5	3.48	24.5	16
2007-09-02	14	1.91	24.5	16
2007-09-03	0	3.2	26	16
2007-09-04	0	4.1	28	16
2007-09-05	0	5.15	28.5	16.5
2007-09-06	1.5	4.85	28.5	13
2007-09-07	1	0.85	22.5	13
2007-09-08	0.3	2.35	24.5	14
2007-09-09	0	4.7	27.5	15
2007-09-10	0.6	4.16	27	15.5
2007-09-11	0.2	2.32	26	15.5
2007-09-12	0	3.07	25	16
2007-09-13	0	4.95	28.5	14.5
2007-09-14	0	5.25	27.5	15.5
2007-09-15	0.2	5.25	26	16.5
2007-09-16	0	5.75	26	12
2007-09-17	0	4.05	27	11
2007-09-18	0	3.47	27	11
2007-09-19	0	4.91	27.5	12.5
2007-09-20	0	3.32	26	16
2007-09-21	0.01	4.4	29	12
2007-09-22	0	4.16	26.5	9
2007-09-23	0	4.27	27	9.5
2007-09-24	0	4.03	31	10
2007-09-25	0	4.34	28	9
2007-09-26	0	3.6	27.5	9
2007-09-27	21	6	25.5	11.5
2007-09-28	8.7	1.34	20	15.5
2007-09-29	0.7	4.36	25.5	15.5
2007-09-30	0	2.97	25	14.5
2007-10-01	0	2.68	23	12
2007-10-02	0	3.95	27	12
2007-10-03	0	3.87	28	11
2007-10-04	0	4.03	28	12
2007-10-05	0	3.23	28	9.5
2007-10-06	0	3.85	29	9.5
2007-10-07	0	4.28	29	13
2007-10-08	0.01	4.06	27	13.5
2007-10-09	33.5	4.4	21	12.5
2007-10-10	4.6	1.38	20	12.5
2007-10-11	0.01	3.5	24.5	14.5
2007-10-12	0	3.35	25.5	11
2007-10-13	0	2.8	27.5	8.5
2007-10-14	0	3.9	28	9
2007-10-15	0	3.3	28.5	7.5
2007-10-16	0	3.6	27.5	7.5
2007-10-17	0	3.25	29.5	8
2007-10-18	0	3.85	30	10.5
2007-10-19	0	2.73	26	12
2007-10-20	0.2	1.72	21	15
2007-10-21	0	2.96	28	14.5
2007-10-22	3.9	4.24	29	14.5
2007-10-23	0.1	1.35	12	8
2007-10-24	0	3.6	20	5
2007-10-25	0	2.79	21.5	0.5
2007-10-26	0	3.08	24.5	1
2007-10-27	0	3.38	21.5	1.5
2007-10-28	0	1.95	16	2
2007-10-29	0	2.55	17	8
2007-10-30	0	2.3	22.5	6
2007-10-31	0	3.13	26	4
2007-11-01	0	2.82	24.5	3.5
2007-11-02	0	3.3	25	3.5
2007-11-03	0	3.4	23.5	7.5
2007-11-04	0	2.05	22.5	10
2007-11-05	0.01	3.32	24	3.5
2007-11-06	0.8	2.5	22.5	3
2007-11-07	0	2.88	20	3.5
2007-11-08	0	2.2	23.5	6
2007-11-09	0	2.2	23	6
2007-11-10	0	2.35	24	3
2007-11-11	0	2.45	25	3
2007-11-12	0	2.4	25.5	4
2007-11-13	0	3.35	22.5	4
2007-11-14	0	1.65	26	6
2007-11-15	0	0.71	16	6.5
2007-11-16	0.01	1.89	21.5	6.5
2007-11-17	0	2.28	27	7.5
2007-11-18	2.8	1.77	22	8
2007-11-19	0	2.2	21.5	11
2007-11-20	0	1.65	22.5	10.5
2007-11-21	0.5	1.55	25	8.5
2007-11-22	0.3	2.2	25	8.5
2007-11-23	1.9	1.55	22.5	9
2007-11-24	0	1.52	23	9.5
2007-11-25	0	1.88	24	8.5
2007-11-26	0	2.41	25.5	6.5
2007-11-27	0	1.73	19.5	6.5
2007-11-28	0	1.93	24.5	10.5
2007-11-29	0	2.68	23	11.5
2007-11-30	0.01	2.41	26	10
2007-12-01	0	1.63	25	9
2007-12-02	0	2.38	27.5	7
2007-12-03	0.1	1.57	18.5	7
2007-12-04	0	2.06	23	5.5
2007-12-05	0.4	1.25	18	6
2007-12-06	0	1.8	23	6
2007-12-07	0	1.9	25	4.5
2007-12-08	0	0.25	24.5	4.5
2007-12-09	0	3.84	26	5
2007-12-10	0	1.81	23	8
2007-12-11	0	1.8	26	8
2007-12-12	0	1.9	24	6.5
2007-12-13	0	2.15	24	6.5
2007-12-14	0	1.6	25	6
2007-12-15	0	2.8	26	6
2007-12-16	0	1.45	26	6
2007-12-17	0	1.85	24.5	4
2007-12-18	0	2.05	26.5	4.5
2007-12-19	0	2.15	27	5
2007-12-20	0	1.94	28	5
2007-12-21	0	0.99	27.5	5
2007-12-22	0	2.08	28	5.5
2007-12-23	0	4.34	21.5	6.5
2007-12-24	0	2.33	25.5	7
2007-12-25	0	0.32	24	5
2007-12-26	0	2.02	24.5	5
2007-12-27	0	2.12	25	7
2007-12-28	0.01	2.55	28	7
2007-12-29	0	1.45	27	7
2007-12-30	0	2.25	27	6
2007-12-31	0	2.7	26.5	4
2008-01-01	0	2.95	20	4
2008-01-02	0	0.61	9	4.5
2008-01-03	0	1.5	11.5	2.5
2008-01-04	0	1.68	21.5	4.5
2008-01-05	0	2.14	23.5	1
2008-01-06	0	1.17	25.5	1.5
2008-01-07	0	1.96	26.5	2.5
2008-01-08	0	1.81	26	4
2008-01-09	0	2.39	25.5	4
2008-01-10	0	2.52	25	5
2008-01-11	0	1.9	25	4.5
2008-01-12	0	2.55	26	5
2008-01-13	0	2.1	22	5
2008-01-14	0.01	2.3	22.5	7.5
2008-01-15	0	2.31	22.5	7.5
2008-01-16	0	3.22	24.5	7.5
2008-01-17	0	1.85	23.5	5
2008-01-18	0	2.31	24	4.5
2008-01-19	0	1.52	21	5
2008-01-20	0	1.12	16	4
2008-01-21	0	3.72	25	1.5
2008-01-22	0	1.66	27	2
2008-01-23	0	2.97	27.5	4
2008-01-24	0	2.7	27	6
2008-01-25	0	3.02	26	6
2008-01-26	0	2.55	25.5	6.5
2008-01-27	0	2.75	24.5	6.5
2008-01-28	0	2.7	26.5	5.5
2008-01-29	0	3.4	27	6
2008-01-30	0	2.84	27.5	7
2008-01-31	0	3.74	28	6.5
2008-02-01	0	3.02	25	6.5
2008-02-02	0	2.8	27.5	5.5
2008-02-03	0	3.05	27.5	5.5
2008-02-04	0	3.13	27.5	6
2008-02-05	0	3.77	28	5
2008-02-06	0	3.42	23.5	5.5
2008-02-07	0	3.41	26	5
2008-02-08	0.5	3.27	27	5
2008-02-09	1.7	2.6	26.5	5.5
2008-02-10	0.2	2.5	21.5	6
2008-02-11	0.2	2.19	22.5	6.5
2008-02-12	0	2.4	24.5	7
2008-02-13	0	3.52	19.5	7
2008-02-14	0	3.31	28	3.5
2008-02-15	0	3.48	29	4
2008-02-16	0	3.85	30	6
2008-02-17	0	4.8	30	6
2008-02-18	0	4.59	29	6
2008-02-19	0.01	2.47	28.5	6
2008-02-20	0	4.93	29.5	6.5
2008-02-21	0	3.11	30	7.5
2008-02-22	0	5.67	30	7
2008-02-23	0	3.4	30.5	7
2008-02-24	0	3.69	31	7
2008-02-25	0	4.19	31.5	5
2008-02-26	0	6.25	30	5.5
2008-02-27	0	2.79	18.5	7
2008-02-28	0	4.64	27	1.5
2008-02-29	0	3.83	29	2
2008-03-01	0	4.05	25.5	6.5
2008-03-02	0	4.19	29.5	9
2008-03-03	0	5.79	28.5	9
2008-03-04	0	3.77	26.5	9.5
2008-03-05	0	6.09	29	10
2008-03-06	0	6.37	27.5	8.5
2008-03-07	0	5.23	26.5	6.5
2008-03-08	0	3.37	21	6
2008-03-09	0	4.1	25.5	1.5
2008-03-10	0	3.79	26	2
2008-03-11	0	2.66	23.5	6
2008-03-12	0	3.4	28.5	6.5
2008-03-13	0	6.2	29	7
2008-03-14	0	5.24	30	7
2008-03-15	0	5.29	31	7
2008-03-16	0	5.37	31.5	6.5
2008-03-17	0	5.59	32.5	7
2008-03-18	0	4.56	29	9
2008-03-19	0	3.8	23	11.5
2008-03-20	0	4.91	23	9.5
2008-03-21	0	4.69	29	4
2008-03-22	0	5.4	31	4.5
2008-03-23	0.3	4.15	30	6.5
2008-03-24	0	2.35	17	7
2008-03-25	0	4.7	29	7
2008-03-26	0	5.25	30	7.5
2008-03-27	0	5.5	31	7.5
2008-03-28	0	6.13	32.5	8
2008-03-29	0	5.97	33	10
2008-03-30	0	5.33	33.5	12
2008-03-31	0	6.18	34	10.5
2008-04-01	0	5.3	34.5	10
2008-04-02	0	5.72	33	10
2008-04-03	0	5.54	34	10
2008-04-04	0	6.51	33.5	10.5
2008-04-05	0	5.95	31	11
2008-04-06	0	6.85	31.5	11
2008-04-07	0	6.58	32.5	11
2008-04-08	0	6.22	33.5	11
2008-04-09	0	7.25	33.5	11
2008-04-10	0	6.75	34	12
2008-04-11	0	8.3	34.5	12
2008-04-12	2.9	5.85	28	12.5
2008-04-13	0.01	1.05	15	13
2008-04-14	0	4.89	20	10
2008-04-15	0	4.51	27	6
2008-04-16	0	4.84	30.5	6
2008-04-17	0	5.16	32	7
2008-04-18	0	5.9	33	9
2008-04-19	0	5.7	32.5	11
2008-04-20	0	6.4	34	11
2008-04-21	0	6.63	35.5	12
2008-04-22	0	6.92	36	12.5
2008-04-23	0	6.73	35	12.5
2008-04-24	0	6.88	35	12.5
2008-04-25	0	7.24	35	12.5
2008-04-26	2.8	6.1	34	14
2008-04-27	0.2	4.67	31	12.5
2008-04-28	0	2.31	19	12.5
2008-04-29	0.2	4.89	29.5	10
2008-04-30	0	6.23	32	10
2008-05-01	0	6.39	31	10
2008-05-02	0	6.55	32.5	10
2008-05-03	0.01	5.6	32.5	10.5
2008-05-04	0	6.1	31	11
2008-05-05	0	5.9	32	13
2008-05-06	0	6.6	32	13
2008-05-07	0	5.15	32	13
2008-05-08	0	6.4	34	14
2008-05-09	0	7.9	36.5	16
2008-05-10	0	7.27	37	13
2008-05-11	0	8.08	36	13
2008-05-12	0.01	7.03	35.5	15
2008-05-13	0.2	5.6	35.5	15.5
2008-05-14	0	5.85	32	16
2008-05-15	15	5.38	31	14
2008-05-16	11.4	4.89	29	14
2008-05-17	2.5	4.15	23	13
2008-05-18	0.8	4.69	28	13
2008-05-19	0.01	4.95	29.5	14
2008-05-20	3	2.12	23	14
2008-05-21	10.3	3.97	29.5	12.5
2008-05-22	0	6.89	30	11.5
2008-05-23	0	6.98	32.5	11.5
2008-05-24	0	6.3	32	12
2008-05-25	0	5.9	31.5	13
2008-05-26	0	5.9	31	14
2008-05-27	0	6.48	29	14.5
2008-05-28	0	5.3	26	12.5
2008-05-29	0	6.1	26	11.5
2008-05-30	0	6.31	29	11.5
2008-05-31	0	6.56	29	12.5
2008-06-01	0	6.71	29	12.5
2008-06-02	0	6.44	29	14
2008-06-03	0	6.17	29	13.5
2008-06-04	0	6.23	32	13
2008-06-05	0	6.43	34	13
2008-06-06	0.6	6	31	14.5
2008-06-07	2.6	2.65	25	16
2008-06-08	0.1	3.1	27.5	17
2008-06-09	13.7	4.43	26	17
2008-06-10	0.01	2.28	27	16.5
2008-06-11	4.7	5.9	28	16
2008-06-12	0	5.43	28.5	15.5
2008-06-13	0	5.17	30.5	15
2008-06-14	0	7.1	29	13.5
2008-06-15	0.01	4.35	29	14
2008-06-16	1.5	4.07	29.5	14.5
2008-06-17	0	5.9	30.5	13.5
2008-06-18	0	6.85	31	13.5
2008-06-19	0	6.98	31	12.5
2008-06-20	0	6.22	31	12.5
2008-06-21	0	5.75	28.5	12.5
2008-06-22	0	6.46	28	13.5
2008-06-23	0	6.16	29.5	13.5
2008-06-24	0	6.13	27	13
2008-06-25	0	5.91	26.5	13.5
2008-06-26	0	5.68	27.5	13.5
2008-06-27	0	5.23	30	13.5
2008-06-28	0	5.67	28.5	13.5
2008-06-29	0.01	3.5	26	15
2008-06-30	0	5.48	26	15.5
2008-07-01	0	1.95	24.5	15.5
2008-07-02	0.7	2.7	24.5	17
2008-07-03	15.1	5.31	30	17
2008-07-04	0	3.68	26	16
2008-07-05	0	3.37	27	16
2008-07-06	4.5	3.1	28	17
2008-07-07	10.6	3.03	25	17
2008-07-08	38	2.22	19.5	17
2008-07-09	3.2	2.18	21	16
2008-07-10	0.7	4.35	23.5	15.5
2008-07-11	0	5.23	25.5	14
2008-07-12	0.1	4.62	26	13
2008-07-13	0	6.12	27	13
2008-07-14	0	5.46	28	14
2008-07-15	0	6.14	29	14.5
2008-07-16	0	6.05	27.5	13
2008-07-17	0	4.65	30	13
2008-07-18	0.3	4.39	29.5	13.5
2008-07-19	0	7.74	28.5	13
2008-07-20	0	2.96	24.5	15
2008-07-21	0	6.03	26.5	11
2008-07-22	0	3.98	28	11
2008-07-23	5.1	4.52	30.5	13.5
2008-07-24	0	4.16	29.5	13.5
2008-07-25	0	5.56	28	15
2008-07-26	0	3.88	25.5	12.5
2008-07-27	21.1	5.81	30	12
2008-07-28	0	5.49	29.5	12.5
2008-07-29	0	4.44	30.5	14.5
2008-07-30	0.6	6.49	31.5	15.5
2008-07-31	0	3.89	31	15.5
2008-08-01	0	5.61	30	16
2008-08-02	1.5	4.93	27.5	14
2008-08-03	0	5.68	26.5	13.5
2008-08-04	0	5.38	28.5	13.5
2008-08-05	0	4.95	27	13.5
2008-08-06	0	5.33	26.5	13.5
2008-08-07	0	5.12	28.5	14.5
2008-08-08	0	6.18	29	15
2008-08-09	0	6.12	29.5	13.5
2008-08-10	0	5.75	31	13
2008-08-11	9.3	5.15	32	13.5
2008-08-12	3	5.12	32	13
2008-08-13	0	5.39	30.5	13
2008-08-14	0	4.24	30	14
2008-08-15	0	5.94	30	15
2008-08-16	23.3	5.14	29	15
2008-08-17	0	4.49	28	15
2008-08-18	0	4.01	26.5	17
2008-08-19	37.3	3.04	25.5	17
2008-08-20	38	3.12	28	17
2008-08-21	3.5	3.2	27.5	16
2008-08-22	0	3.95	27	16
2008-08-23	3.3	4.53	27.5	18
2008-08-24	8.8	4.56	27	17
2008-08-25	5.9	2.76	25	17
2008-08-26	14.9	3.1	25	18
2008-08-27	0	4.15	26.5	18
2008-08-28	0	3.93	26	18
2008-08-29	0.3	2.54	23	15
2008-08-30	0	4.28	24	15
2008-08-31	0	4.7	25	14
2008-09-01	0	5.18	28.5	14.5
2008-09-02	0	4.82	28	15.5
2008-09-03	0	5.36	28.5	14.5
2008-09-04	0	5.46	26	14
2008-09-05	0	4.46	25	14
2008-09-06	0.3	4.02	25	16
2008-09-07	22.2	1.85	19	16
2008-09-08	12	2.65	23.5	17.5
2008-09-09	3	2.45	24	17.5
2008-09-10	0	3.89	27	18.5
2008-09-11	0	4.63	28	18.5
2008-09-12	0.5	4.08	29	18.5
2008-09-13	5.3	4.9	29	20
2008-09-14	4.5	0.75	NULO	NULO
2008-09-15	0.3	1.67	22	17
2008-09-16	0	2.83	20	17
2008-09-17	0	3.3	21	16.5
2008-09-18	0	3.4	22	16.5
2008-09-19	0	3.57	24	14
2008-09-20	0	3.86	21	13.5
2008-09-21	0.2	2.19	20	18
2008-09-22	0	3.75	22.5	18
2008-09-23	2.4	4.53	23	18
2008-09-24	5.2	2.51	21	18.5
2008-09-25	4.4	1.52	NULO	NULO
2008-09-26	0	3.26	19.5	15
2008-09-27	0	3.71	21	15
2008-09-28	0	4.14	21	15
2008-09-29	0	4.29	21	10.5
2008-09-30	0	3.82	19.5	8
2008-10-01	0	3.95	20.5	8
2008-10-02	0	4.25	21.5	7.5
2008-10-03	0	4.66	23	7.5
2008-10-04	0	3.63	23	10
2008-10-05	0	2.61	24.5	12
2008-10-06	0	3.11	27	15
2008-10-07	1.5	2.19	21.5	15
2008-10-08	2.8	2.29	19.5	16.5
2008-10-09	0	2.64	21	18
2008-10-10	0	3.11	24.5	13
2008-10-11	0	3.05	25	13
2008-10-12	0	2.62	25	17
2008-10-13	0	4.41	24	18
2008-10-14	0	3.52	23	14
2008-10-15	0	3.6	25	14.5
2008-10-16	1.8	1.92	20	14.5
2008-10-17	0.6	1.63	NULO	NULO
2008-10-18	1	1.71	NULO	NULO
2008-10-19	0	0.62	NULO	NULO
2008-10-20	0	2.56	18.5	14.5
2008-10-21	0	3.34	23.5	9
2008-10-22	0	2.85	28	9
2008-10-23	0	2.77	23	5.5
2008-10-24	0	2.8	26	6
2008-10-25	0	3.69	28.5	7.5
2008-10-26	0	3.19	27	7
2008-10-27	1.2	1.12	18	6
2008-10-28	0	0.84	13	8.5
2008-10-29	0	2.68	21	3.5
2008-10-30	0	2.7	23	3.5
2008-10-31	0	2.13	19	6.5
2008-11-01	0	1.05	20	6
2008-11-02	0	2.55	22.5	7
2008-11-03	0	2.92	25.5	5
2008-11-04	0	2.92	26	5
2008-11-05	0	2.54	27.5	5.5
2008-11-06	0	2.49	28	6.5
2008-11-07	0	3.18	27	7
2008-11-08	0	2.15	25.5	9
2008-11-09	0	2.13	26.5	7.5
2008-11-10	0	2.25	27	8
2008-11-11	0	2.47	28	8
2008-11-12	0	2.35	28	8.5
2008-11-13	0	2.79	27.5	8.5
2008-11-14	0	2.46	27.5	7
2008-11-15	0	1.65	17	7
2008-11-16	0	2.15	17.5	5
2008-11-17	0	2.18	20.5	6
2008-11-18	0	2.32	16	1
2008-11-19	0	1.85	19	1.5
2008-11-20	0	1.75	20	3
2008-11-21	0	1.58	14.5	4.5
2008-11-22	0	1.47	16	7.5
2008-11-23	0	2.02	20	7.5
2008-11-24	0	2.56	22	8.5
2008-11-25	0	1.79	17	13.5
2008-11-26	0	2.28	25	12.5
2008-11-27	0	1.94	26.5	5
2008-11-28	0	2.26	27.5	5
2008-11-29	0	3.05	26.5	5.5
2008-11-30	0	2.84	24.5	6
2008-12-01	0	2.86	23.5	5.5
2008-12-02	0	1.33	22.5	4
2008-12-03	0	1.79	24	2
2008-12-04	0	1.98	20	2.5
2008-12-05	0	1.8	22.5	5
2008-12-06	0	1.85	23.5	5
2008-12-07	0	1.07	21.5	5.5
2008-12-08	0	1.43	23	6.5
2008-12-09	0	2.57	24.5	7
2008-12-10	0	2.23	23.5	7
2008-12-11	0	1.75	19	1
2008-12-12	0	2.18	18.5	1.5
2008-12-13	0	1.52	21.5	1.5
2008-12-14	0	1.7	23.5	2
2008-12-15	0	2.12	23	4.5
2008-12-16	0	1.57	22	4.5
2008-12-17	0	1.44	22	6
2008-12-18	0	1.57	23	6.5
2008-12-19	0	1.89	24.5	8
2008-12-20	0	2.22	23	6
2008-12-21	0	2.08	22	3
2008-12-22	0	1.62	17	3
2008-12-23	0	1.82	21.5	6
2008-12-24	0	1.5	22	6.5
2008-12-25	0	1.99	22	6.5
2008-12-26	0	1.87	22	7
2008-12-27	0	1.72	23	7
2008-12-28	0	1.85	22	8
2008-12-29	0	2.05	19	10
2008-12-30	0	2	21	9
2008-12-31	0	2.45	22	8
2009-01-01	0	1.63	20.5	8.5
2009-01-02	0	1.96	22.5	6
2009-01-03	0	1.9	23	6.5
2009-01-04	0	2.16	23	8
2009-01-05	0	1.98	23.5	9
2009-01-06	0	2.95	24.5	9
2009-01-07	0	1.95	22.5	8
2009-01-08	0	2.37	23.5	6
2009-01-09	0	1.85	24	6
2009-01-10	0	2.49	24.5	5.5
2009-01-11	0	1.29	21.5	5
2009-01-12	0	2.16	20.5	10
2009-01-13	0	1.07	13.5	11
2009-01-14	1	1.96	19.5	5
2009-01-15	5.8	0.8	15	5
2009-01-16	7.3	0.23	12.5	9
2009-01-17	0	2.4	16.5	9.5
2009-01-18	0	2.09	18	11
2009-01-19	0	1.83	20.5	6
2009-01-20	0	2.49	17.5	6
2009-01-21	0	2.06	18	5.5
2009-01-22	0	2.4	21	5.5
2009-01-23	0	1.8	22	4
2009-01-24	0	3.38	22.5	5
2009-01-25	0	2.95	22.5	6
2009-01-26	0	2.9	24.5	7
2009-01-27	0	2.75	25	7
2009-01-28	0	3.2	27	7.5
2009-01-29	0	3.23	27	7
2009-01-30	0	1.82	14	7
2009-01-31	0	2.22	22.5	7
2009-02-01	0	2.88	26	6
2009-02-02	0	3.95	25	6
2009-02-03	0	2.17	20	7
2009-02-04	0	2.68	19	7
2009-02-05	0	2.85	18	7
2009-02-06	0	3.08	21	4
2009-02-07	0	2.62	23.5	3.5
2009-02-08	0	2.42	25.5	2
2009-02-09	0	2.83	28	2.5
2009-02-10	0	3.55	28	5
2009-02-11	0	3.55	27	5
2009-02-12	0	3.05	26.5	6.5
2009-02-13	0	3.55	29	5
2009-02-14	0	3.65	28.5	5
2009-02-15	0	3.45	29	6
2009-02-16	0	3.53	27	8.5
2009-02-17	0	3.36	28.5	8.5
2009-02-18	0.1	3.91	31	8.5
2009-02-19	0	3.75	31	9.5
2009-02-20	0	3.06	22	9.5
2009-02-21	4	2.61	22	7.5
2009-02-22	0	2.73	16	7.5
2009-02-23	0	3.75	22.5	4
2009-02-24	0	3.94	26	0.5
2009-02-25	0	4.26	28.5	0.5
2009-02-26	0	4.69	30	0.5
2009-02-27	0	4.31	32	1.5
2009-02-28	0	5.1	32	3
2009-03-01	0	3.28	16	5
2009-03-02	0	4	24	0.5
2009-03-03	0	4.35	27.5	0
2009-03-04	0	4.09	29.5	0
2009-03-05	0	4.31	29	1.5
2009-03-06	0	4.03	29.5	3.5
2009-03-07	0	4.12	30.5	5
2009-03-08	0	3.99	31.5	6
2009-03-09	0	4.31	30	8
2009-03-10	0	3.97	31	7
2009-03-11	0	4.05	30	7.5
2009-03-12	0	4.19	25.5	9
2009-03-13	0	4.3	30.5	8.5
2009-03-14	0	4.22	31	8.5
2009-03-15	0	5.07	30	8.5
2009-03-16	0	4	24	10
2009-03-17	0	5.13	25.5	11
2009-03-18	0	4.25	28.5	9
2009-03-19	0	5.13	29	8.5
2009-03-20	0	2.34	22.5	8.5
2009-03-21	0	4.68	26.5	8
2009-03-22	0	4.52	28.5	6
2009-03-23	0	4.35	32	6
2009-03-24	0	6.78	34	7
2009-03-25	0	6.42	34	9
2009-03-26	0	6.4	33	11
2009-03-27	0	6.37	31	10.5
2009-03-28	0	6.34	30.5	10.5
2009-03-29	0	5.78	30	6.5
2009-03-30	0	6.31	32	6.5
2009-03-31	0	6.11	33	7
2009-04-01	0	7.22	34	10
2009-04-02	0	6.78	32	11
2009-04-03	0	6.27	34	10
2009-04-04	0	6.55	34.5	10
2009-04-05	0	6.85	35	11
2009-04-06	0	4.5	19	12
2009-04-07	0	4.03	23	8
2009-04-08	0	5.69	32	7
2009-04-09	0	7.06	32	6.5
2009-04-10	0	7.02	34	9
2009-04-11	0.6	5.73	34	10.5
2009-04-12	0	5.17	34.5	10
2009-04-13	0	6.24	33.5	10
2009-04-14	0	5.75	30	10.5
2009-04-15	0	5.25	31.5	12
2009-04-16	0	5.73	33	11
2009-04-17	0	6.03	32.5	10.5
2009-04-18	0	5.29	32	10.5
2009-04-19	0	5.89	29	11.5
2009-04-20	0	4.5	22	12.5
2009-04-21	0	5.66	27	10.5
2009-04-22	0.8	5.1	31	9.5
2009-04-23	0	6.09	33	8.5
2009-04-24	0	6.46	33.5	8.5
2009-04-25	0	6.2	34	9
2009-04-26	0	5.95	34	9.5
2009-04-27	0	6	35	11
2009-04-28	0	6.1	31	11
2009-04-29	0	6.54	32	12
2009-04-30	2.8	7.81	33.5	10
2009-05-01	0	6.65	33	9
2009-05-02	0	6.2	34.5	9
2009-05-03	0	6.33	35.5	11
2009-05-04	0	5.62	36	12
2009-05-05	0	6.24	35	13.5
2009-05-06	0	6.31	36	11
2009-05-07	0	6.89	29.5	11.5
2009-05-08	0	5.59	34.5	11.5
2009-05-09	0	7.44	35	10.5
2009-05-10	0	5.95	31	10.5
2009-05-11	0	5.54	31	13.5
2009-05-12	0	5.89	32	14
2009-05-13	0.1	5.73	32.5	14
2009-05-14	0	5.61	33.5	14
2009-05-15	5.7	6.49	33.5	17
2009-05-16	3.8	5.86	30	16
2009-05-17	0.2	3.78	22.5	15
2009-05-18	0.6	3.25	20.5	14
2009-05-19	0	4.22	22	13.5
2009-05-20	0	5.14	27	12
2009-05-21	4.8	3.63	29.5	12.5
2009-05-22	0	5.11	30	12.5
2009-05-23	0	6.3	30.5	12.5
2009-05-24	0	5.58	33	12
2009-05-25	0	6.28	33	13
2009-05-26	0	6.61	34.5	13.5
2009-05-27	0	6.34	34	13.5
2009-05-28	1.5	6.62	34	14
2009-05-29	0.4	5.07	31.5	14.5
2009-05-30	23.9	5.27	31	14.5
2009-05-31	0.8	4.5	28.5	13.5
2009-06-01	1.3	4.74	30.5	14
2009-06-02	0.8	5.43	30.5	14.5
2009-06-03	0	5.19	29.5	11.5
2009-06-04	0	6.14	29	11.5
2009-06-05	0	6.1	28.5	11.5
2009-06-06	0	6.08	31.5	10
2009-06-07	0	6.59	33.5	10
2009-06-08	0	6.7	34	11
2009-06-09	0	5.84	33.5	13
2009-06-10	0	5.22	34	14
2009-06-11	0	6.11	34	14
2009-06-12	0	6.43	32.5	15
2009-06-13	0	6.8	32.5	14.5
2009-06-14	0	6.66	31.5	14.5
2009-06-15	0	6.29	34	13.5
2009-06-16	0	6.3	31.5	13.5
2009-06-17	0	4.68	31.5	16
2009-06-18	0	5.84	29	16
2009-06-19	0	6.3	28.5	15.5
2009-06-20	4.9	5.83	28.5	16
2009-06-21	0	5.49	26	16
2009-06-22	0	5.31	26.5	15.5
2009-06-23	0	2.6	27.5	16
2009-06-24	0	5.95	31.5	13.5
2009-06-25	0	5.57	30.5	13.5
2009-06-26	0	4.83	31	17.5
2009-06-27	0	5.01	31.5	15.5
2009-06-28	0	4.89	31	15.5
2009-06-29	24.9	6.67	32	16
2009-06-30	37	4.4	31.5	15.5
2009-07-01	0	5.68	29	15.5
2009-07-02	1.2	3.21	27	16
2009-07-03	0	5.87	28.5	16.5
2009-07-04	9.1	3.34	28.5	17
2009-07-05	0.01	3.95	29	15
2009-07-06	0	6.31	31.5	14
2009-07-07	0	6.04	31.5	12.5
2009-07-08	0	6.2	31	12.5
2009-07-09	0	6.75	29	12.5
2009-07-10	2.2	4.55	27.5	14.5
2009-07-11	0	5.55	26.5	16.5
2009-07-12	0	5.71	25.5	14.5
2009-07-13	0	5.48	29	13.5
2009-07-14	0	6.18	30	14
2009-07-15	0	5.99	31	14.5
2009-07-16	0	5.51	31	13.5
2009-07-17	0	5.54	30.5	12.5
2009-07-18	0	5.06	31	13
2009-07-19	0	5.69	31	14
2009-07-20	0	5.41	32	14.5
2009-07-21	0	5.63	33	10.5
2009-07-22	0	5.16	33.5	11
2009-07-23	0	6.14	30.5	14
2009-07-24	0	6.09	31.5	13.5
2009-07-25	0	5.93	30	13.5
2009-07-26	0	4.47	31	14.5
2009-07-27	0	5.41	30	12.5
2009-07-28	1.2	3.4	31	13
2009-07-29	0	5.3	32.5	12.5
2009-07-30	0	6.26	32	12
2009-07-31	0	5.87	30.5	13.5
2009-08-01	0	4.76	28.5	13.5
2009-08-02	0	6.12	29	13.5
2009-08-03	0	6.29	28	16
2009-08-04	0	6.01	28	13.5
2009-08-05	0	5.93	29	13.5
2009-08-06	0	6.02	29.5	12.5
2009-08-07	0	5.6	30.5	12
2009-08-08	0	5.66	30.5	12
2009-08-09	2.6	3.76	30	13.5
2009-08-10	0	5.35	29	15.5
2009-08-11	0	5.73	29	12.5
2009-08-12	0	6	29.5	12
2009-08-13	0	6.23	30.5	11.5
2009-08-14	0	5.65	31.5	11.5
2009-08-15	0	6.02	31.5	12.5
2009-08-16	0	6.1	32.5	12
2009-08-17	0	5.79	30	12.5
2009-08-18	0	4.62	27.5	13.5
2009-08-19	0.1	5.02	31	14.5
2009-08-20	0	4.86	32	17
2009-08-21	0.2	4.28	29.5	16
2009-08-22	0	6.15	29.5	16.5
2009-08-23	0	6.03	28.5	12.5
2009-08-24	0	5.8	29.5	10.5
2009-08-25	0	5.4	29	11
2009-08-26	0	5.68	30	12.5
2009-08-27	0	4.8	30	15
2009-08-28	0	5.32	29	13
2009-08-29	59.1	4.5	27.5	13
2009-08-30	1.4	3.14	25	15.5
2009-08-31	0	1.69	25	15.5
2009-09-01	0.5	5.49	26.5	15
2009-09-02	0	5.63	26.5	15
2009-09-03	0	4.43	30.5	16
2009-09-04	0.4	3.36	28	17
2009-09-05	3.6	1.36	23.5	17
2009-09-06	2.2	3.9	27	16.5
2009-09-07	0	3.07	29	16
2009-09-08	0	3.66	30	16
2009-09-09	0	4.25	30.5	16.5
2009-09-10	1.2	2.6	29.5	17.5
2009-09-11	8.8	3.97	30.5	16.5
2009-09-12	0	5.7	30	16
2009-09-13	18.2	3.33	30	15.5
2009-09-14	18.5	3.22	30	15.5
2009-09-15	0.01	1.92	26	15.5
2009-09-16	0	3.63	27	15.5
2009-09-17	0	4.72	27.5	12
2009-09-18	0	2.33	25.5	12
2009-09-19	0	5.19	27	17
2009-09-20	0	3.63	27.5	13
2009-09-21	0	4.84	29	13
2009-09-22	3	4.75	28	14
2009-09-23	0.9	1.57	22	14.5
2009-09-24	1.5	1.55	22.5	15.5
2009-09-25	8.5	1.79	22	16
2009-09-26	10.3	1.86	23	16
2009-09-27	0.2	3.22	25.5	16
2009-09-28	0	4.68	29	16
2009-09-29	0	4.37	27	15
2009-09-30	0	4.57	28.5	15
2011-01-01	0	2.11	25	3
2011-01-02	0	2.29	25.5	4
2011-01-03	0	2.35	26	4
2011-01-04	0	2.8	27	4
2011-01-05	0	2.85	27.5	4.5
2011-01-06	0	1.88	27	5
2011-01-07	0	2.26	28	5.5
2011-01-08	0	2.99	28	5
2011-01-09	0	4.12	28	6
2011-01-10	0	2.25	27	4.5
2011-01-11	0	2.2	21.5	4
2011-01-12	0	2.03	17	5
2011-01-13	0	1.74	18.5	7
2011-01-14	0	2.28	24	2.5
2011-01-15	0	1.8	22.5	2.5
2011-01-16	0	2.08	24	2.5
2011-01-17	0	2.55	26	4
2011-01-18	0	1.9	28	2.5
2011-01-19	0	3.53	26.5	2
2011-01-20	0	3.27	28.5	2
2011-01-21	0	3.08	27	1
2011-01-22	0	2.79	25	5.5
2011-01-23	0	3.12	28	2
2011-01-24	0	3.48	28	2
2011-01-25	0	3.14	27	3
2011-01-26	0	2.26	24.5	4
2011-01-27	0	2.4	25	4
2011-01-28	0	3.02	26	4
2011-01-29	0	2.91	26.5	4
2011-01-30	0	2.78	28	5
2011-01-31	0	3.17	29.5	6
2011-02-01	0	3.08	29	5.5
2011-02-02	0	3.02	24	7
2011-02-03	0	2.7	26	5.5
2011-02-04	0	3.92	28	5.5
2011-02-05	0	3.4	27	6.5
2011-02-06	0	3.34	27.5	10.5
2011-02-07	0	2.34	25	5.5
2011-02-08	0	2.52	28	3
2011-02-09	0	4.04	29.5	2.5
2011-02-10	0	3.76	27	8
2011-02-11	0	2.93	30	8
2011-02-12	0	1.57	16	7
2011-02-13	0	1.75	21	6
2011-02-14	0	3.3	28	1.5
2011-02-15	0	3.55	29	0.5
2011-02-16	0	3.58	29.5	0
2011-02-17	0	3.9	31	1.5
2011-02-18	0	4.19	31	2
2011-02-19	0	3.98	29.5	1
2011-02-20	0	3.4	30.5	4
2011-02-21	0	3.9	31	6.5
2011-02-22	0	4.3	30.5	6
2011-02-23	0	3.13	31	7
2011-02-24	0	3.82	30.5	7
2011-02-25	0	3.3	29	8
2011-02-26	0	3	31	9
2011-02-27	0	3.05	31	9.5
2011-02-28	0	3.4	31.5	9
2011-03-01	0	4.1	28	9
2011-03-02	0	4.21	29	4
2011-03-03	0	4.35	30.5	5
2011-03-04	0	4.43	31.5	6
2011-03-05	0	4.8	32	7
2011-03-06	0	4.21	27	7
2011-03-07	0	4.52	30.5	6.5
2011-03-08	0	5.33	31	6
2011-03-09	0	5.1	32	6.5
2011-03-10	0	4.08	22	6
2011-03-11	0	4.17	28	3
2011-03-12	0	4.6	31	3
2011-03-13	0	4.05	32	4.5
2011-03-14	0	5.27	30.5	6
2011-03-15	0	4.18	29.5	8
2011-03-16	0	4.82	29	9
2011-03-17	0	4.02	30	6.5
2011-03-18	0	3.76	29.5	6
2011-03-19	0	4.5	30	6
2011-03-20	0	4.55	31	6
2011-03-21	0	4.9	29	6
2011-03-22	0	4.93	31.5	6
2011-03-23	0	5.09	33	6
2011-03-24	0	5.06	32	6.5
2011-03-25	0	4.98	33.5	7
2011-03-26	0	4.02	33.5	7.5
2011-03-27	0	5.83	34	8.5
2011-03-28	0	5.99	34	11.5
2011-03-29	0	4.24	34	11
2011-03-30	0	4.75	34.5	11
2011-03-31	0	5.58	33.5	10
