COMISIÓN NACIONAL DEL AGUA
COORDINACIÓN GENERAL DEL SERVICIO METEOROLÓGICO NACIONAL
BASE DE DATOS CLIMATOLÓGICA NACIONAL 

REGISTRO DIARIO HISTÓRICO
EMISIÓN   : 11/09/2026 

DATOS DISPONIBLES EN LA BASE DE DATOS A: SEPTEMBER DE 2026; 
CON LA INFORMACIÓN SUMINISTRADA POR LAS UNIDADES ADMINISTRATIVAS 

 ESTACIÓN   : 13164 
 NOMBRE     : CAHUAZAS 
 ESTADO     : HIDALGO 
 MUNICIPIO  : CHAPULHUACÁN 
 SITUACIÓN  : SUSPENDIDA 
 U. ADMNVA. : DIRECCIÓN LOCAL HIDALGO 
 CVE-OMM    :   
 LATITUD    : 21.14083333 ° 
 LONGITUD   : -98.85416667 ° 
 ALTITUD    : 293 msnm 




FECHA		PRECIP	EVAP	TMAX	TMIN
		(mm)	(mm)	(°C )	(°C)
2007-05-01	0	3.11	29	20
2007-05-02	0	3.75	38.5	20
2007-05-03	0	0.71	39.5	20
2007-05-04	0	5.89	38.5	20
2007-05-05	0	4.53	37.5	20.5
2007-05-06	0	6.47	39.5	20.4
2007-05-07	0	4.73	38	19.5
2007-05-08	0	2.79	39	20
2007-05-09	0	3.64	38	20
2007-05-10	0	3.15	39	19
2007-05-11	15.2	5.57	38.5	19.5
2007-05-12	0	3.81	39	16
2007-05-13	0	4.22	38	19
2007-05-14	0	4.34	35	17
2007-05-15	0	4	32	17
2007-05-16	0	4.42	33	17.5
2007-05-17	0	7.12	34	18
2007-05-18	0	4.48	35	17
2007-05-19	0	5.03	36	17
2007-05-20	0	4.74	35.5	18
2007-05-21	0	4.29	35	17
2007-05-22	0	3.89	34	17
2007-05-23	0	3.13	36	17
2007-05-24	50.2	9.91	35.5	19.5
2007-05-25	32.9	4.76	36.5	18.5
2007-05-26	0	4.78	35.5	18
2007-05-27	2	6.11	35	18
2007-05-28	0	4.14	36	18
2007-05-29	0	5.93	35	18
2007-05-30	0	4.66	35	18.5
2007-05-31	0	6.25	35	18
2007-06-01	0	6.25	35.5	18.5
2007-06-02	0	5.64	35	18
2007-06-03	0	6.43	35.5	18
2007-06-04	0	6.17	35	17.5
2007-06-05	0	4.45	36	17.5
2007-06-06	0	4.78	36.5	18.5
2007-06-07	0	5.12	36.5	18
2007-06-08	28.2	5.54	36.5	18.5
2007-06-09	0	5.83	36	10.5
2007-06-10	1.9	4.19	36.5	19.5
2007-06-11	0	2.01	36	19.5
2007-06-12	0	2.79	36	19
2007-06-13	0	5.2	36.5	19.5
2007-06-14	0	5.64	36.5	19
2007-06-15	0	7.47	36.5	19
2007-06-16	0	5.38	36	18
2007-06-17	13.2	5.73	36.5	18.5
2007-06-18	0	7.59	36	22.5
2007-06-19	38.3	4.91	31.5	22.5
2007-06-20	42.5	6.61	36.5	18
2007-06-21	4.8	6.39	36	18
2007-06-22	0	4.17	36	18.5
2007-06-23	0	4.12	36.5	18
2007-06-24	0	3.45	36	18.5
2007-06-25	12.2	1.86	36.5	18
2007-06-26	0	3.12	36	18.5
2007-06-27	0	2.79	36.5	18.5
2007-06-28	0	3.45	36	18
2007-06-29	0	4.82	36.5	18.5
2007-06-30	0	4.94	36	18
2007-07-01	0	5.38	36	18
2007-07-02	0	1.08	36.5	18.5
2007-07-03	0	4.17	36	18
2007-07-04	0	4.63	36.5	18
2007-07-05	3.2	3.46	36.5	18.5
2007-07-06	0	2.74	36.5	18
2007-07-07	0	3.96	36	18.5
2007-07-08	0	4.11	36.5	18
2007-07-09	0	4.95	36	18.5
2007-07-10	0	3.09	36.5	18.5
2007-07-11	22.5	5.73	36.5	18.5
2007-07-12	0	5.69	36.5	17.5
2007-07-13	0	3.53	36	17
2007-07-14	0	4.91	36.5	17.5
2007-07-15	0	4.64	36.5	17
2007-07-16	3.2	0.45	36.5	17.5
2007-07-17	0	4.4	36	18
2007-07-18	0	3.18	36.5	18.5
2007-07-19	0	1.86	36.5	17.5
2007-07-20	27.3	4.62	36.5	18
2007-07-21	0	1.82	36	17.5
2007-07-22	0	3.95	36	17.5
2007-07-23	9.8	4.27	36.5	17
2007-07-24	0	0.37	36	17
2007-07-25	0	4.27	36	17
2007-07-26	0	4.05	36.5	17
2007-07-27	0	5.27	36	17
2007-07-28	0	3.74	36.5	17
2007-07-29	0	4.58	36.5	18
2007-07-30	21.8	4.04	37	23
2007-07-31	0	5.14	38	16.5
2007-08-01	0	4.62	37	16.5
2007-08-02	0	5.17	36.5	16.5
2007-08-03	33.6	4.86	37	16.5
2007-08-04	0	4.09	37.5	16.5
2007-08-05	0	3.54	36.5	16.5
2007-08-06	25.2	5.1	36	16.5
2007-08-07	42	4	36.5	16
2007-08-08	0	2.75	36.5	16
2007-08-09	0	3.54	36.5	16.5
2007-08-10	0	6.45	36	16
2007-08-11	0	4.83	36.5	16.5
2007-08-12	5.2	3.29	36.5	16
2007-08-13	0.01	4.1	36	17
2007-08-14	0	4.14	36.5	17.5
2007-08-15	0	3.66	36	17
2007-08-16	165.9	3.21	37	17.5
2007-08-17	24.2	4.1	36.5	17
2007-08-18	0	10.75	36.5	17
2007-08-19	0	2.92	36.5	17.5
2007-08-20	4.2	3.94	37	17
2007-08-21	22.7	3.35	36.5	16.5
2007-08-22	174.8	4.85	36	17
2007-08-23	24.8	3.15	36.5	17.5
2007-08-24	0	3.9	36.5	17
2007-08-25	0	3.11	36	16.5
2007-08-26	2.8	3.76	36.5	17.5
2007-08-27	14.7	4.78	36	16.5
2007-08-28	55.2	2.22	36	16
2007-08-29	18.8	1.97	36.5	16
2007-08-30	78.7	4.02	36	16
2007-08-31	0	3.27	36	16.5
2008-12-01	0	NULO	28	16
2008-12-02	0	NULO	27	15
2008-12-03	0	NULO	26	17
2008-12-04	0	NULO	26	13
2008-12-05	0	NULO	28.5	10
2008-12-06	0	NULO	25	16.5
2008-12-07	0	NULO	23	20
2008-12-08	0	NULO	21	19
2008-12-09	0	NULO	21	17
2008-12-10	0	NULO	20	15
2008-12-11	0	NULO	20	16
2008-12-12	0	NULO	20	15
2008-12-13	0	NULO	26	11
2008-12-14	0	NULO	30	10
2008-12-15	0	NULO	31	12
2008-12-16	0	NULO	30	13
2008-12-17	0	NULO	28	15
2008-12-18	0	NULO	26	17
2008-12-19	0	NULO	27	16
2008-12-20	0	NULO	29	11
2008-12-21	0	NULO	30	18
2008-12-22	0	NULO	31	12
2008-12-23	0	NULO	29	19
2008-12-24	0	NULO	29	17
2008-12-25	0	NULO	30	11
2008-12-26	0	NULO	29	20
2008-12-27	0	NULO	28	20
2008-12-28	0	NULO	29	16
2008-12-29	0	NULO	30	14
2008-12-30	0	NULO	30	17
2008-12-31	0	NULO	30	17
2009-01-01	0	NULO	28	11
2009-01-02	0	NULO	29	11.5
2009-01-03	0	NULO	30	13
2009-01-04	0	NULO	31	15
2009-01-05	0	NULO	25	20
2009-01-06	0	NULO	25	16
2009-01-07	0	NULO	25	14
2009-01-08	0	NULO	30	19
2009-01-09	0	NULO	27	20
2009-01-10	0	NULO	29	13
2009-01-11	0	NULO	30	18
2009-01-12	0	NULO	31	14
2009-01-13	0	NULO	35	17
2009-01-14	0	NULO	29.5	20
2009-01-15	0	NULO	28	12
2009-01-16	0	NULO	27	11
2009-01-17	0	NULO	28	14
2009-01-18	0	NULO	29	16
2009-01-19	0	NULO	28	21
2009-01-20	0	NULO	30	12
2009-01-21	0	NULO	31	19
2009-01-22	0	NULO	29	21
2009-01-23	0	NULO	31	22
2009-01-24	0	NULO	28	17
2009-01-25	0	NULO	31	20
2009-01-26	0	NULO	29	22
2009-01-27	0	NULO	30	21
2009-01-28	0	NULO	28	21
2009-01-29	18.5	NULO	27	12
2009-01-30	0	NULO	26	16
2009-01-31	0	NULO	29	21
2009-02-01	0	NULO	30	19
2009-02-02	0	NULO	29	22
2009-02-03	0	NULO	29	21
2009-02-04	0	NULO	25.5	18
2009-02-05	0	NULO	30	24
2009-02-06	0	NULO	31	27
2009-02-07	0	NULO	29	20
2009-02-08	0	NULO	30	19
2009-02-09	0	NULO	32	15
2009-02-10	0	NULO	30	18
2009-02-11	0	NULO	28	19
2009-02-12	0	NULO	31	14
2009-02-13	0	NULO	28	10
2009-02-14	0	NULO	29	12
2009-02-15	0	NULO	30	15
2009-02-16	0	NULO	30	19
2009-02-17	0	NULO	32	17
2009-02-18	0	NULO	34	21
2009-02-19	21	NULO	34	18
2009-02-20	0	NULO	25	12
2009-02-21	10	NULO	29	16
2009-02-22	0	NULO	26	13
2009-02-23	0	NULO	28	14
2009-02-24	0	NULO	28	15
2009-02-25	0	NULO	30	13
2009-02-26	0	NULO	31	15
2009-02-27	0	NULO	34	14
2009-02-28	0	NULO	34	15
2009-03-01	0	NULO	24	20
2009-03-02	0	NULO	35	12
2009-03-03	0	NULO	30	21
2009-03-04	0	NULO	30	13
2009-03-05	0	NULO	29	13
2009-03-06	0	NULO	32	17
2009-03-07	0	NULO	30	14
2009-03-08	0	NULO	28	12
2009-03-09	0	NULO	30	14
2009-03-10	0	NULO	29	17
2009-03-11	0	NULO	32	16
2009-03-12	0	NULO	28	17
2009-03-13	0	NULO	29	20
2009-03-14	0	NULO	32	19
2009-03-15	0	NULO	30	21
2009-03-16	4	NULO	27	24
2009-03-17	12	NULO	27.5	19
2009-03-18	0	NULO	31	21
2009-03-19	0	NULO	39	14
2009-03-20	0	NULO	30	15
2009-03-21	0	NULO	34	16
2009-03-22	0	NULO	30	25
2009-03-23	0	NULO	32	28
2009-03-24	0	NULO	34	26
2009-03-25	0	NULO	32	27
2009-03-26	0	NULO	33	28
2009-03-27	0	NULO	37	30
2009-03-28	0	NULO	32	23
2009-03-29	0	NULO	35	25
2009-03-30	0	NULO	35	26
2009-03-31	0	NULO	36	25
2009-04-01	0	NULO	39	30
2009-04-02	0	NULO	33	24
2009-04-03	0	NULO	35	22
2009-04-04	0	NULO	39	27
2009-04-05	0	NULO	39	24
2009-04-06	0	NULO	33	25
2009-04-07	0	NULO	39	23
2009-04-08	0	NULO	33	24
2009-04-09	0	NULO	37	23
2009-04-10	0	NULO	38	32
2009-04-11	0	NULO	38	25
2009-04-12	0	NULO	39	25
2009-04-13	0	NULO	35	19
2009-04-14	0	NULO	34	25
2009-04-15	0	NULO	35	16
2009-04-16	0	NULO	36	25
2009-04-17	0	NULO	37	26
2009-04-18	0	NULO	36	27
2009-04-19	0	NULO	38	22
2009-04-20	0	NULO	35	17
2009-04-21	0	NULO	32	23
2009-04-22	0	NULO	34	22
2009-04-23	0	NULO	32	21
2009-04-24	0	NULO	35	20
2009-04-25	0	NULO	36	24
2009-04-26	0	NULO	36	26
2009-04-27	0	NULO	35	27
2009-04-28	0	NULO	34	23
2009-04-29	0	NULO	35	22
2009-04-30	0	NULO	35	26
2009-05-01	0	5	37	25
2009-05-02	0	8.3	35	27
2009-05-03	0	7.3	36	21
2009-05-04	0	4	35	26
2009-05-05	0	2.1	37	25.5
2009-05-06	0	3.2	36	26
2009-05-07	0	2.1	36	23
2009-05-08	0	1	36	26
2009-05-09	4.9	6	35	27
2009-05-10	0	1	36	23
2009-05-11	0	5.9	36	24
2009-05-12	0	5	37	23
2009-05-13	0	1.9	35	23
2009-05-14	20.5	3	36	24
2009-05-15	18.5	4	37	30
2009-05-16	0	9.5	33	31
2009-05-17	12.5	3	35	29
2009-05-18	13	2	37	31
2009-05-19	0	6	36	25
2009-05-20	0	9.2	31	17
2009-05-21	0	5.5	33	26
2009-05-22	0	5.3	34	25
2009-05-23	0	1.7	35	23
2009-05-24	0	5	36	24
2009-05-25	0	1	35	29
2009-05-26	0	6.4	34	20
2009-05-27	0	6.7	36	20
2009-05-28	0	6.5	37	27
2009-05-29	0	7.5	33	19
2009-05-30	0	3	37	28
2009-05-31	0	5	37	29
2009-06-01	2.5	6	37	26
2009-06-02	0	9.4	35	21
2009-06-03	0	5.7	34	26
2009-06-04	0.5	5	35	22
2009-06-05	0	9.4	35	21
2009-06-06	0	0.3	35	22
2009-06-07	0	5	36	24
2009-06-08	0	0.5	36	23
2009-06-09	0	2.2	36	22
2009-06-10	0	8	37	24
2009-06-11	0	3.9	38	23
2009-06-12	0	2	35	22
2009-06-13	0	3	35	23
2009-06-14	8	2.5	34	21
2009-06-15	0	8	34	19
2009-06-16	0	9	35	18
2009-06-17	0	7	35	19
2009-06-18	0	9	35	20
2009-06-19	0	5	35	19
2009-06-20	0	7	33	18
2009-06-21	0	8	32	20
2009-06-22	0	3	33	19
2009-06-23	0	2	33	18
2009-06-24	5.3	2	33	20
2009-06-25	0	6	33	19
2009-06-26	0	5	33	18
2009-06-27	0	9	32	20
2009-06-28	0	7	34	19
2009-06-29	0	6.5	34	20
2009-06-30	0	7	33	19
2009-07-01	0	3.5	36	25
2009-07-02	8	4	34	19
2009-07-03	0	3	35	20
2009-07-04	0	2	33	25
2009-07-05	0	2.1	35	22
2009-07-06	0	1.7	36	23
2009-07-07	0	1.2	37	25
2009-07-08	0	1.6	35	23
2009-07-09	0.7	1.7	36	25
2009-07-10	0	6	34	24
2009-07-11	0	7.5	36	23
2009-07-12	0	7.9	35	24
2009-07-13	0	8	36	24
2009-07-14	0	8.7	36	18
2009-07-15	0	7	36	25
2009-07-16	0	7.3	35	19
2009-07-17	0	7.1	36	22
2009-07-18	0	6.7	37	21
2009-07-19	0	5	36	20
2009-07-20	0	5.1	36	23
2009-07-21	0	5.5	35	28
2009-07-22	0	4	37	29
2009-07-23	0	4.5	35	30
2009-07-24	0	3	38	27
2009-07-25	0	3.5	39	27
2009-07-26	0	3.2	36	30
2009-07-27	0	3.5	35	28
2009-07-28	0	3	37	26
2009-07-29	0	2.7	35	29
2009-07-30	0	3	35	27
2009-07-31	0	2.9	35	29
2009-08-01	0	4.5	35	31
2009-08-02	0	9.8	37	30
2009-08-03	0	2.7	38	21
2009-08-04	0	1	39	17
2009-08-05	0	8.3	37	18
2009-08-06	0	7.5	36	18
2009-08-07	0	7	38	27
2009-08-08	0	6	37	32
2009-08-09	0	6.5	35	30
2009-08-10	0	5.4	34	24
2009-08-11	0	3.4	35	20
2009-08-12	0	4	34	19
2009-08-13	0	3.7	34	20
2009-08-14	0	4.3	34	18
2009-08-15	0	4.8	33	19
2009-08-16	0	3.9	34	20
2009-08-17	0	5	36	19
2009-08-18	5.8	4.3	35	20
2009-08-19	0	6	36	17
2009-08-20	0	5	35	18
2009-08-21	0	6	35	20
2009-08-22	0	7	36	19
2009-08-23	0	6	34	17
2009-08-24	8.5	4	32	19
2009-08-25	0	9	33	17
2009-08-26	0	7	35	19
2009-08-27	0	7.9	34	20
2009-08-28	0	6	32	19
2009-08-29	0	5	32	18
2009-08-30	9.8	4.5	36	20
2009-08-31	8.5	7	31	17
2009-09-01	7.2	9.2	36	18
2009-09-02	5.3	6.7	37	19
2009-09-03	7.3	7.3	35	17
2009-09-04	8.2	5.7	35	17
2009-09-05	12	9.2	30	15
2009-09-06	5	4.5	27	16
2009-09-07	0	8.3	31	20
2009-09-08	0	5.5	34	26
2009-09-09	0.3	6.5	36	22
2009-09-10	0	5.7	31	21
2009-09-11	0	3.6	31	22
2009-09-12	0	2.2	31	21
2009-09-13	0	9	32	27
2009-09-14	0	3	32	21
2009-09-15	0	3.9	32	22
2009-09-16	0	7	33	18
2009-09-17	0	5	31	19
2009-09-18	8.1	7	37	20
2009-09-19	3.5	2.2	36	18
2009-09-20	0	5.4	32	19
2009-09-21	0	9.3	31	20
2009-09-22	0	5.7	31	19
2009-09-23	6.1	9.8	30	18
2009-09-24	0	2.5	32	21
2009-09-25	0	7.4	31	22
2009-09-26	0	5.1	31	19
2009-09-27	0	7.2	32	18
2009-09-28	0	9.5	34	20
2009-09-29	0	3.1	32	21
2009-09-30	0	5.2	33	19
2009-10-01	0	8.6	31	19
2009-10-02	0	9.7	32	18
2009-10-03	0	7.8	31	20
2009-10-04	0	3.5	32	19
2009-10-05	0	7.8	30	17
2009-10-06	0	9.8	32	20
2009-10-07	0	7.4	31	21
2009-10-08	0	9.6	33	19
2009-10-09	5.3	5.2	32	18
2009-10-10	2.5	7.9	31	18
2009-10-11	0	9.5	32	19
2009-10-12	0	7.6	32	20
2009-10-13	0	6.5	31	21
2009-10-14	0	9.4	33	22
2009-10-15	0	7.2	32	22
2009-10-16	0	3.1	34	20
2009-10-17	0	2.2	33	22
2009-10-18	0	3.7	32	19
2009-10-19	0	7.3	30	18
2009-10-20	3.4	9.2	29	18
2009-10-21	1	5	30	19
2009-10-22	0	7.8	31	20
2009-10-23	0	9.5	30	19
2009-10-24	0	8.2	32	20
2009-10-25	0	4.1	32	19
2009-10-26	0	3.8	31	20
2009-10-27	0	4.4	32	19
2009-10-28	0	7.5	31	20
2009-10-29	0	6	34	19
2009-10-30	0	3	33	21
2009-10-31	0	3.3	33	20
2009-11-01	0	6.5	32	20
2009-11-02	0	9.3	32	19
2009-11-03	3.1	5.1	31	18
2009-11-04	1.1	7.5	30	18
2009-11-05	0	3.5	30	19
2009-11-06	0	8.6	30	18
2009-11-07	0	7	29	20
2009-11-08	0	0.55	32	19
2009-11-09	0	3.1	32	20
2009-11-10	0	2.5	34	19
2009-11-11	0	1	33	21
2009-11-12	0	4.5	32	19
2009-11-13	0	5.5	31	19
2009-11-14	2	9.5	30	20
2009-11-15	0	4.5	31	18
2009-11-16	0	3.3	32	19
2009-11-17	0	2.5	31	20
2009-11-18	0	5.7	34	21
2009-11-19	0	7.5	34	21
2009-11-20	0	9.3	33	20
2009-11-21	0	7.5	33	21
2009-11-22	4.5	6.7	32	19
2009-11-23	2	8.2	31	18
2009-11-24	0	9	32	19
2009-11-25	0	6.4	32	20
2009-11-26	0	3.4	33	19
2009-11-27	0	2.3	34	20
2009-11-28	0	7.4	35	21
2009-11-29	0	8.3	35	22
2009-11-30	0	7.5	35	22
2009-12-01	0	4.5	36	21
2009-12-02	0	4.7	33	20
2009-12-03	0	4.8	35	19
2009-12-04	0	4.9	37	20
2009-12-05	0	4.7	34	21
2009-12-06	0	4	32	22
2009-12-07	0	3.3	32	19
2009-12-08	0	9.8	31	18
2009-12-09	5.5	7.6	30	19
2009-12-10	1	4.5	30	18
2009-12-11	0	7.2	31	19
2009-12-12	0	7	32	20
2009-12-13	0	6.5	32	21
2009-12-14	0	3.2	34	19
2009-12-15	0	1	32	20
2009-12-16	0	9.5	33	19
2009-12-17	0	4.2	32	19
2009-12-18	0	5.5	31	21
2009-12-19	2.5	3.2	30	18
2009-12-20	0	2.5	30	19
2009-12-21	0	7.1	32	18
2009-12-22	0	8.5	32	21
2009-12-23	0	7.2	31	19
2009-12-24	0	4.4	34	20
2009-12-25	0	5.2	32	18
2009-12-26	0	4.1	31	19
2009-12-27	0	3.2	32	18
2009-12-28	0	7.7	33	20
2009-12-29	0	5.1	32	19
2009-12-30	0	7.2	31	20
2009-12-31	0	3.1	30	18
2010-01-01	0	5.16	30	24
2010-01-02	0	0.7	30	22
2010-01-03	1	2.23	32	20
2010-01-04	3	0.57	34	19
2010-01-05	3.1	4.33	28	12
2010-01-06	4.5	4.5	31	11
2010-01-07	6.2	1.29	29	11
2010-01-08	5.7	10.61	28	9
2010-01-09	0	5.11	25	7
2010-01-10	0	1.89	20	13
2010-01-11	0	3.12	30	17
2010-01-12	3.5	3.48	30	15
2010-01-13	0	3.86	28	17
2010-01-14	1.5	0.86	30	16
2010-01-15	0	5.5	31	20
2010-01-16	0	2.58	30	21
2010-01-17	0	5.49	32	20
2010-01-18	0	2.87	34	21
2010-01-19	0	1.99	35	22
2010-01-20	0	4.47	36	23
2010-01-21	0	2.07	34	21
2010-01-22	0	3.05	32	23
2010-01-23	0	4.97	32	24
2010-01-24	0	2.81	32	20
2010-01-25	0	2.46	34	21
2010-01-26	0	4.7	32	22
2010-01-27	0	3.28	34	24
2010-01-28	0	2.22	34	22
2010-01-29	0	3.35	34	24
2010-01-30	0	6.55	34	22
2010-01-31	0	4.57	34	21
2010-02-01	0	2.43	35	23
2010-02-02	0	3.53	34	24
2010-02-03	0	4.6	34	23
2010-02-04	0	2.85	32	20
2010-02-05	0	6.6	34	19
2010-02-06	0	4.22	35	22
2010-02-07	7.5	3.68	36	23
2010-02-08	0	5.18	34	19
2010-02-09	0	3.4	33	22
2010-02-10	2.7	0.8	32	20
2010-02-11	1.5	2.37	32	19
2010-02-12	0	4.06	35	22
2010-02-13	0	10.12	33	23
2010-02-14	0	5.13	35	24
2010-02-15	0	4.09	34	23
2010-02-16	0	2.18	34	24
2010-02-17	0	8.66	35	23
2010-02-18	0	4.64	36	24
2010-02-19	0	5.53	37	23
2010-02-20	0	3.81	37	22
2010-02-21	1.8	2.6	35	23
2010-02-22	0	2.05	32	22
2010-02-23	0	3.25	33	20
2010-02-24	0	2.19	36	22
2010-02-25	0	1.38	34	21
2010-02-26	0	3.88	36	22
2010-02-27	0	2.19	37	25
2010-02-28	0	3.31	38	23
2010-03-01	0	7.53	34	25
2010-03-02	0	2.91	33	24
2010-03-03	0	2.85	38	23
2010-03-04	1.5	0.32	32	24
2010-03-05	0	3.08	38	24
2010-03-06	2.5	0.37	36	24
2010-03-07	0	3.78	36	24
2010-03-08	0	1.78	39	24
2010-03-09	0	2.2	38	23
2010-03-10	0	6.56	38	24
2010-03-11	0	6.4	44	28
2010-03-12	0	4.56	38	25
2010-03-13	0	3.74	36	24
2010-03-14	0	5.96	38	25
2010-03-15	1.5	0.7	37	24
2010-03-16	3.7	3.1	36	24
2010-03-17	0	0.77	34	24
2010-03-18	0	6.73	36	24
2010-03-19	0	1.79	34	23
2010-03-20	0	7.67	42	25
2010-03-21	0	3.31	34	26
2010-03-22	0	2.46	35	24
2010-03-23	0	4.84	37	24
2010-03-24	0	5.17	36	24
2010-03-25	0	2.02	36	23
2010-03-26	0	4.11	38	22
2010-03-27	0	0.32	40	22
2010-03-28	1.5	4.28	38	20
2010-03-29	0	4.8	38	20
2010-03-30	0	5.85	36	24
2010-03-31	0	5.15	37	23
2010-04-01	0	1.9	36	25
2010-04-02	0	4.41	37	25
2010-04-03	0	5.49	36	25
2010-04-04	0	1.1	40	23
2010-04-05	0	2.77	38	24
2010-04-06	0	1.93	40	22
2010-04-07	8.7	2.68	39	25
2010-04-08	1.5	0.47	31	20
2010-04-09	3.9	0.44	30	24
2010-04-10	0	1.99	34	24
2010-04-11	0	2.5	35	23
2010-04-12	1	3.77	30	25
2010-04-13	2.1	2.3	33	23
2010-04-14	10.9	2.15	39	23
2010-04-15	0	2.65	37	26
2010-04-16	0	0.99	38	20
2010-04-17	0	7.54	37	29
2010-04-18	0	0.9	36	25
2010-04-19	0	0.9	34	25
2010-04-20	0	0.35	38	26
2010-04-21	0	1.93	34	26
2010-04-22	0	5.71	34	24
2010-04-23	0	1.3	40	20
2010-04-24	0	5.14	41	26
2010-04-25	0	1.91	39	26
2010-04-26	0	1.7	38	27
2010-04-27	0	4.86	39	25
2010-04-28	0	2.5	34	20
2010-04-29	0	1.94	34	21
2010-04-30	0	1.78	34	22
2010-05-01	0	3.72	36	25
2010-05-02	0	2.4	34	27
2010-05-03	0	0.77	36	20
2010-05-04	0	3.81	38	23
2010-05-05	0	1.84	36	28
2010-05-06	0	2.88	36	26
2010-05-07	0	2.06	35	28
2010-05-08	0	3.24	38	20
2010-05-09	0	2.04	36	26
2010-05-10	0	2.6	37	25
2010-05-11	0	5.46	39	26
2010-05-12	0	3.08	35	21
2010-05-13	0	1.48	34	22
2010-05-14	0	2.28	36	24
2010-05-15	0	2.75	38	26
2010-05-16	0	2.61	37	25
2010-05-17	0	1.74	36	26
2010-05-18	0	2.25	37	24
2010-05-19	0	1.89	35	27
2010-05-20	0	1.82	36	25
2010-05-21	0	2.3	36	24
2010-05-22	0	1.89	37	25
2010-05-23	2	1.63	36	25
2010-05-24	0	1.95	36	20
2010-05-25	0	2.75	35	25
2010-05-26	0	3	34	22
2010-05-27	0	1.7	34	21
2010-05-28	0	1.16	35	23
2010-05-29	0	2.06	36	24
2010-05-30	0	2.6	38	26
2010-05-31	0	1.73	38	27
2010-06-01	0	3.06	36	20
2010-06-02	0	7.94	37	22
2010-06-03	0	1.87	36	25
2010-06-04	0	4.49	38	22
2010-06-05	0	1.8	37	23
2010-06-06	0	2.94	39	24
2010-06-07	0	1.76	38	25
2010-06-08	0	3.34	37	23
2010-06-09	0	2.64	38	21
2010-06-10	0	2.24	39	20
2010-06-11	0	0.42	38	23
2010-06-12	0	2.06	39	21
2010-06-13	0	2.94	38	24
2010-06-14	0	1.25	39	22
2010-06-15	4.5	1.28	37	22
2010-06-16	0	1.78	39	21
2010-06-17	0	1.23	38	23
2010-06-18	1.7	3.47	36	21
2010-06-19	0	2.69	35	22
2010-06-20	0	2.53	37	19
2010-06-21	0	2.01	39	21
2010-06-22	0	2.99	38	24
2010-06-23	0	0.71	37	20
2010-06-24	0	1.68	36	21
2010-06-25	0	2.32	38	19
2010-06-26	0	2.3	37	25
2010-06-27	0	2.73	38	20
2010-06-28	0	1.97	36	22
2010-06-29	0	3.26	37	20
2010-06-30	0	3.13	37	21
2010-07-01	0	2.83	33	21
2010-07-02	7.5	7.75	31	20
2010-07-03	0	4.66	35	20
2010-07-04	0	5.4	34	24
2010-07-05	3	4.58	34	20
2010-07-06	1.5	6.21	33	19
2010-07-07	0.5	4.65	33	20
2010-07-08	1.5	3.56	31	21
2010-07-09	2.7	3.77	31	19
2010-07-10	2.3	6.36	34	19
2010-07-11	0	3.86	33	28
2010-07-12	28	4.89	35	27
2010-07-13	0	4.96	34	25
2010-07-14	2.5	5.63	35	24
2010-07-15	0	3.86	34	26
2010-07-16	0	5.93	33	23
2010-07-17	0	5.14	32	20
2010-07-18	1.2	4.93	31	19
2010-07-19	0.1	7.68	31	20
2010-07-20	0	2.11	34	19
2010-07-21	0	8.53	34	19
2010-07-22	0	1.92	35	21
2010-07-23	0	5	35	23
2010-07-24	0	1.95	34	23
2010-07-25	0	2.93	34	24
2010-07-26	0	2.52	34	22
2010-07-27	0	2.06	33	23
2010-07-28	0	2.34	33	20
2010-07-29	0	2.1	31	19
2010-07-30	0	5.1	30	20
2010-07-31	0	4.07	29	19
2010-08-01	0	2.89	31	27
2010-08-02	0	3.35	30	28
2010-08-03	0	4.45	32	24
2010-08-04	0	3.01	34	23
2010-08-05	0	3.74	31	23
2010-08-06	0	4.02	30	26
2010-08-07	0	4.99	30	28
2010-08-08	0	3.92	33	24
2010-08-09	0	3.98	32	27
2010-08-10	3.9	3.78	34	28
2010-08-11	7.5	6.95	33	24
2010-08-12	0	2.92	32	15
2010-08-13	2.9	4.65	37	14
2010-08-14	4.1	4.9	38	15
2010-08-15	0	3.98	36	18
2010-08-16	0	6.11	34	16
2010-08-17	2.9	2.93	33	24
2010-08-18	0	4.09	31	21
2010-08-19	0	4.88	32	20
2010-08-20	0	5.06	31	22
2010-08-21	0	3.95	30	22
2010-08-22	3	3.21	32	24
2010-08-23	0	5.11	30	21
2010-08-24	0	6.57	30	17
2010-08-25	0	5.15	29	21
2010-08-26	4.5	3.83	31	20
2010-08-27	3.6	6.67	32	14
2010-08-28	0	5.1	31	21
2010-08-29	0	2.1	30	12
2010-08-30	0	5.83	28	15
2010-08-31	0	5.11	28	19
2010-09-01	0	1.68	30	21
2010-09-02	0	3.33	31	20
2010-09-03	2	1.73	30	19
2010-09-04	0	2.8	30	19
2010-09-05	2.8	6.96	29	18
2010-09-06	1.5	1.42	32	22
2010-09-07	0	4.94	33	19
2010-09-08	0	3.24	34	23
2010-09-09	2.5	3.75	31	21
2010-09-10	1.2	3.35	32	18
2010-09-11	5.7	5.62	31	17
2010-09-12	0	4.05	31	19
2010-09-13	0	4.56	32	17
2010-09-14	0	7.09	34	19
2010-09-15	1.5	6.74	33	21
2010-09-16	0	2.56	32	18
2010-09-17	1.5	2.44	34	19
2010-09-18	0	4.16	33	21
2010-09-19	5.1	3.34	32	18
2010-09-20	0	2.66	30	19
2010-09-21	1.2	3.9	31	19
2010-09-22	0	5.41	33	17
2010-09-23	0	5	31	19
2010-09-24	0	6.09	31	18
2010-09-25	1.5	6.04	33	21
2010-09-26	0	4.19	33	19
2010-09-27	0	6.28	33	20
2010-09-28	0	4.52	31	18
2010-09-29	2.7	5.41	33	21
2010-09-30	0	4.9	33	23
2010-10-01	0	1.9	35	22
2010-10-02	0	2.86	35	19
2010-10-03	0	2.07	34	21
2010-10-04	0	1.63	33	22
2010-10-05	0	3.05	34	19
2010-10-06	0	2.93	36	21
2010-10-07	0	2.19	35	22
2010-10-08	0	4.1	38	23
2010-10-09	0	2.67	35	24
2010-10-10	0	2.94	35	22
2010-10-11	0	3.38	36	23
2010-10-12	0	3.14	37	22
2010-10-13	0	4.66	35	23
2010-10-14	0	7.22	34	21
2010-10-15	0	3.52	34	22
2010-10-16	0	6.18	36	23
2010-10-17	0	3.88	35	21
2010-10-18	0	5.21	36	20
2010-10-19	0	7.67	35	19
2010-10-20	1.5	4.02	35	17
2010-10-21	0	2.88	34	18
2010-10-22	0	1.76	36	22
2010-10-23	0	3.06	35	21
2010-10-24	0	4.6	36	22
2010-10-25	0	4.1	38	20
2010-10-26	0	0.76	36	21
2010-10-27	0	2.3	34	22
2010-10-28	0	2.94	36	20
2010-10-29	0	3.06	35	23
2010-10-30	0	1.94	35	22
2010-10-31	0	5.06	35	21
2010-11-01	0	3.37	36	20
2010-11-02	0	5.08	37	22
2010-11-03	0	2.49	36	24
2010-11-04	0	2.07	35	20
2010-11-05	0	3.22	35	20
2010-11-06	0	4.34	34	19
2010-11-07	0	1.8	36	23
2010-11-08	0	0.86	36	24
2010-11-09	0	3.64	35	22
2010-11-10	0	1.5	36	20
2010-11-11	0	3.04	35	21
2010-11-12	0	2.4	33	19
2010-11-13	0	4.12	34	17
2010-11-14	1.4	4.73	33	19
2010-11-15	0	3.3	35	22
2010-11-16	0	8.24	35	24
2010-11-17	0	4.8	34	21
2010-11-18	0	4.49	32	20
2010-11-19	0	4.11	32	21
2010-11-20	0	4.56	31	23
2010-11-21	0	2.84	33	22
2010-11-22	0	2.56	34	24
2010-11-23	0	4.44	33	22
2010-11-24	0	4.96	33	21
2010-11-25	0	2.7	32	20
2010-11-26	0	4.25	32	24
2010-11-27	0	1.94	34	25
2010-11-28	0	4.27	33	28
2010-11-29	0	5.42	32	20
2010-11-30	0	5.14	33	23
2010-12-01	0	8.8	37	25
2010-12-02	0	1.84	35	24
2010-12-03	0	4.04	33	21
2010-12-04	0	6.04	34	22
2010-12-05	0	2.58	33	24
2010-12-06	0	2.7	35	25
2010-12-07	0	4.57	35	24
2010-12-08	0	3.39	34	25
2010-12-09	0	3.9	37	24
2010-12-10	0	1.58	37	23
2010-12-11	0	5.4	36	24
2010-12-12	0	2.72	35	21
2010-12-13	0	2.05	32	22
2010-12-14	0	2.15	34	21
2010-12-15	0	2.04	32	22
2010-12-16	0	1.7	32	23
2010-12-17	0	4.26	30	20
2010-12-18	0	2.06	29	19
2010-12-19	0	2.05	30	18
2010-12-20	0.5	4.61	31	20
2010-12-21	0	0.9	30	22
2010-12-22	0	1.86	31	21
2010-12-23	0	2.74	30	22
2010-12-24	0	5.46	29	19
2010-12-25	0	1.84	31	19
2010-12-26	0	1.9	31	20
2010-12-27	0	2.24	31	19
2010-12-28	0	3.1	39	17
2010-12-29	0	1.76	31	22
2010-12-30	0	2.64	32	20
2010-12-31	0	2.88	31	21
2011-01-01	0	0.87	32	20
2011-01-02	0	2.72	32	19
2011-01-03	0	2.31	33	22
2011-01-04	0	2.08	32	19
2011-01-05	0	2.72	33	18
2011-01-06	0	1.39	32	20
2011-01-07	0	1.71	34	21
2011-01-08	0	1.74	34	22
2011-01-09	0	1.96	35	21
2011-01-10	0	2.56	34	22
2011-01-11	0	1.75	33	21
2011-01-12	0	2.23	32	23
2011-01-13	0	1.89	32	19
2011-01-14	0	1.43	36	20
2011-01-15	0	2.45	33	19
2011-01-16	0	0.59	34	19
2011-01-17	0	3.64	32	21
2011-01-18	0	2.02	34	23
2011-01-19	0	2.05	33	19
2011-01-20	5	0.79	30	17
2011-01-21	1	1.41	29	17
2011-01-22	1.5	2.85	29	19
2011-01-23	0	1.18	30	19
2011-01-24	0	0.7	31	18
2011-01-25	0	1.67	29	19
2011-01-26	0	0.6	28	19
2011-01-27	0	0.7	26	19
2011-01-28	0	2.5	25	19
2011-01-29	0	2.74	36	20
2011-01-30	0	4.42	39	23
2011-01-31	0	3.18	39	22
2011-02-01	2.8	2.2	40	21
2011-02-02	0	1.2	40	24
2011-02-03	0	0.89	38	14
2011-02-04	0	0.61	22	10
2011-02-05	0	0.4	21	12
2011-02-06	0	3.3	30	14
2011-02-07	0	2	32	11
2011-02-08	0	2.81	31	10
2011-02-09	0	2.59	29	9
2011-02-10	0	1.7	34	8
2011-02-11	5	4.81	33	8
2011-02-12	0	1.46	27	7
2011-02-13	0	2.37	27	11
2011-02-14	0	1.4	31	12
2011-02-15	0	2.46	34	23
2011-02-16	0	4.05	35	20
2011-02-17	0	3.7	32	21
2011-02-18	0	5.13	30	13
2011-02-19	0	2.52	32	12
2011-02-20	0	2.79	34	19
2011-02-21	0	1.86	31	18
2011-02-22	0	1.14	30	20
2011-02-23	0	1.69	33	21
2011-02-24	0	1.91	32	22
2011-02-25	0	2.38	33	21
2011-02-26	0	1.7	31	23
2011-02-27	0	2.94	30	22
2011-02-28	0	3.21	31	23
2011-03-01	0	1.8	39	19
2011-03-02	0	1.84	41	22
2011-03-03	0	2.35	39	20
2011-03-04	0	2.01	31	21
2011-03-05	0	3.01	33	20
2011-03-06	0	1.59	31	19
2011-03-07	0	2.16	34	18
2011-03-08	0	3.3	37	20
2011-03-09	0	2.94	36	20
2011-03-10	0	1.99	37	22
2011-03-11	0	1.79	36	23
2011-03-12	0	1.82	36	24
2011-03-13	0	2.11	37	25
2011-03-14	0	2.09	36	25
2011-03-15	0	2.89	38	24
2011-03-16	0	2.82	38	25
2011-03-17	0	1.83	37	24
2011-03-18	0	3.27	35	22
2011-03-19	0	3.96	37	25
2011-03-20	0	1.74	38	26
2011-03-21	0	1.79	37	25
2011-03-22	0	2.31	36	25
2011-03-23	0	2.78	38	27
2011-03-24	0	2.22	37	25
2011-03-25	0	1.9	36	24
2011-03-26	0	2.64	37	25
2011-03-27	0	1.43	38	24
2011-03-28	0	1.13	38	25
2011-03-29	0	1	37	24
2011-03-30	0	2.88	38	26
2011-03-31	0	2.22	38	24
2011-04-01	0	3.32	40	28
2011-04-02	0	2.88	41	26
2011-04-03	0	4.5	39	25
2011-04-04	0	2.5	39	27
2011-04-05	0	3.2	40	25
2011-04-06	0	2.54	45	23
2011-04-07	0	2.44	39	25
2011-04-08	0	3.06	37	24
2011-04-09	0	2.02	38	27
2011-04-10	0	2.17	41	24
2011-04-11	0	2.11	39	21
2011-04-12	0	2.46	41	24
2011-04-13	0	1.78	40	25
2011-04-14	0	3.19	38	24
2011-04-15	0	2.57	37	23
2011-04-16	0	1.49	38	22
2011-04-17	0	2.59	39	24
2011-04-18	0	2.64	38	25
2011-04-19	0	1.78	40	26
2011-04-20	0	1.86	41	23
2011-04-21	0	1.82	37	24
2011-04-22	0	2.76	38	23
2011-04-23	0	2.49	39	22
2011-04-24	0	3.17	41	24
2011-04-25	0	2.76	37	25
2011-04-26	0	2	40	24
2011-04-27	0	3.2	42	24
2011-04-28	0	1.63	40	23
2011-04-29	0	1.27	42	27
2011-04-30	0	2.14	40	25
2011-05-01	0	3.06	41	25
2011-05-02	0	1.8	41	23
2011-05-03	0	4.24	43	20
2011-05-04	0	3.86	40	26
2011-05-05	0	4.59	42	25
2011-05-06	0	6.49	40	21
2011-05-07	0	4.68	39	23
2011-05-08	0	3.84	41	22
2011-05-09	0	4.11	42	21
2011-05-10	0	4.11	44	25
2011-05-11	0	4.11	41	20
2011-05-12	0	3.65	43	22
2011-05-13	0	4.01	39	21
2011-05-14	7.2	5.02	38	19
2011-05-15	0	1.96	35	20
2011-05-16	0	3.92	39	24
2011-05-17	0	3.91	40	22
2011-05-18	0	5.09	41	23
2011-05-19	0	3.68	42	20
2011-05-20	0	3.13	40	19
2011-05-21	0	3.66	38	21
2011-05-22	0	6.08	39	22
2011-05-23	0	3.36	41	25
2011-05-24	0	5.16	39	27
2011-05-25	0	5.06	42	28
2011-05-26	0	4.3	44	27
2011-05-27	0	2.64	44	23
2011-05-28	0	2.59	42	21
2011-05-29	0	2.22	40	23
2011-05-30	0	3.03	40	24
2011-05-31	0	2.87	42	20
2011-06-01	2.5	2.16	40	26
2011-06-02	0	4.37	35	21
2011-06-03	0	2.07	34	26
2011-06-04	2	3.56	36	22
2011-06-05	0	2.1	35	21
2011-06-06	0	2.6	36	24.5
2011-06-07	0	2.03	38	24
2011-06-08	0	1.79	36	23
2011-06-09	0	3	36	23
2011-06-10	0	1.9	37	24
2011-06-11	0	3.19	37.5	23
2011-06-12	0	2.05	36	23
2011-06-13	0	2.05	38	23.5
2011-06-14	0	7.1	37	28
2011-06-15	0	0.32	38	27
2011-06-16	0	7.03	38	26
2011-06-17	8	8.73	36	25
2011-06-18	7	4	38	21
2011-06-19	4	1.3	39	19
2011-06-20	8.5	0.5	36	19
2011-06-21	0	5.04	33	19
2011-06-22	0	2	34	22
2011-06-23	3.5	5.7	34	29
2011-06-24	12	6.1	36	28
2011-06-25	0	5.15	36	29
2011-06-26	4.5	9.73	35	24
2011-06-27	0	4.2	37	22
2011-06-28	7.5	5.15	35	24
2011-06-29	0	0.15	36	25
2011-06-30	0	1.1	36	23
2011-07-01	8.1	1.46	29	20
2011-07-02	8.2	5.11	28	19
2011-07-03	9.1	2.49	29	19
2011-07-04	0	6.65	29	20
2011-07-05	0	2.92	31	21
2011-07-06	0	4.87	32	20
2011-07-07	0	2.94	31	21
2011-07-08	0	1.4	34	22
2011-07-09	5.7	4.36	35	21
2011-07-10	0	4.54	35	19
2011-07-11	0	3.34	29	19
2011-07-12	8.9	3.7	33	18
2011-07-13	0	2.64	32	20
2011-07-14	0	3.49	33	20
2011-07-15	0	4.09	34	21
2011-07-16	0	4.02	33	20
2011-07-17	0	7.57	31	19
2011-07-18	0	2.82	30	21
2011-07-19	0	5.21	32	17
2011-07-20	5.5	6.1	30	20
2011-07-21	0	4.92	32	17
2011-07-22	0	2.88	34	20
2011-07-23	0	3.28	33	24
2011-07-24	0	4.33	34	19
2011-07-25	0	4.19	33	21
2011-07-26	0	2.41	33	22
2011-07-27	0	1.67	33	24
2011-07-28	4.9	2.5	31	21
2011-07-29	5.5	4.2	30	17
2011-07-30	3.7	3.91	30	19
2011-07-31	0	4.1	30	18
2011-08-01	0	2	31	19
2011-08-02	0	3	33	20
2011-08-03	0	4	32	22
2011-08-04	0	3	32	20
2011-08-05	0	2	31	21
2011-08-06	0	2	31	20
2011-08-07	0	3	30	21
2011-08-08	0	3	31	22
2011-08-09	0	2	33	20
2011-08-10	0	3	31	21
2011-08-11	0	5	33	19
2011-08-12	0	2	30	22
2011-08-13	0	3	31	21
2011-08-14	0	4	34	21
2011-08-15	0	3	33	24
2011-08-16	0	3	34	20
2011-08-17	0	3	33	20
2011-08-18	0	2	33	19
2011-08-19	0	3	34	20
2011-08-20	0	4	31	21
2011-08-21	0	3	30	23
2011-08-22	0	3	32	22
2011-08-23	0	4	34	19
2011-08-24	0	4	34	24
2011-08-25	0	2	34	23
2011-08-26	0	4	32	19
2011-08-27	0	3	33	21
2011-08-28	0	2	34	22
2011-08-29	0	2	33	23
2011-08-30	0	4	32	22
2011-08-31	0	2.5	32	21
2011-09-01	0	3	32	21
2011-09-02	0	2	34	19
2011-09-03	0	2	34	20
2011-09-04	0	3	34	21
2011-09-05	0	2	33	20
2011-09-06	0	3	32	21
2011-09-07	0	1	32	20
2011-09-08	0	1	31	19
2011-09-09	0	0.5	31	20
2011-09-10	0	0.5	32	21
2011-09-11	0	2	34	19
2011-09-12	0	0.7	33	20
2011-09-13	0	3.3	32	19
2011-09-14	0	2	32	19
2011-09-15	0	2	32	20
2011-09-16	0	0.8	32	21
2011-09-17	0	3	32	20
2011-09-18	0	3	32	19
2011-09-19	0	3	32	21
2011-09-20	0	2	32	19
2011-09-21	0	2	34	20
2011-09-22	0	2	33	21
2011-09-23	0	5	31	19
2011-09-24	0	3	33	21
2011-09-25	0	3	32	19
2011-09-26	0	2	33	21
2011-09-27	0	3	33	19
2011-09-28	0	2	32	20
2011-09-29	0	0.7	31	21
2011-09-30	0	1.8	32	20
2011-10-01	0	3.3	30	24
2011-10-02	0	11.87	30	21
2011-10-03	0	2.9	31	20
2011-10-04	0	2.09	31	21
2011-10-05	0	2.8	32	20
2011-10-06	0	2.79	33	21
2011-10-07	0	3.24	32	22
2011-10-08	0	2.19	33	20
2011-10-09	0	2.56	32	21
2011-10-10	0	2.34	32	20
2011-10-11	0	2.21	32	19
2011-10-12	0	3.86	33	20
2011-10-13	0	2.47	32	21
2011-10-14	0	2.66	32	20
2011-10-15	0	3.04	32	21
2011-10-16	0	1.97	32	20
2011-10-17	0	4.43	33	21
2011-10-18	0	2.07	33	23
2011-10-19	0	3.18	32	22
2011-10-20	0	3.23	32	19
2011-10-21	0	2.45	32	20
2011-10-22	0	2.4	34	21
2011-10-23	0	5.27	33	22
2011-10-24	0	2.53	32	21
2011-10-25	0	2.07	32	20
2011-10-26	0	3.15	32	21
2011-10-27	0	3.34	32	19
2011-10-28	0	3.69	33	20
2011-10-29	0	2.46	32	22
2011-10-30	0	3.12	32	19
2011-10-31	0	3.05	30	21
2011-11-01	0	3.14	32	21
2011-11-02	0	1.68	33	20
2011-11-03	0	2.14	34	24
2011-11-04	0	2.7	33	21
2011-11-05	0	4.22	34	22
2011-11-06	0	2.86	35	23
2011-11-07	0	3.19	34	20
2011-11-08	0	3.13	33	21
2011-11-09	0	4.01	33	20
2011-11-10	0	3.96	34	22
2011-11-11	0	1.63	36	24
2011-11-12	0	2.28	34	21
2011-11-13	0	2.22	32	20
2011-11-14	0	4.86	35	21
2011-11-15	0	2.5	35	24
2011-11-16	0	3.37	34	21
2011-11-17	0	3.13	31	17
2011-11-18	0	1.8	32	20
2011-11-19	0	1.79	33	21
2011-11-20	0	2.91	34	24
2011-11-21	0	3.5	32	21
2011-11-22	0	1.61	33	19
2011-11-23	0	2.93	33	18
2011-11-24	0	2.82	35	20
2011-11-25	8.1	3.35	33	21
2011-11-26	0	2.52	31	19
2011-11-27	0	4.34	30	17
2011-11-28	0	3.22	31	1.9
2011-11-29	0	2.57	33	19
2011-11-30	0	2.4	34	20
2011-12-01	0	3.97	35	21
2011-12-02	0	1.79	34	22
2011-12-03	0	1.85	32	20
2011-12-04	0	1.69	35	23
2011-12-05	0	2.49	34	24
2011-12-06	0	4.31	32	21
2011-12-07	0	1.72	32	19
2011-12-08	0	4.44	35	23
2011-12-09	0	2.04	34	21
2011-12-10	0	3.48	34	19
2011-12-11	0	4.39	35	22
2011-12-12	0	1.59	34	21
2011-12-13	0	4.3	35	22
2011-12-14	0	3.74	32	23
2011-12-15	0	3.72	34	21
2011-12-16	0	2.29	33	19
2011-12-17	0	2.87	33	21
2011-12-18	0	3.8	32	19
2011-12-19	0	3.17	34	19
2011-12-20	0	2.71	34	21
2011-12-21	0	3.73	33	20
2011-12-22	0	2.91	33	22
2011-12-23	0	1.44	32	21
2011-12-24	0	2.89	32	20
2011-12-25	0	3.47	32	21
2011-12-26	0	3.14	31	22
2011-12-27	0	2.04	34	21
2011-12-28	0	4.15	35	19
2011-12-29	0	1.27	34	23
2011-12-30	0	3.92	32	21
2011-12-31	0	2.1	49.9	24
2012-01-01	8.7	7.69	37	29
2012-01-02	0	4.27	31	21
2012-01-03	0	2.69	36	27
2012-01-04	0	4.2	37	24
2012-01-05	0	2.2	35	23
2012-01-06	0	3.89	37	24
2012-01-07	0	3.84	36	25
2012-01-08	0	4.22	36	24
2012-01-09	0	2.96	35	23
2012-01-10	0	3.68	37	23
2012-01-11	0	2.96	35	25
2012-01-12	0	4.08	35	24
2012-01-13	0	3.19	37	22
2012-01-14	0	3.76	36	25
2012-01-15	0	0.66	37	23
2012-01-16	0	3.16	34	24
2012-01-17	0	4.19	36	21
2012-01-18	0	2.65	35	23
2012-01-19	0	4.1	35	26
2012-01-20	0	3.06	36	25
2012-01-21	0	2.74	35	23
2012-01-22	0	3.94	32	25
2012-01-23	0	3.32	37	26
2012-01-24	0	2.98	35	23
2012-01-25	0	4.24	35	24
2012-01-26	0	3.18	34	22
2012-01-27	0	2.64	35	25
2012-01-28	0	2.88	34	22
2012-01-29	0	4.01	35	25
2012-01-30	0	3.69	35	22
2012-01-31	0	3.54	35	26
2012-02-01	0	1.3	36	22
2012-02-02	0	3.68	37	21
2012-02-03	0	1.98	38	34
2012-02-04	0	2.84	37	23
2012-02-05	0	1.67	38	20
2012-02-06	0	2.29	37	21
2012-02-07	0	3.41	36	25
2012-02-08	0	3.87	37	24
2012-02-09	0	2.26	38	25
2012-02-10	0	3.09	37	25
2012-02-11	0	3.71	36	24
2012-02-12	0	2.36	37	25
2012-02-13	0	1.86	38	21
2012-02-14	0	0.88	37	23
2012-02-15	0	2.22	38	29
2012-02-16	0	2.68	36	26
2012-02-17	0	1.64	38	21
2012-02-18	0	3.41	37	24
2012-02-19	0	4.75	38	23
2012-02-20	0	3.47	37	25
2012-02-21	0	3.23	38	22
2012-02-22	0	3.08	36	24
2012-02-23	0	1.68	37	25
2012-02-24	0	2.1	38	23
2012-02-25	0	2.8	39	25
2012-02-26	0	2.4	37	24
2012-02-27	0	2.9	37	25
2012-02-28	0	3.1	38	24
2012-02-29	0	2.73	36	25
2012-03-01	0	1.03	38	25
2012-03-02	0	4.83	39	24
2012-03-03	0	1.9	38	21
2012-03-04	0	3.02	39	25
2012-03-05	0	0.98	38	26
2012-03-06	0	1.98	38	27
2012-03-07	0	3.21	38	25
2012-03-08	0	2.1	37	26
2012-03-09	0	3.68	39	25
2012-03-10	0	3.71	38	26
2012-03-11	0	5.15	37	21
2012-03-12	0	0.41	39	24
2012-03-13	0	3.98	38	25
2012-03-14	0	1.3	38	27
2012-03-15	0	4.16	39	25
2012-03-16	0	1.92	38	26
2012-03-17	0	2.23	38	21
2012-03-18	0	1.64	39	24
2012-03-19	0	2.09	38	22
2012-03-20	0	2.78	39	25
2012-03-21	0	2.31	38	24
2012-03-22	0	4.11	40	26
2012-03-23	0	3.5	39	24
2012-03-24	0	3.28	38	21
2012-03-25	0	2.1	39	20
2012-03-26	0	1.96	38	25
2012-03-27	0	3.28	38	25
2012-03-28	0	3.04	40	23
2012-03-29	0	2.27	39	25
2012-03-30	0	3.46	37	27
2012-03-31	0	4.04	38	25
2012-04-01	0	3.33	38	26
2012-04-02	0	1.65	37	27
2012-04-03	0	1.88	38	28
2012-04-04	0	3.74	38	29
2012-04-05	0	2.4	38	25
2012-04-06	0	5.1	37	28
2012-04-07	0	5.55	38	29
2012-04-08	0	3.03	37	26
2012-04-09	0	7.21	36	25
2012-04-10	0	2.27	37	28
2012-04-11	0	3.8	36	27
2012-04-12	0	1.97	37	25
2012-04-13	0	2.18	35	28
2012-04-14	0	1.83	36	27
2012-04-15	0	2.1	35	25
2012-04-16	0	2.74	34	24
2012-04-17	0	2.58	35	22
2012-04-18	0	0.71	36	23
2012-04-19	0	2.52	38	25
2012-04-20	0	2.14	37	26
2012-04-21	0	2.15	38	27
2012-04-22	0	2.64	39	29
2012-04-23	0	7.64	37	28
2012-04-24	0	3.27	37	27
2012-04-25	0	2.13	37	29
2012-04-26	0	1.4	37	20
2012-04-27	0	2.34	36	28
2012-04-28	0	2.9	36	26
2012-04-29	0	2.55	37	27
2012-04-30	0	2.96	37	28
2012-05-01	0	1.88	38	24
2012-05-02	0	2.45	38	23
2012-05-03	0	4.08	39	24
2012-05-04	0	2.12	39	24
2012-05-05	0	1.91	38	23
2012-05-06	0	2.9	39	24
2012-05-07	0	2.04	38	23
2012-05-08	0	3.96	39	24
2012-05-09	0	3.08	40	23
2012-05-10	0	1.75	39	26
2012-05-11	0	1.98	41	27
2012-05-12	7.5	3.08	39	29
2012-05-13	0	3.12	37	27
2012-05-14	0	2.42	36	25
2012-05-15	0	4.19	36	24
2012-05-16	0	2.09	36	25
2012-05-17	0	1.74	37	23
2012-05-18	0	1.47	38	21
2012-05-19	0	3.39	37	23
2012-05-20	0	1.78	39	24
2012-05-21	0	2.06	38	20
2012-05-22	0	3.28	39	24
2012-05-23	0	1.61	38	25
2012-05-24	0	1.41	39	23
2012-05-25	0	0.96	38	24
2012-05-26	0	3.78	38	25
2012-05-27	0	2.22	39	24
2012-05-28	0	1.54	38	25
2012-05-29	0	3.06	38	24
2012-06-01	0	3.06	36	20
2012-06-02	0	7.94	37	22
2012-06-03	0	1.87	36	23
2012-06-04	0	4.49	38	22
2012-06-05	0	1.8	37	23
2012-06-06	0	2.94	39	24
2012-06-07	0	1.76	38	25
2012-06-08	0	3.34	37	23
2012-06-09	0	2.64	38	21
2012-06-10	0	2.24	39	20
2012-06-11	0	0.42	38	23
2012-06-12	0	2.06	39	21
2012-06-13	0	2.84	38	24
2012-06-14	0	1.25	39	22
2012-06-15	4.5	1.28	37	22
2012-06-16	0	1.78	39	21
2012-06-17	0	1.23	38	23
2012-06-18	1.7	3.47	36	21
2012-06-19	0	2.69	35	22
2012-06-20	0	2.53	37	19
2012-06-21	0	2.01	39	21
2012-06-22	0	2.99	38	24
2012-06-23	0	0.71	37	20
2012-06-24	0	1.68	36	21
2012-06-25	0	2.32	38	19
2012-06-26	0	2.3	37	25
2012-06-27	0	2.73	38	20
2012-06-28	0	1.97	36	22
2012-06-29	0	3.26	37	20
2012-06-30	0	3.13	37	21
2012-07-01	0	3.12	34	21
2012-07-02	0	3.56	35	22
2012-07-03	0	2.89	36	19
2012-07-04	0	2.5	38	24
2012-07-05	0	2.38	34	25
2012-07-06	0	3.22	33	19
2012-07-07	0	2.12	34	20
2012-07-08	0	1.62	35	23
2012-07-09	0	4.7	34	20
2012-07-10	0	2.77	33	21
2012-07-11	0	2.21	33	22
2012-07-12	0	2.42	36	24
2012-07-13	7.9	8.95	35	20
2012-07-14	0	3.48	34	21
2012-07-15	0	2.18	33	20
2012-07-16	0	2.05	34	22
2012-07-17	0	1.46	35	24
2012-07-18	0	3.86	36	25
2012-07-19	0	2.4	35	23
2012-07-20	0	1.79	33	24
2012-07-21	0	1.88	34	20
2012-07-22	0	2.47	35	21
2012-07-23	0	1.49	34	22
2012-07-24	0	5.4	33	23
2012-07-25	0	2.83	35	24
2012-07-26	0	1.79	36	21
2012-07-27	0	5.14	34	22
2012-07-28	0	1.85	34	21
2012-07-29	0	2.52	36	22
2012-07-30	0	2.92	39	24
2012-07-31	0	1.81	39	21
2012-08-01	0	3.64	35	20
2012-08-02	0	1.88	33	18
2012-08-03	0	4.09	34	21
2012-08-04	0	2.34	37	19
2012-08-05	2.7	8.13	34	21
2012-08-06	0	8.49	37	22
2012-08-07	0	4.66	35	21
2012-08-08	1.8	1.26	34	23
2012-08-09	0	1.38	35	20
2012-08-10	0	1.94	34	19
2012-08-11	0	5.21	33	18
2012-08-12	1.9	6.69	36	20
2012-08-13	2.8	4.31	37	21
2012-08-14	0	6.17	39	19
2012-08-15	0	8.97	38	20
2012-08-16	0	3.32	36	21
2012-08-17	0	4.03	35	18
2012-08-18	0	1.44	38	22
2012-08-19	5	7.29	39	18
2012-08-20	9	2.21	32	19
2012-08-21	0	2.92	32	22
2012-08-22	0	7.59	39	23
2012-08-23	4	7.01	38	22
2012-08-24	2.6	1.31	38	27
2012-08-25	2.2	6.03	36	21
2012-08-26	2.5	8.53	39	21
2012-08-27	0	2.33	38	23
2012-08-28	0	3.48	41	21
2012-08-29	0	3.91	42	24
2012-08-30	0	5.01	43	28
2012-08-31	0	4.71	43	23
2012-09-01	7.2	1.43	38	21
2012-09-02	0	5.77	40	22
2012-09-03	0	7.44	40	21
2012-09-04	0	1.45	35	20
2012-09-05	0	9.88	41	22
2012-09-06	0	4.75	39	25
2012-09-07	0	6.34	40	24
2012-09-08	7.5	6.25	39	21
2012-09-09	2.5	6.35	38	24
2012-09-10	7.5	2.52	38	27
2012-09-11	1.4	5.13	36	21
2012-09-12	0	6.77	37	27
2012-09-13	1.8	6.44	34	22
2012-09-14	11.5	3.57	34	27
2012-09-15	0	8.38	38	22
2012-09-16	0	6.12	38	24
2012-09-17	0	5.27	39	26
2012-09-18	0	3.77	38	24
2012-09-19	0	5.87	39	23
2012-09-20	0	5.07	41	25
2012-09-21	0	2.48	39	20
2012-09-22	4.7	3.41	38	24
2012-09-23	6.4	4.84	39	24
2012-09-24	3.1	8.69	39	25
2012-09-25	0	2.24	40	25
2012-09-26	7.1	8.82	38	26
2012-09-27	4.5	1.31	40	28
2012-09-28	4.5	2.81	40	25
2012-10-01	0	4.41	38	21
2012-10-02	0	2.7	39	20
2012-10-03	0	4.11	40	23
2012-10-04	7.4	5.06	46	21
2012-10-05	1.5	3.66	40	20
2012-10-06	0	1.25	35	24
2012-10-07	0	3.23	39	21
2012-10-08	0	2.62	38	23
2012-10-09	0	3.77	39	21
2012-10-10	0	3.8	38	22
2012-10-11	24	2.37	38	23
2012-10-12	0	2.66	40	24
2012-10-13	0	2.76	39	27
2012-10-14	0	4.53	40	21
2012-10-15	0	7.11	42	22
2012-10-16	0	5.38	45	23
2012-10-17	0	3.83	43	24
2012-10-18	0	3.8	42	21
2012-10-19	0	5.34	40	19
2012-10-20	0	3.08	43	20
2012-10-21	0	4.52	44	20
2012-10-22	0	3.76	45	19
2012-10-23	0	4.14	43	22
2012-10-24	0	3.31	47	21
2012-10-25	0	5.85	46	21
2012-10-26	0	2.9	45	22
2012-10-27	0	0.9	46	23
2012-10-28	0	1.9	43	21
2012-10-29	0	0.97	47	27
2012-10-30	0	3.03	43	28
2012-10-31	0	1.82	43	25
2012-11-01	0	2.77	47	29
2012-11-02	0	1.9	47	27
2012-11-03	0	1.9	48	29
2012-11-04	0	1.8	47	22
2012-11-05	0	1.98	49	27
2012-11-06	0	4.65	47	28
2012-11-07	0	2.08	46	26
2012-11-08	0	2.03	48	24
2012-11-09	0	1.8	37	28
2012-11-10	0	3.8	37	27
2012-11-11	0	1.9	43	27
2012-11-12	0	8.42	48	22
2012-11-13	0	3.35	43	21
2012-11-14	0	4.22	37	18
2012-11-15	0	1.29	35	20
2012-11-16	0	2.13	36	21
2012-11-17	0	4.16	35	22
2012-11-18	0	1.48	39	27
2012-11-19	0	1.2	38	28
2012-11-20	0	1.68	39	27
2012-11-21	0	2.94	38	28
2012-11-22	0	1.57	39	27
2012-11-23	0	2.14	37	25
2012-11-24	0	2.46	37	23
2012-11-25	0	2.52	40	24
2012-11-26	0	1.92	39	27
2012-11-27	0	2.14	38	21
2012-11-28	0	2.02	37	20
2012-11-29	0	1.42	38	22
2012-11-30	0	3.16	38	21
2012-12-01	0	0.77	35	21
2012-12-02	0	3.37	36	19
2012-12-03	0	2.18	33	21
2012-12-04	0	1.79	38	22
2012-12-05	0	3.2	37	23
2012-12-06	0	1.66	39	20
2012-12-07	0	2.41	38	23
2012-12-08	0	2.03	39	22
2012-12-09	0	1.67	37	21
2012-12-10	0	2.39	39	23
2012-12-11	0	9.63	37	20
2012-12-12	0	3	40	20
2012-12-13	0	3.11	39	20
2012-12-14	0	8.8	35	24
2012-12-15	0	1.89	40	20
2012-12-16	0	2.27	39	25
2012-12-17	0	2.39	38	23
2012-12-18	0	1.94	40	21
2012-12-19	0	2.08	39	20
2012-12-20	0	1.23	38	22
2012-12-21	0	1.48	35	21
2012-12-22	0	2.45	39	20
2012-12-23	0	0.33	37	20
2012-12-24	0	4.66	36	19
2012-12-25	0	1.04	39	20
2012-12-26	0	1.75	37	22
2012-12-27	0	3.79	39	19
2012-12-28	0	1.34	37	18
2012-12-29	0	1.12	39	20
2012-12-30	0	2.26	38	22
2012-12-31	0	3.28	38	23
2013-01-01	0	2.99	31	19
2013-01-02	0	2.78	30	20
2013-01-03	0	2.92	29	19
2013-01-04	0	2.72	29	17
2013-01-05	0	2.44	27	18
2013-01-06	0	14.09	30	19
2013-01-07	0	8.17	31	19
2013-01-08	0	0.9	30	20
2013-01-09	0	4.29	31	21
2013-01-10	0	1.99	30	20
2013-01-11	0	1.95	31	22
2013-01-12	0	1.45	32	23
2013-01-13	0	2.18	32	24
2013-01-14	0	1.94	30	20
2013-01-15	0	2.26	31	19
2013-01-16	0	2.07	30	18
2013-01-17	0	2.13	29	19
2013-01-18	0	2.04	30	18
2013-01-19	0	1.96	31	19
2013-01-20	0	2.01	30	17
2013-01-21	0	2.02	31	18
2013-01-22	0	1.91	30	19
2013-01-23	0	1.21	32	21
2013-01-24	0	2.4	31	22
2013-01-25	0	2.36	30	23
2013-01-26	0	2.44	33	22
2013-01-27	0	2.33	30	20
2013-01-28	0	1.89	29	22
2013-01-29	0	2.5	27	21
2013-01-30	0	0.29	32	19
2013-01-31	0	3.39	32	21
2013-02-01	0	2.58	37	29
2013-02-02	0	1.98	38	27
2013-02-03	0	2.14	37	21
2013-02-04	0	1.78	35	20
2013-02-05	0	1.91	37	21
2013-02-06	0	3.09	35	23
2013-02-07	0	1.15	36	22
2013-02-08	0	1.36	37	21
2013-02-09	0	0.97	39	24
2013-02-10	0	3.34	38	22
2013-02-11	0	3.16	39	23
2013-02-12	0	0.33	38	21
2013-02-13	0	2.19	34	22
2013-02-14	0	2.24	35	22
2013-02-15	3.1	0.85	39	23
2013-02-16	0	3.62	38	20
2013-02-17	0	2.08	37	21
2013-02-18	0	0.82	37	20
2013-02-19	0	1.88	39	23
2013-02-20	0	2.02	37	24
2013-02-21	0	2.25	35	21
2013-02-22	4	2.85	37	20
2013-02-23	0	2.15	38	24
2013-02-24	0	1.87	37	22
2013-02-25	0	2.13	38	23
2013-02-26	0	2.1	39	24
2013-02-27	0	1.7	40	21
2013-02-28	0	3.89	40	22
2013-07-01	0	1.69	38	22
2013-07-02	0	2.04	39	20
2013-07-03	0	3.47	38	24
2013-07-04	0	1.91	39	25
2013-07-05	0	1.58	39	21
2013-07-06	0	1.84	38	20
2013-07-07	0	3.17	36	23
2013-07-08	0	2.37	36	21
2013-07-09	0	11.96	37	19
2013-07-10	0	2.32	38	25
2013-07-11	0	2.1	39	24
2013-07-12	0	3.57	37	23
2013-07-13	0	3.05	38	24
2013-07-14	0	2.75	34	21
2013-07-15	0	2.62	38	22
2013-07-16	0	1.36	37	21
2013-07-17	0	2.1	38	20
2013-07-18	0	2.12	37	22
2013-07-19	0	3.12	39	24
2013-07-20	0	9.26	38	25
2013-07-21	0	4.09	37	23
2013-07-22	0	2.08	40	20
2013-07-23	0	2.62	39	21
2013-07-24	0	2.42	39	19
2013-07-25	0	2.05	39	21
2013-07-26	0	1.43	32	20
2013-07-27	0	1.82	35	19
2013-07-28	0	2.66	33	23
2013-07-29	0	1.54	35	29
2013-07-30	0	3.58	35	23
2013-08-01	0	2.79	39	20
2013-08-02	0	1.71	38	21
2013-08-03	0	2.2	37	22
2013-08-04	0	1.62	39	28
2013-08-05	0	4.06	38	23
2013-08-06	0	2.54	39	24
2013-08-07	0	2.08	38	20
2013-08-08	0	1.68	40	21
2013-08-09	0	2.35	39	20
2013-08-10	0	2.49	37	22
2013-08-11	0	3.96	36	21
2013-08-12	0	1.94	39	23
2013-08-13	0	3.34	38	20
2013-08-14	0	1.68	37	22
2013-08-15	0	2.96	37	21
2013-08-16	0	1.71	35	22
2013-08-17	0	1.88	37	19
2013-08-18	0	1.85	36	21
2013-08-19	0	2.12	39	20
2013-08-20	0	2.52	37	21
2013-08-21	0	1.96	38	23
2013-08-22	3.5	1.34	39	21
2013-08-23	2	3.55	35	22
2013-08-24	4.7	1.91	34	19
2013-08-25	5	2.02	30	20
2013-08-26	3	2.99	34	19
2013-08-27	2	1.97	36	21
2013-08-28	0	5.52	38	22
2013-08-29	3	1.86	29	20
2013-08-30	0	3.54	38	21
2013-08-31	0	3.14	38	19
2013-09-01	0	1.9	39	21
2013-09-02	0	2.09	37	20
2013-09-03	0	2.07	39	22
2013-09-04	0	1.94	38	19
2013-09-05	0	2.58	39	21
2013-09-06	5	1.68	36.6	20
2013-09-07	0	1.29	37	22
2013-09-08	0	2.38	38	20
2013-09-09	0	2.4	40	22
2013-09-10	4	1.9	37	21
2013-09-11	2	2.63	35	19
2013-09-12	4	1.57	37	21
2013-09-13	3	1.39	35	19
2013-09-14	5	0.3	38	20
2013-09-15	6	0.52	39	19
2013-09-16	4	0.51	35	22
2013-09-17	0	0.11	36	21
2013-09-18	0	2.56	37	24
2013-09-19	0	2.54	39	23
2013-09-20	4	2.13	38	21
2013-09-21	0	7.23	39	22
2013-09-22	0	3.46	38	21
2013-09-23	0	1.8	37	20
2013-09-24	0	1.62	38	22
2013-09-25	0	3.14	37	20
2013-09-26	0	2.53	39	23
2013-09-27	0	1.78	38	21
2013-09-28	0	1.77	39	23
2013-09-29	0	3.15	37	21
2013-09-30	0	2.03	37	22
2013-10-01	0	3.75	38	20
2013-10-02	0	2.92	37	19
2013-10-03	0	2.44	39	21
2013-10-04	0	2.59	37	20
2013-10-05	5	3.04	38	19
2013-10-06	0	3.05	37	22
2013-10-07	0	2.42	39	20
2013-10-08	0	2.77	38	19
2013-10-09	0	2.83	39	18
2013-10-10	0	2.92	38	19
2013-10-11	0	3.04	37	18
2013-10-12	0	3.17	39	22
2013-10-13	0	1.87	38	23
2013-10-14	0	5.04	37	20
2013-10-15	0	3.28	38	23
2013-10-16	0	2.42	39	21
2013-10-17	0	3.18	35	19
2013-10-18	1	4.16	39	20
2013-10-19	0	2.74	39	18
2013-10-20	0	4.2	35	19
2013-10-21	10	1.92	34	17
2013-10-22	0	2.32	35	19
2013-10-23	0	3.73	36	20
2013-10-24	0	1.73	35	19
2013-10-25	5	2.25	39	21
2013-10-26	0	2.87	35	19
2013-10-27	0	10.27	36	20
2013-10-28	0	3.58	34	25
2013-10-29	0	0.95	35	27
2013-10-30	0	1.94	36	29
2013-10-31	0	2.62	36	29
2013-11-01	0	1.02	32	28
2013-11-02	9	1.92	30	27
2013-11-03	0	8.97	31	27
2013-11-04	0	9.14	30	28
2013-11-05	0	0.89	32	26
2013-11-06	0	2.15	35	27
2013-11-07	0	3.09	36	22
2013-11-08	0	0.92	32	23
2013-11-09	4	1.04	30	22
2013-11-10	6	4.24	32	25
2013-11-11	10	5.99	31	23
2013-11-12	0	9.08	33	22
2013-11-13	0	0.98	33	27
2013-11-14	0	2.26	32	28
2013-11-15	0	1.92	32	29
2013-11-16	0	2.02	32	27
2013-11-17	0	1.82	30	25
2013-11-18	0	12.9	29	24
2013-11-19	0	1.05	30	26
2013-11-20	0	6.44	29	27
2013-11-21	0	1.21	28	26
2013-11-22	7.5	1.02	29	25
2013-11-23	0	1.02	30	24
2013-11-24	0	7.96	30	27
2013-11-25	0	1.89	29	25
2013-11-26	0	2.08	27	22
2013-11-27	0	0.97	27	20
2013-11-28	0	0.9	28	21
2013-11-29	0	1.16	27	22
2013-11-30	0	0.84	26	24
2013-12-01	0	1.05	30	27
2013-12-02	0	0.68	32	26
2013-12-03	0	1.11	31	17
2013-12-04	0	1.16	35	25
2013-12-05	1	1.85	32	27
2013-12-06	0	0.9	30	21
2013-12-07	0	3.88	29	26
2013-12-08	0	2.24	29	26
2013-12-09	0	1.62	28	23
2013-12-10	0	2.08	30	20
2013-12-11	1	2.28	31	21
2013-12-12	1.5	4.11	33	19
2013-12-13	0	0.97	31	22
2013-12-14	0	0.98	30	20
2013-12-15	0	2.02	30	23
2013-12-16	0	1.72	34	22
2013-12-17	0	2.28	32	21
2013-12-18	0	0.99	30	20
2013-12-19	0	1.73	33	19
2013-12-20	0	2.45	31	20
2013-12-21	0	1.5	33	22
2013-12-22	0	2.25	30	23
2013-12-23	1.5	3.18	34	19
2013-12-24	1	1.12	30	20
2013-12-25	2	10.19	31	20
2013-12-26	0	7.45	32	20
2013-12-27	0	2.46	33	21
2013-12-28	0	2.02	30	22
2013-12-29	5	3.2	31	21
2013-12-30	1	9.1	38	20
2013-12-31	0	4	38	24
2014-01-01	0	1.47	30	19
2014-01-02	0	1.9	31	17
2014-01-03	0	1.66	32	20
2014-01-04	0	0.97	30	22
2014-01-05	0	0.87	30	23
2014-01-06	0	0.88	32	22
2014-01-07	0	1.23	30	27
2014-01-08	0	1.02	32	23
2014-01-09	0	1.05	34	21
2014-01-10	0	2.35	32	25
2014-01-11	0	0.14	36	24
2014-01-12	0	1.33	36	22
2014-01-13	0	1.14	42	24
2014-01-14	0	1.31	34	25
2014-01-15	0	0.69	32	24
2014-01-16	0	1.07	31	25
2014-01-17	0	0.91	28	27
2014-01-18	0	1.24	35	18
2014-01-19	0	0.99	32	19
2014-01-20	0	1.11	37	23
2014-01-21	0	0.7	30	26
2014-01-22	0	1.31	35	18
2014-01-23	0	0.9	38	9
2014-01-24	0	1.09	31	15
2014-01-25	0	1.68	33	8
2014-01-26	0	1.1	43	9
2014-01-27	0	1.05	41	11
2014-01-28	0	0.8	34	13
2014-01-29	0	1.3	23	5
2014-01-30	0	0.96	38	5
2014-01-31	0	0.89	37	7
2014-02-01	0	3.7	39	9
2014-02-02	1	2.3	43	11
2014-02-03	0	2.82	29	13
2014-02-04	0	3.58	42	13
2014-02-05	0	3.56	26	14
2014-02-06	0	2.01	25	14
2014-02-07	0	1.28	34	10
2014-02-08	0	2.06	29	11
2014-02-09	0	1.79	38	10
2014-02-10	0	2.9	42	13
2014-02-11	0	2.9	34	14
2014-02-12	0	4.08	31	12
2014-02-13	0	1.27	35	14
2014-02-14	0	2.95	38	16
2014-02-15	0	2.7	37	15
2014-02-16	0	5.12	37	17
2014-02-17	0	1.22	39	15
2014-02-18	0	1.44	39	13
2014-02-19	0	7.34	38	13
2014-02-20	0	4.64	40	15
2014-02-21	0	4.61	33	19
2014-02-22	0	3.45	36	17
2014-02-23	0	2.63	36	20
2014-02-24	0	3.02	37	20
2014-02-25	0	1.96	36	20
2014-02-26	0	4.94	36	19
2014-02-27	0	2.83	34	28
2014-02-28	0	1.96	30	26
2014-03-01	0	0.92	36	28
2014-03-02	0	1.48	37	26
2014-03-03	0	1.91	35	29
2014-03-04	0	1.1	34	28
2014-03-05	0	0.8	32	27
2014-03-06	0	0.75	34	28
2014-03-07	0	1.46	37	28
2014-03-08	0	0.44	36	29
2014-03-09	0	1.26	34	27
2014-03-10	0	2.24	35	28
2014-03-11	0	1.05	32	29
2014-03-12	0	0.8	34	26
2014-03-13	0	4.85	32	25
2014-03-14	0	0.85	30	24
2014-03-15	0	1.35	31	22
2014-03-16	0	6.33	32	23
2014-03-17	0	1.21	33	25
2014-03-18	0	0.79	34	27
2014-03-19	0	1.85	35	28
2014-03-20	0	3.15	34	29
2014-03-21	0	1.85	35	27
2014-03-22	0	0.93	34	29
2014-03-23	0	1.01	35	28
2014-03-24	0	1.1	36	26
2014-03-25	0	0.94	37	28
2014-03-26	0	0.93	35	25
2014-03-27	0	0.89	37	28
2014-03-28	0	1.08	35	27
2014-03-29	0	0.95	36	29
2014-03-30	0	1.1	35	30
2014-03-31	0	1.01	35	28
2014-04-01	0	2.64	37	25
2014-04-02	0	3.14	38	22
2014-04-03	0	6.34	37	23
2014-04-04	0	2.4	38	24
2014-04-05	0	2.22	37	25
2014-04-06	0	0.82	39	24
2014-04-07	0	2.06	40	21
2014-04-08	0	2.1	38	25
2014-04-09	0	2.14	39	23
2014-04-10	0	2.39	38	21
2014-04-11	0	3.1	39	24
2014-04-12	0	2.85	40	23
2014-04-13	0	2.46	38	22
2014-04-14	0	2.4	35	23
2014-04-15	0	2.24	39	25
2014-04-16	0	1.83	35	24
2014-04-17	0	2.31	38	25
2014-04-18	0	1.16	39	24
2014-04-19	0	3.06	40	25
2014-04-20	0	1.6	39	21
2014-04-21	3.5	2.06	38	20
2014-04-22	0	4.72	35	24
2014-04-23	0	2.36	37	22
2014-04-24	0	3.14	39	25
2014-04-25	0	1.93	38	24
2014-04-26	0	1.19	35	23
2014-04-27	0	2.12	37	21
2014-04-28	0	1.75	38	23
2014-04-29	0	2.73	39	24
2014-04-30	0	3.65	39	25
2014-05-01	0	0.43	28	19
2014-05-02	0	1.03	29	20
2014-05-03	0	0.77	30	19
2014-05-04	0	1.16	34	22
2014-05-05	0	1.06	32	26
2014-05-06	0	0.96	33	27
2014-05-07	0	1.96	32	26
2014-05-08	0	2.08	31	27
2014-05-09	0	0.74	32	29
2014-05-10	0	0.93	36	27
2014-05-11	0	1.9	37	29
2014-05-12	0	3.4	32	30
2014-05-13	0	3.23	31	28
2014-05-14	0	2.18	29	26
2014-05-15	0	2.52	28	25
2014-05-16	0	0.2	30	24
2014-05-17	0	1.16	32	25
2014-05-18	0	0.92	32	28
2014-05-19	0	1.12	32	29
2014-05-20	0	1.95	34	30
2014-05-21	0	1.8	35	29
2014-05-22	0	3.25	36	30
2014-05-23	0	1.85	35	29
2014-05-24	0	0.79	32	28
2014-05-25	0	3.11	30	29
2014-05-26	0	5.8	31	27
2014-05-27	0	1.27	32	27
2014-05-28	0	0.89	31	29
2014-05-29	0	3.46	30	27
2014-05-30	0	3.8	33	28
2014-05-31	0	5.53	33	29
2014-06-01	0	0.83	38	23
2014-06-02	0	2.07	39	20
2014-06-03	0	0.8	35	25
2014-06-04	0	1.12	39	23
2014-06-05	0	1.05	41	22
2014-06-06	0	1.85	38	20
2014-06-07	0	1.99	47	20
2014-06-08	0	2.84	40	24
2014-06-09	0	1.85	35	22
2014-06-10	0	2.55	38	19
2014-06-11	0	1.77	30	22
2014-06-12	0	3.13	36	24
2014-06-13	0	1.03	39	24
2014-06-14	0	1.77	35	21
2014-06-15	0	1.86	32	23
2014-06-16	0	2.41	32	27
2014-06-17	0	1.78	38	26
2014-06-18	0	2.15	35	19
2014-06-19	0	1.7	41	23
2014-06-20	0	1.82	31	24
2014-06-21	0	3.43	36	27
2014-06-22	0	2.15	36	28
2014-06-23	0	0.83	39	21
2014-06-24	0	1.59	39	20
2014-06-25	7	6.9	36	19
2014-06-26	9	8.85	34	21
2014-06-27	0	1.23	32	20
2014-06-28	12	12.3	37	22
2014-06-29	0	0.82	32	21
2014-06-30	0	0.98	32	23
2014-07-01	0	2.8	39	21
2014-07-02	0	1.47	36	20
2014-07-03	0	3.64	37	23
2014-07-04	0	2.82	38	22
2014-07-05	0	1.86	39	24
2014-07-06	0	3.28	38	21
2014-07-07	0	1.69	39	20
2014-07-08	0	3.49	35	23
2014-07-09	0	1.82	37	20
2014-07-10	0	1.86	38	21
2014-07-11	0	3.1	38	22
2014-07-12	0	2.75	39	21
2014-07-13	0	3.29	38	20
2014-07-14	0	3.13	39	23
2014-07-15	0	1.82	39	22
2014-07-16	0	1.92	40	21
2014-07-17	0	2.15	41	23
2014-07-18	0	2.57	39	20
2014-07-19	0	2.06	37	21
2014-07-20	0	2.4	38	20
2014-07-21	0	1.44	39	22
2014-07-22	0	2.21	38	21
2014-07-23	0	2.66	39	22
2014-07-24	0	2.16	37	20
2014-07-25	0	2.15	39	22
2014-07-26	0	1.46	38	24
2014-07-27	0	1.67	39	21
2014-07-28	0	3.15	38	20
2014-07-29	0	2.45	39	21
2014-07-30	0	0.92	37	20
2014-07-31	0	2.08	37	23
2014-08-01	0	2.15	36	24
2014-08-02	0	1.95	39	23
2014-08-03	0	1.85	35	22
2014-08-04	0	2.45	34	24
2014-08-05	0	1.75	38	23
2014-08-06	0	1.85	40	24
2014-08-07	0	2.13	39	25
2014-08-08	0	1.33	38	22
2014-08-09	0	1.69	37	20
2014-08-10	0	1.88	38	21
2014-08-11	0	3.12	36	23
2014-08-12	0	2.13	39	20
2014-08-13	0	1.82	37	22
2014-08-14	0	2.25	35	24
2014-08-15	0	1.78	36	21
2014-08-16	0	2.92	39	20
2014-08-17	0	3.23	36	23
2014-08-18	0	3.15	40	22
2014-08-19	0	2.7	37	24
2014-08-20	0	1.15	38	21
2014-08-21	0	1.22	37	23
2014-08-22	0	0.95	39	20
2014-08-23	0	1.92	36	22
2014-08-24	0	1.72	38	24
2014-08-25	0	2.16	38	21
2014-08-26	0	2.06	39	23
2014-08-27	0	8.81	37	20
2014-08-28	0	0.65	40	22
2014-08-29	0	1.76	38	24
2014-08-30	0	1.14	39	21
2014-08-31	0	1.17	39	20
2014-09-01	0	1.1	38	21
2014-09-02	0	0.55	39	22
2014-09-03	0	1.4	38	21
2014-09-04	0	0.95	37	20
2014-09-05	0	2.05	39	23
2014-09-06	0	1.95	38	20
2014-09-07	0	1.03	40	24
2014-09-08	0	1.12	39	22
2014-09-09	0	0.78	37	21
2014-09-10	0	1.82	40	24
2014-09-11	0	0.98	38	20
2014-09-12	0	2.12	40	21
2014-09-13	5	12.35	39	22
2014-09-14	7	0.72	38	23
2014-09-15	0	7.97	37	19
2014-09-16	0	0.75	39	24
2014-09-17	0	1.5	38	22
2014-09-18	0	0.93	40	20
2014-09-19	0	0.83	37	24
2014-09-20	0	1.19	38	23
2014-09-21	0	1.05	39	22
2014-09-22	0	0.8	37	21
2014-09-23	0	1.11	38	20
2014-09-24	0	0.64	36	23
2014-09-25	0	1.05	39	24
2014-09-26	0	2.4	40	22
2014-09-27	0	0.85	37	21
2014-09-28	0	1.15	38	23
2014-09-29	0	0.6	39	24
2014-09-30	0	1.35	39	20
2014-10-01	0	1.88	36	20
2014-10-02	0	1.99	34	23
2014-10-03	0	0.92	37	21
2014-10-04	0	0.93	35	20
2014-10-05	0	2.22	39	22
2014-10-06	0	1.5	34	24
2014-10-07	0	2.4	38	20
2014-10-08	0	0.64	37	21
2014-10-09	0	1.91	35	22
2014-10-10	0	2.15	36	22
2014-10-11	0	1.33	35	20
2014-10-12	0	0.72	39	21
2014-10-13	0	2.13	35	24
2014-10-14	0	1.65	36	23
2014-10-15	0	2.32	35	22
2014-10-16	0	3.05	37	21
2014-10-17	0	2.05	39	20
2014-10-18	4	3.8	38	21
2014-10-19	4	5	36	22
2014-10-20	3	4.35	37	23
2014-10-21	4	7.85	38	20
2014-10-22	3	6.19	37	19
2014-10-23	3	3.04	35	21
2014-10-24	0	2.54	36	22
2014-10-25	0	0.12	39	20
2014-10-26	0	1.14	40	23
2014-10-27	0	0.53	38	21
2014-10-28	0	8.88	39	22
2014-10-29	0	12.35	37	28
2014-10-30	0	0.55	35	20
2014-10-31	0	1.1	35	23
2014-11-01	0	1.13	30	20
2014-11-02	0	0.56	32	19
2014-11-03	0	2.54	33	21
2014-11-04	0	1.74	31	20
2014-11-05	0	1.66	32	21
2014-11-06	0	1.38	33	19
2014-11-07	0	1.49	31	23
2014-11-08	0	3.17	33	21
2014-11-09	0	1.42	32	20
2014-11-10	0	1.52	30	22
2014-11-11	0	2.56	33	21
2014-11-12	0	1.6	33	22
2014-11-13	0	0.67	31	20
2014-11-14	0	2.42	31	19
2014-11-15	0	1.34	33	22
2014-11-16	0	1.78	34	20
2014-11-17	1.5	10.16	30	19
2014-11-18	1.9	2.13	33	18
2014-11-19	2	1.86	34	21
2014-11-20	0	6.16	31	20
2014-11-21	0	1.65	34	21
2014-11-22	0	2.12	33	20
2014-11-23	0	2.45	31	22
2014-11-24	0	1.98	34	23
2014-11-25	0	0.55	32	20
2014-11-26	0	1.84	33	21
2014-11-27	0	2.42	32	20
2014-11-28	0	1.82	31	23
2014-11-29	0	2.68	33	24
2014-11-30	0	1.78	33	20
2014-12-01	0	2.26	34	21
2014-12-02	0	1.2	31	22
2014-12-03	0	1.3	33	21
2014-12-04	0	2.77	35	20
2014-12-05	0	1.52	36	22
2014-12-06	0	0.89	33	25
2014-12-07	0	1.87	33	21
2014-12-08	0	2.07	31	20
2014-12-09	0	2.42	33	21
2014-12-10	0	1.63	34	20
2014-12-11	0	2.09	33	21
2014-12-12	0	2.18	35	22
2014-12-13	0	1.78	33	21
2014-12-14	0	2.5	32	20
2014-12-15	0	1.59	34	19
2014-12-16	2	1.72	33	22
2014-12-17	0	5.66	32	19
2014-12-18	0	0.55	30	22
2014-12-19	4	3.57	30	19
2014-12-20	0	4.73	32	20
2014-12-21	0	2.22	32	23
2014-12-22	0	1.97	33	20
2014-12-23	0	0.54	34	22
2014-12-24	0	2.17	33	20
2014-12-25	0	2.23	31	21
2014-12-26	0	2.3	33	20
2014-12-27	0	1.55	34	23
2014-12-28	0	2.34	33	21
2014-12-29	0	2.93	33	22
2014-12-30	0	2.14	32	20
2014-12-31	0	2.47	32	21
2015-01-01	0	1.94	32	21
2015-01-02	0	1.48	33	20
2015-01-03	0	2.54	34	22
2015-01-04	0	1.75	31	20
2015-01-05	0	1.33	34	22
2015-01-06	0	2.16	33	21
2015-01-07	0	1.9	34	23
2015-01-08	0	1.77	33	21
2015-01-09	0	1.77	35	20
2015-01-10	0	1.76	36	24
2015-01-11	1.5	3.77	35	23
2015-01-12	0	5.53	34	21
2015-01-13	0	2.12	33	24
2015-01-14	0	2.98	34	21
2015-01-15	0	1.34	32	20
2015-01-16	1.7	2.41	36	24
2015-01-17	0	1.83	33	21
2015-01-18	0	5.62	33	20
2015-01-19	0	2.26	33	22
2015-01-20	0	5.86	35	21
2015-01-21	0	5.86	34	23
2015-01-22	0	9.07	33	24
2015-01-23	0	1.81	32	21
2015-01-24	0	1.91	34	24
2015-01-25	0	2.28	35	21
2015-01-26	0	1.83	34	20
2015-01-27	0	1.42	35	19
2015-01-28	0	2.48	35	21
2015-01-29	0	3.22	33	20
2015-01-30	0	1.48	33	22
2015-01-31	0	3.1	31	20
2015-02-01	0	0.85	34	21
2015-02-02	0	1.21	34	20
2015-02-03	0	0.9	32	22
2015-02-04	0	1.06	33	20
2015-02-05	0	0.73	33	23
2015-02-06	0	1.28	34	20
2015-02-07	0	0.77	32	21
2015-02-08	0	6.78	35	22
2015-02-09	0	4.27	34	25
2015-02-10	0	0.15	33	24
2015-02-11	0	0.17	32	19
2015-02-12	0	0.9	30	20
2015-02-13	0	1.03	30	18
2015-02-14	0	1.27	31	19
2015-02-15	0	1.4	33	20
2015-02-16	0	0.96	32	22
2015-02-17	0	10.4	35	21
2015-02-18	0	0.95	36	23
2015-02-19	0	1.17	35	24
2015-02-20	0	0.88	35	22
2015-02-21	0	1.08	34	21
2015-02-22	0	0.82	34	22
2015-02-23	0	1.39	33	20
2015-02-24	0	1.04	33	21
2015-02-25	0	7.31	33	21
2015-02-26	0	1.1	32	23
2015-02-27	0	0.86	33	20
2015-02-28	0	1.04	32	22
2015-03-01	0	1.69	31	29
2015-03-02	0	1.44	32	29
2015-03-03	0	1.97	33	30
2015-03-04	0	0.7	34	29
2015-03-05	0	1.81	31	30
2015-03-06	0	3.1	32	27
2015-03-07	0	1.36	35	29
2015-03-08	0	4.08	34	28
2015-03-09	0	1.74	33	29
2015-03-10	0	2.03	33	27
2015-03-11	0	2.11	32	19
2015-03-12	0	1.54	33	20
2015-03-13	0	0.33	34	25
2015-03-14	0	1.12	35	24
2015-03-15	0	0.88	34	26
2015-03-16	0	1.9	32	28
2015-03-17	0.5	9.97	35	27
2015-03-18	0	4.67	31	30
2015-03-19	0	0.87	32	21
2015-03-20	0	1.1	32	27
2015-03-21	0	0.85	31	20
2015-03-22	0	1.09	32	20
2015-03-23	0	1.06	34	27
2015-03-24	0	7.4	35	25
2015-03-25	0	1.17	34	26
2015-03-26	0	1.23	33	27
2015-03-27	0	1.9	36	25
2015-03-28	0	2.13	35	30
2015-03-29	0	1.99	34	29
2015-03-30	0	1.9	33	27
2015-03-31	0	1.7	33	25
2015-04-01	0	1.73	31	28
2015-04-02	0	2.23	34	27
2015-04-03	0	1.84	36	29
2015-04-04	0	2.18	35	28
2015-04-05	0	1.74	34	27
2015-04-06	0	2.18	36	29
2015-04-07	0	1.93	38	28
2015-04-08	0	2.23	37	27
2015-04-09	0	1.89	36	25
2015-04-10	0	2.21	39	27
2015-04-11	0	1.84	37	28
2015-04-12	0	1.83	39	26
2015-04-13	0	3.02	35	28
2015-04-14	0	3.13	37	25
2015-04-15	0	1.96	39	22
2015-04-16	0	3.09	38	21
2015-04-17	5	1.91	39	25
2015-04-18	0	0.8	37	26
2015-04-19	6	12.02	38	22
2015-04-20	10	14.19	36	24
2015-04-21	0	11.32	37	21
2015-04-22	0	2.59	38	22
2015-04-23	0	1.08	39	23
2015-04-24	0	3.1	36	27
2015-04-25	0	2.13	37	26
2015-04-26	0	2.57	38	22
2015-04-27	0	2.11	39	28
2015-04-28	0	3.29	38	25
2015-04-29	0	1.87	39	27
2015-04-30	0	NULO	NULO	NULO
2015-05-01	0	1.69	38	22
2015-05-02	0	2.04	39	20
2015-05-03	0	3.47	38	24
2015-05-04	0	1.91	39	25
2015-05-05	0	1.58	39	21
2015-05-06	0	1.84	38	20
2015-05-07	0	3.17	36	23
2015-05-08	0	2.37	37	21
2015-05-09	0	1.9	38	24
2015-05-10	0	0.93	37	27
2015-05-11	0	0.9	36	26
2015-05-12	10.5	2.35	35	29
2015-05-13	0	1.73	34	27
2015-05-14	0	10.15	35	25
2015-05-15	0	1.85	39	27
2015-05-16	0	0.33	38	29
2015-05-17	0	1.93	38	28
2015-05-18	0	1.95	38	28
2015-05-19	0	2.97	39	30
2015-05-20	0	3.18	38	29
2015-05-21	20	1.29	36	28
2015-05-22	0	1.91	34	22
2015-05-23	0	0.95	34	20
2015-05-24	0	1.27	32	22
2015-05-25	0	0.5	33	19
2015-05-26	0	0.88	34	23
2015-05-27	0	1.1	35	19
2015-05-28	0	0.83	36	20
2015-05-29	0	0.99	37	23
2015-05-30	0	2.21	36	25
2015-05-31	0	2.77	35	27
2015-07-01	0	1.11	31	22
2015-07-02	0	1.03	32	21
2015-07-03	0	1.95	32	23
2015-07-04	0	2.15	30	25
2015-07-05	0	1.7	32	22
2015-07-06	0	1.9	32	21
2015-07-07	0	3.03	30	20
2015-07-08	0	3.14	35	22
2015-07-09	0	2.86	35	27
2015-07-10	0	1.9	32	28
2015-07-11	0	3.41	35	28
2015-07-12	0	1.62	35	27
2015-07-13	0	0.94	35	26
2015-07-14	0	2.36	32	27
2015-07-15	0	1.68	31	28
2015-07-16	0	3.02	35	26
2015-07-17	0	1.08	34	28
2015-07-18	0	4.7	31	21
2015-07-19	0	1.41	32	20
2015-07-20	0	2.86	33	21
2015-07-21	0	2.2	31	19
2015-07-22	0	3.29	30	17
2015-07-23	0	1.02	34	19
2015-07-24	0	1.65	30	21
2015-07-25	0	1.91	31	22
2015-07-26	0	2.43	38	23
2015-07-27	0	2.94	39	24
2015-07-28	0	1.95	36	22
2015-07-29	0	3.05	35	27
2015-07-30	0	3.8	32	28
2015-07-31	0	2.22	32	25
2015-08-01	0	3.22	39	20
2015-08-02	0	6.67	38	21
2015-08-03	0	2.38	37	22
2015-08-04	0	2.75	39	24
2015-08-05	0	2.15	38	23
2015-08-06	0	1.75	39	24
2015-08-07	0	3.17	38	20
2015-08-08	0	0.93	37	21
2015-08-09	0	1.77	38	20
2015-08-10	0	3.23	37	22
2015-08-11	0	2.02	36	21
2015-08-12	0	2.88	39	23
2015-08-13	0	2.15	38	20
2015-08-14	0	1.95	35	22
2015-08-15	0	2.8	37	21
2015-08-16	0	3.47	35	22
2015-08-17	0	0.83	37	19
2015-08-18	0	4.2	36	21
2015-08-19	0	2.72	39	20
2015-08-20	0	2.25	37	21
2015-08-21	0	1.8	38	23
2015-08-22	0	1.96	37	21
2015-08-23	0	4.27	35	22
2015-08-24	0	1.27	34	14
2015-08-25	0	0.99	30	20
2015-08-26	0	2.75	34	19
2015-08-27	0	5.91	36	21
2015-08-28	0	3.31	38	22
2015-08-29	0	3.15	39	20
2015-08-30	0	1.96	38	21
2015-08-31	0	2.12	38	22
2015-09-01	0	0.88	39	20
2015-09-02	0	1.33	38	21
2015-09-03	0	0.84	37	22
2015-09-04	0	0.96	39	24
2015-09-05	0	1.29	38	23
2015-09-06	0	2.18	39	21
2015-09-07	0	1.8	38	20
2015-09-08	0	1.74	40	21
2015-09-09	0	2.49	39	20
2015-09-10	0	1.51	35	22
2015-09-11	0	2.32	36	21
2015-09-12	0	3.28	39	23
2015-09-13	0	1.88	38	20
2015-09-14	0	0.82	35	22
2015-09-15	0	1.7	37	21
2015-09-16	0	1.24	35	22
2015-09-17	0	1.83	36	19
2015-09-18	0	2.23	37	24
2015-09-19	0	2.1	39	23
2015-09-20	0	0.91	38	21
2015-09-21	0	1.11	39	22
2015-09-22	0	2	38	21
2015-09-23	0	1.1	37	20
2015-09-24	0	1.92	38	22
2015-09-25	0	1.08	37	20
2015-09-26	0	0.95	39	23
2015-09-27	0	2.19	38	21
2015-09-28	0	2.87	39	23
2015-09-29	0	1.69	37	21
2015-09-30	0	1.09	37	22
2015-10-01	0	1.86	31	22
2015-10-02	0	0.98	30	20
2015-10-03	0	0.76	31	21
2015-10-04	0	1.47	30	20
2015-10-05	0	1.84	31	19
2015-10-06	0	1.01	30	18
2015-10-07	0	1.68	31	19
2015-10-08	0	3.9	32	17
2015-10-09	0	1.33	33	18
2015-10-10	0	0.78	30	19
2015-10-11	10	8.78	30	19
2015-10-12	10	1.01	32	18
2015-10-13	0	1.09	30	20
2015-10-14	0	0.94	32	22
2015-10-15	0	1.16	32	23
2015-10-16	4	6.9	30	27
2015-10-17	5	6.07	32	27
2015-10-18	4	2.86	32	29
2015-10-19	15	2.6	30	28
2015-10-20	20	2.52	31	25
2015-10-21	15	9.98	30	27
2015-10-22	18	2.88	29	26
2015-10-23	17	1.61	30	22
2015-10-24	0	1.69	31	22
2015-10-25	0	1.26	29	21
2015-10-26	0	0.99	30	20
2015-10-27	0	1.01	31	25
2015-10-28	3	6.16	32	27
2015-10-29	0	2.98	30	28
2015-10-30	0	1.34	32	28
2015-10-31	0	3.24	32	27
2015-11-01	0	0.87	30	21
2015-11-02	0	0.93	31	20
2015-11-03	0	1.09	30	19
2015-11-04	0	0.89	32	18
2015-11-05	0	1.24	30	19
2015-11-06	0	0.98	31	17
2015-11-07	0	1.08	30	20
2015-11-08	0	1.04	31	22
2015-11-09	0	0.95	31	25
2015-11-10	0	1.05	30	22
2015-11-11	0	0.88	31	25
2015-11-12	0	0.99	30	26
2015-11-13	0	0.91	30	20
2015-11-14	0	1.12	32	21
2015-11-15	0	0.76	31	25
2015-11-16	0	1.44	32	22
2015-11-17	0	0.86	30	21
2015-11-18	0	1.02	31	19
2015-11-19	0	0.8	30	20
2015-11-20	0	1.05	31	22
2015-11-21	0	1.09	30	25
2015-11-22	0	0.85	31	22
2015-11-23	0	1.23	32	25
2015-11-24	0	0.97	30	27
2015-11-25	0	1.12	31	22
2015-11-26	0	1.06	30	21
2015-11-27	0	0.46	31	22
2015-11-28	0	1.37	31	25
2015-11-29	0	0.97	30	22
2015-11-30	0	1.71	30	22
2015-12-01	0	1.13	30	21
2015-12-02	0	0.87	30	20
2015-12-03	11	4.9	29	22
2015-12-04	5	3.94	30	19
2015-12-05	0	3.97	31	18
2015-12-06	0	5.77	30	19
2015-12-07	0	1.16	30	17
2015-12-08	0	0.98	31	16
2015-12-09	0	1	32	19
2015-12-10	0	1.02	31	17
2015-12-11	0	2.08	30	19
2015-12-12	0	1.08	31	18
2015-12-13	0	1.14	32	19
2015-12-14	0	0.86	31	17
2015-12-15	0	0.84	31	15
2015-12-16	0	0.94	30	19
2015-12-17	0	1.19	30	19
2015-12-18	0	0.91	31	14
2015-12-19	0	1.04	30	17
2015-12-20	0	1.05	30	19
2015-12-21	0	1.02	31	17
2015-12-22	0	4.02	32	20
2015-12-23	0	6.03	30	22
2015-12-24	0	1.15	31	25
2015-12-25	0	1.95	30	22
2015-12-26	0	1.05	30	21
2015-12-27	0	1.98	31	20
2015-12-28	0	0.94	30	22
2015-12-29	0	1.06	31	21
2015-12-30	0	0.82	30	17
2015-12-31	0	2.11	30	18
2016-01-01	0	0.87	30	25
2016-01-02	0	1.03	31	26
2016-01-03	0	0.98	30	27
2016-01-04	0	1.12	31	22
2016-01-05	0	1.03	29	27
2016-01-06	0	0.95	29	22
2016-01-07	0	0.91	30	21
2016-01-08	0	1.16	30	22
2016-01-09	0	1.03	31	23
2016-01-10	0	0.72	31	27
2016-01-11	0	1.23	31	22
2016-01-12	0	0.87	31	25
2016-01-13	0	0.98	32	28
2016-01-14	0	0.91	31	28
2016-01-15	0	1.43	30	25
2016-01-16	5	1.01	30	21
2016-01-17	0	6.03	30	22
2016-01-18	0	0.97	31	20
2016-01-19	0	0.9	30	21
2016-01-20	0	1.02	30	22
2016-01-21	0	2.03	31	25
2016-01-22	0	0.98	30	25
2016-01-23	0	0.88	31	23
2016-01-24	0	1.14	30	25
2016-01-25	0	0.95	31	26
2016-01-26	0	1.02	30	25
2016-01-27	3	5.93	31	27
2016-01-28	0	3.98	32	22
2016-01-29	0	1.04	31	27
2016-01-30	0	2.51	30	25
2016-01-31	0	3.24	30	22
2016-02-01	0	0.9	32	29
2016-02-02	0	1.15	31	27
2016-02-03	0	0.95	31	28
2016-02-04	0	1.15	32	29
2016-02-05	0	0.83	31	27
2016-02-06	0	1.13	31	25
2016-02-07	0	0.89	30	22
2016-02-08	0	0.9	31	20
2016-02-09	0	1.08	32	25
2016-02-10	0	1.02	31	27
2016-02-11	0	1.05	32	25
2016-02-12	0	0.9	30	29
2016-02-13	0	1.12	31	25
2016-02-14	0	1.41	32	22
2016-02-15	7	8.06	30	27
2016-02-16	0	1.08	30	25
2016-02-17	0	0.92	30	20
2016-02-18	0	1.08	31	22
2016-02-19	0	1.07	32	28
2016-02-20	0	0.7	31	29
2016-02-21	0	2.2	36	29
2016-02-22	0	1.06	32	29
2016-02-23	0	1.97	30	25
2016-02-24	0	1.11	30	22
2016-02-25	0	0.86	31	21
2016-02-26	0	1.05	30	22
2016-02-27	0	0.8	31	20
2016-02-28	0	1.18	30	22
2016-02-29	0	1.54	30	21
2016-03-01	0	0.99	30	25
2016-03-02	0	1.01	30	22
2016-03-03	0	0.92	31	25
2016-03-04	0	0.85	32	27
2016-03-05	0	1.24	31	29
2016-03-06	0	0.78	31	25
2016-03-07	0	1.19	31	22
2016-03-08	0	1.05	30	27
2016-03-09	0	1.02	31	28
2016-03-10	0	0.66	32	22
2016-03-11	0	1.34	32	27
2016-03-12	0	1.16	33	29
2016-03-13	0	0.77	34	22
2016-03-14	5	5.15	31	25
2016-03-15	0	5.45	31	21
2016-03-16	0	0.91	30	23
2016-03-17	0	1.15	31	21
2016-03-18	0	1.22	31	22
2016-03-19	0	0.79	30	21
2016-03-20	0	0.99	31	20
2016-03-21	0	0.9	32	22
2016-03-22	0	1.33	32	25
2016-03-23	0	5.22	32	21
2016-03-24	0	1.22	32	27
2016-03-25	0	0.77	32	25
2016-03-26	0	0.9	31	27
2016-03-27	0	1.15	31	20
2016-03-28	0	0.93	34	22
2016-03-29	0	1.06	32	27
2016-03-30	0	1.07	32	29
2016-03-31	0	2.17	32	27
2016-04-01	0	0.99	32	27
2016-04-02	0	1.19	31	28
2016-04-03	0	1.07	31	27
2016-04-04	0	0.91	32	28
2016-04-05	0	0.99	31	27
2016-04-06	0	0.96	30	22
2016-04-07	0	1.07	31	21
2016-04-08	0	0.92	32	27
2016-04-09	0	1.03	32	28
2016-04-10	0	0.86	32	29
2016-04-11	0	1.1	33	28
2016-04-12	5	4.09	31	29
2016-04-13	0	0.13	32	28
2016-04-14	0	1.15	30	29
2016-04-15	0	0.87	34	22
2016-04-16	0	1.93	35	27
2016-04-17	0	1.11	32	29
2016-04-18	0	2.05	34	28
2016-04-19	0	2.06	35	29
2016-04-20	4	0.99	32	27
2016-04-21	0	0.16	35	28
2016-04-22	0	1	34	29
2016-04-23	0	2.93	36	28
2016-04-24	0	1.9	34	27
2016-04-25	0	2.13	35	29
2016-04-26	0	1.92	34	28
2016-04-27	0	1.96	32	27
2016-04-28	0	1.01	30	25
2016-04-29	0	2.11	32	22
2016-04-30	0	3.51	32	27
2016-05-01	0	0.97	31	27
2016-05-02	0	0.96	32	25
2016-05-03	0	1.88	34	27
2016-05-04	0	2.12	32	29
2016-05-05	0	1.04	35	25
2016-05-06	0	1.98	34	27
2016-05-07	0	1.98	32	25
2016-05-08	0	1.98	34	27
2016-05-09	0	2.01	32	29
2016-05-10	0	2.02	34	25
2016-05-11	0	2.06	32	27
2016-05-12	0	1.07	32	22
2016-05-13	0	1.86	30	23
2016-05-14	0	0.87	32	28
2016-05-15	0	1.16	32	27
2016-05-16	0	1.97	33	29
2016-05-17	0	0.83	34	28
2016-05-18	0	2.18	35	27
2016-05-19	0	0.79	32	25
2016-05-20	0	1.12	35	29
2016-05-21	0	1.94	35	28
2016-05-22	0	1.88	32	29
2016-05-23	0	1.15	35	27
2016-05-24	0	0.9	32	29
2016-05-25	0	1.97	34	22
2016-05-26	0	0.93	35	27
2016-05-27	0	0.15	35	29
2016-05-28	0	2.01	32	25
2016-05-29	0	2.04	35	27
2016-05-30	0	1.13	35	28
2016-05-31	0	NULO	35	27
2016-06-01	1.1	1.03	34	21
2016-06-02	13.5	1.21	35	19
2016-06-03	13	1.21	37	20
2016-06-04	5.5	4.53	38	22
2016-06-05	1.5	0.3	35	21
2016-06-06	0	1.3	34	19
2016-06-07	0	0.84	37	17
2016-06-08	0	1.14	34	19
2016-06-09	0	1.1	37	20
2016-06-10	0	0.97	36	22
2016-06-11	0	0.88	38	20
2016-06-12	0	1.16	36	22
2016-06-13	0	0.55	37	21
2016-06-14	0	2.33	39	22
2016-06-15	0	0.87	37	25
2016-06-16	0	1.07	35	21
2016-06-17	0	0.98	37	19
2016-06-18	0	1.06	38	17
2016-06-19	0	0.9	35	19
2016-06-20	0	0.66	37	20
2016-06-21	0	1.38	36	21
2016-06-22	0.5	0.6	37	20
2016-06-23	4.5	0.7	37	19
2016-06-24	3.5	2.85	36	20
2016-06-25	0	2.85	35	19
2016-06-26	0	0.1	34	21
2016-06-27	0	0.9	35	20
2016-06-28	0	0.76	34	19
2016-06-29	0	1.39	37	18
2016-06-30	0	NULO	37	22
2016-07-01	0	0.9	35	19
2016-07-02	0	1.09	38	15
2016-07-03	0	1.06	39	20
2016-07-04	0	0.97	37	22
2016-07-05	0	1.03	38	19
2016-07-06	0	0.88	37	17
2016-07-07	0	1.1	38	19
2016-07-08	0	0.59	37	20
2016-07-09	0	1.31	35	19
2016-07-10	0	0.92	39	15
2016-07-11	0	0.87	37	19
2016-07-12	0	0.97	39	15
2016-07-13	0	0.92	38	19
2016-07-14	0	1.44	39	20
2016-07-15	0	0.95	38	20
2016-07-16	0	0.95	35	19
2016-07-17	0	0.85	37	20
2016-07-18	0	1.23	36	21
2016-07-19	0	1.04	38	19
2016-07-20	0	0.98	39	22
2016-07-21	0	0.92	37	21
2016-07-22	0	0.83	39	20
2016-07-23	0	1.1	36	22
2016-07-24	0	0.98	38	19
2016-07-25	0	1.03	35	21
2016-07-26	0	1.04	37	17
2016-07-27	10	1.01	38	19
2016-07-28	5	4.9	37	17
2016-07-29	0	1.1	38	19
2016-07-30	0	0.97	39	20
2016-07-31	0	NULO	39	22
2016-08-01	0	1.03	38	20
2016-08-02	0	1.02	39	21
2016-08-03	0	0.98	39	22
2016-08-04	0	1.05	38	23
2016-08-05	0	0.98	37	20
2016-08-06	0	1.02	38	19
2016-08-07	0	1.05	37	20
2016-08-08	0	0.82	38	19
2016-08-09	0	0.98	37	20
2016-08-10	0	1.01	39	19
2016-08-11	0	1.02	37	22
2016-08-12	0	1.02	36	19
2016-08-13	0.5	0.9	37	17
2016-08-14	0.6	0.1	35	19
2016-08-15	0	6.95	38	17
2016-08-16	0	1	39	19
2016-08-17	0	1.17	37	22
2016-08-18	0	0.75	36	20
2016-08-19	0	1.03	38	19
2016-08-20	0	1.08	36	22
2016-08-21	0	0.88	37	19
2016-08-22	0	1.12	36	17
2016-08-23	0	1.04	39	19
2016-08-24	0	1.07	37	20
2016-08-25	0	0.97	39	19
2016-08-26	0	0.83	35	22
2016-08-27	0.6	1.58	39	19
2016-08-28	0.7	1.09	35	20
2016-08-29	0	8.04	36	19
2016-08-30	0	0.84	37	17
2016-08-31	0	0.84	37	19
2016-10-01	0	0.93	30	22
2016-10-02	0	1.13	31	20
2016-10-03	0	0.97	30	19
2016-10-04	0	1.02	31	17
2016-10-05	0	0.96	32	19
2016-10-06	0	0.92	31	20
2016-10-07	0	1.03	30	19
2016-10-08	0	0.89	32	17
2016-10-09	0	1.11	30	19
2016-10-10	0	0.64	32	20
2016-10-11	0	1.36	31	22
2016-10-12	0	1.64	32	20
2016-10-13	0	0.93	30	22
2016-10-14	0	0.9	32	21
2016-10-15	0	1.04	30	22
2016-10-16	0	1.01	32	21
2016-10-17	0	1.08	31	22
2016-10-18	0	0.93	31	21
2016-10-19	0	0.89	32	22
2016-10-20	3	1.24	30	20
2016-10-21	0	4.03	31	22
2016-10-22	0	2.05	32	21
2016-10-23	0	0.95	31	23
2016-10-24	0	0.89	32	22
2016-10-25	0	1.16	31	23
2016-10-26	0	0.95	30	22
2016-10-27	0	1.03	31	21
2016-10-28	0	0.97	32	22
2016-10-29	0	0.89	31	21
2016-10-30	0	1.06	32	22
2016-10-31	0	1.05	31	21
2016-12-01	0	0.97	34	22
2016-12-02	0	0.95	35	20
2016-12-03	0	0.97	32	22
2016-12-04	0	1.11	34	19
2016-12-05	0	0.85	32	20
2016-12-06	0	0.96	35	19
2016-12-07	0	1.04	34	22
2016-12-08	0	1.12	32	20
2016-12-09	0	0.82	35	19
2016-12-10	0	1.14	36	20
2016-12-11	0	0.99	32	20
2016-12-12	0	0.88	31	16
2016-12-13	0	1.17	32	19
2016-12-14	0	0.88	30	20
2016-12-15	0	1.02	31	17
2016-12-16	0	0.73	35	22
2016-12-17	0	1.3	32	26
2016-12-18	0	0.71	35	29
2016-12-19	0	1.29	32	29
2016-12-20	0	1.17	31	27
2016-12-21	0	0.95	32	26
2016-12-22	0	1.03	30	27
2016-12-23	0	0.95	32	24
2016-12-24	0	0.88	31	28
2016-12-25	0	0.97	30	28
2016-12-26	0	0.77	31	27
2016-12-27	0	1.38	32	29
2016-12-28	0	0.94	35	28
2016-12-29	0	1.13	34	29
2016-12-30	0	0.93	35	28
2016-12-31	0	0.93	32	30
2017-01-01	0	1.03	31	27
2017-01-02	0	0.85	32	26
2017-01-03	0	1.1	35	28
2017-01-04	0	1.12	34	29
2017-01-05	0	0.95	35	28
2017-01-06	0	1.04	34	29
2017-01-07	0	0.76	32	27
2017-01-08	0	1.23	35	26
2017-01-09	0	0.95	34	29
2017-01-10	0	0.9	32	27
2017-01-11	0	0.99	34	26
2017-01-12	0	1.16	32	27
2017-01-13	0	0.79	35	27
2017-01-14	0	1.1	34	24
2017-01-15	0	0.89	35	28
2017-01-16	0	1.02	34	27
2017-01-17	0	1.06	35	26
2017-01-18	0	0.98	32	29
2017-01-19	0	0.9	31	28
2017-01-20	0	1.02	32	27
2017-01-21	0	1.18	35	28
2017-01-22	0	0.86	34	29
2017-01-23	0	1.04	36	27
2017-01-24	0	1.1	31	29
2017-01-25	0	0.85	32	27
2017-01-26	0	1.05	35	29
2017-01-27	0	0.99	35	28
2017-01-28	0	1.21	35	29
2017-01-29	0	1.02	34	28
2017-01-30	0	0.93	37	29
2017-01-31	0	NULO	35	28
2017-02-01	0	0.93	34	29
2017-02-02	0	1.05	35	28
2017-02-03	0	1	35	29
2017-02-04	0	1.01	34	29
2017-02-05	0	0.94	35	28
2017-02-06	0	0.92	34	29
2017-02-07	0	1.09	32	28
2017-02-08	0	2	35	29
2017-02-09	0	1.05	34	29
2017-02-10	0	0.98	35	29
2017-02-11	0	NULO	35	27
2017-02-12	0	0.95	34	29
2017-02-13	0	1.1	35	29
2017-02-14	0	0.86	34	28
2017-02-15	0	0.97	32	27
2017-02-16	0	1.05	30	26
2017-02-17	0	1.08	32	26
2017-02-18	0	0.8	35	28
2017-02-19	0	1.07	34	29
2017-02-20	0	1.07	35	29
2017-02-21	0	1.26	34	30
2017-02-22	0	0.77	32	29
2017-02-23	0	1.93	31	27
2017-02-24	0	1.01	35	26
2017-02-25	0	1.31	36	27
2017-02-26	0	0.9	34	28
2017-02-27	0	0.9	32	27
2017-02-28	0	NULO	32	29
2017-03-01	0	1.25	36	29
2017-03-02	0	1.04	35	30
2017-03-03	0	0.95	36	30
2017-03-04	0	1.15	34	22
2017-03-05	0	0.66	35	29
2017-03-06	0	1.24	32	30
2017-03-07	0	0.81	35	29
2017-03-08	0	1.01	35	22
2017-03-09	0	1.28	35	19
2017-03-10	0	1.03	32	20
2017-03-11	0	0.97	31	22
2017-03-12	0	1.1	35	19
2017-03-13	0	0.95	36	20
2017-03-14	0	0.95	35	19
2017-03-15	0	1.1	36	22
2017-03-16	0	1.02	34	24
2017-03-17	0	1.01	35	19
2017-03-18	0	0.92	34	20
2017-03-19	0	0.96	35	22
2017-03-20	0	1.12	36	20
2017-03-21	0	0.98	35	29
2017-03-22	0	0.96	34	22
2017-03-23	0	1.06	36	20
2017-03-24	0	0.87	35	22
2017-03-25	0	1.1	36	20
2017-03-26	0	1.03	35	25
2017-03-27	0	0.97	34	22
2017-03-28	0	0.87	35	19
2017-03-29	0	1.08	36	20
2017-03-30	0	1.08	35	22
2017-03-31	0	NULO	34	20
2017-04-01	0	0.89	35	22
2017-04-02	0	1.03	37	24
2017-04-03	0	1.01	35	27
2017-04-04	0	0.94	36	22
2017-04-05	0	1.15	35	24
2017-04-06	0	0.98	38	22
2017-04-07	0	0.87	36	24
2017-04-08	0	1.15	34	20
2017-04-09	0	1.05	35	19
2017-04-10	0	0.8	36	22
2017-04-11	0	1.01	37	21
2017-04-12	0	1.09	38	22
2017-04-13	0	0.9	37	24
2017-04-14	0	1.15	38	20
2017-04-15	0	1.06	36	22
2017-04-16	0	1.05	37	20
2017-04-17	0	1.91	36	25
2017-04-18	0	1.12	37	22
2017-04-19	0	0.92	38	24
2017-04-20	0	1.11	37	25
2017-04-21	0	0.94	38	22
2017-04-22	0	1.11	36	24
2017-04-23	0	0.9	37	22
2017-04-24	0	1.05	39	25
2017-04-25	0	1.1	38	27
2017-04-26	0	0.94	36	29
2017-04-27	0	1.87	39	22
2017-04-28	0	1.95	39	25
2017-04-29	0	2.1	38	26
2017-04-30	0	1.98	36	26
2017-05-01	0	1.93	35	25
2017-05-02	0	NULO	37	22
2017-05-03	0	0.43	36	26
2017-05-04	0	1.94	37	25
2017-05-05	0	1.91	36	26
2017-05-06	0	2.23	38	25
2017-05-07	0	1.9	37	26
2017-05-08	0	1.99	36	25
2017-05-09	0	1.88	38	23
2017-05-10	0	2.15	38	22
2017-05-11	0	1.82	38	25
2017-05-12	0	1.91	38	26
2017-05-13	0	2.3	37	27
2017-05-14	0	1.87	36	25
2017-05-15	0	2.13	38	22
2017-05-16	0	1.67	38	23
2017-05-17	0	2.34	37	25
2017-05-18	0	1.91	38	27
2017-05-19	0	2.11	39	22
2017-05-20	0	1.97	38	26
2017-05-21	0	NULO	36	27
2017-05-22	0	1.82	38	22
2017-05-23	0	2.23	39	25
2017-05-24	0	2.09	38	22
2017-05-25	0	1.78	37	25
2017-05-26	0	2.13	38	22
2017-05-27	0	2.02	37	27
2017-05-28	0	1.95	38	22
2017-05-29	0	1.11	37	25
2017-05-30	0	1.87	38	22
2017-05-31	0	NULO	36	26
2017-06-01	0	3.16	35	22
2017-06-02	0	1.89	37	20
2017-06-03	0	1.97	35	22
2017-06-04	0	2.08	37	20
2017-06-05	0	2.03	36	22
2017-06-06	0	3.03	37	20
2017-06-07	0	1.96	38	22
2017-06-08	7	2.03	39	24
2017-06-09	0	6.04	38	25
2017-06-10	0	1.89	39	22
2017-06-11	0	2.17	35	25
2017-06-12	0	1.88	37	22
2017-06-13	0	1.97	36	20
2017-06-14	0	2.15	37	22
2017-06-15	0	1.93	38	20
2017-06-16	0	1.05	37	26
2017-06-17	0	1.98	36	22
2017-06-18	0	2.02	37	20
2017-06-19	0	2.98	36	22
2017-06-20	0	NULO	39	20
2017-06-21	0	0.25	38	25
2017-06-22	0	2.28	39	26
2017-06-23	0	1.77	37	24
2017-06-24	0	2.11	38	22
2017-06-25	12	1.22	39	22
2017-06-26	0	3.05	38	25
2017-06-27	0	2.16	39	26
2017-06-28	0	1.92	38	26
2017-06-29	19	1.91	39	27
2017-06-30	0	NULO	38	27
2017-07-01	5	5.03	37	25
2017-07-02	0	1.3	39	20
2017-07-03	0	1.07	37	25
2017-07-04	0	0.8	35	22
2017-07-05	0	1.93	36	19
2017-07-06	0	2.31	37	22
2017-07-07	0	1.92	38	25
2017-07-08	0	2.9	39	26
2017-07-09	0	2.07	39	29
2017-07-10	0	1.95	37	25
2017-07-11	0	1.95	38	26
2017-07-12	0	2.12	39	27
2017-07-13	0	2.03	38	25
2017-07-14	0	1.98	37	29
2017-07-15	6	5.16	36	25
2017-07-16	0	2.01	38	22
2017-07-17	0	5.03	37	25
2017-07-18	0	1.22	38	25
2017-07-19	0	1.85	37	22
2017-07-20	0	2.2	38	26
2017-07-21	0	2.01	37	22
2017-07-22	0	2.04	38	27
2017-07-23	0	1.91	39	26
2017-07-24	0	2.07	38	27
2017-07-25	0	1.75	39	26
2017-07-26	7	6.76	39	27
2017-07-27	9	9.19	38	27
2017-07-28	0	1.07	39	25
2017-07-29	0	1.8	38	26
2017-07-30	0	1.13	39	27
2017-07-31	0	NULO	38	25
2017-08-01	0	1.26	35	27
2017-08-02	0	9.91	34	26
2017-08-03	0	0.87	36	25
2017-08-04	0	1.09	37	27
2017-08-05	0	1.93	35	29
2017-08-06	0	7.13	36	27
2017-08-07	0	1.89	37	25
2017-08-08	0	1.91	35	28
2017-08-09	20.4	2.1	36	27
2017-08-10	0	2.01	35	28
2017-08-11	0	0.06	37	26
2017-08-12	0	1.14	36	26
2017-08-13	0	2.12	37	28
2017-08-14	0	0.82	36	29
2017-08-15	0	1.11	38	27
2017-08-16	0	3.13	37	28
2017-08-17	0	0.82	36	26
2017-08-18	0	1.07	35	25
2017-08-19	0	1.03	37	26
2017-08-20	0	1.02	36	25
2017-08-21	0	0.75	37	22
2017-08-22	0	1.26	36	26
2017-08-23	0	0.99	37	25
2017-08-24	0	0.98	35	26
2017-08-25	0	0.97	35	25
2017-08-26	0	1.12	36	27
2017-08-27	0	0.94	35	26
2017-08-28	0	0.79	36	25
2017-08-29	0	1.18	35	24
2017-08-30	0	0.98	36	26
2017-08-31	0	2.02	35	25
