COMISIÓN NACIONAL DEL AGUA
COORDINACIÓN GENERAL DEL SERVICIO METEOROLÓGICO NACIONAL
BASE DE DATOS CLIMATOLÓGICA NACIONAL 

REGISTRO DIARIO HISTÓRICO
EMISIÓN   : 11/09/2026 

DATOS DISPONIBLES EN LA BASE DE DATOS A: SEPTEMBER DE 2026; 
CON LA INFORMACIÓN SUMINISTRADA POR LAS UNIDADES ADMINISTRATIVAS 

 ESTACIÓN   : 13162 
 NOMBRE     : SANTIAGO TEPEYAHUALCO 
 ESTADO     : HIDALGO 
 MUNICIPIO  : ZEMPOALA 
 SITUACIÓN  : SUSPENDIDA 
 U. ADMNVA. : DIRECCIÓN LOCAL HIDALGO 
 CVE-OMM    :   
 LATITUD    : 19.84833333 ° 
 LONGITUD   : -98.67083333 ° 
 ALTITUD    : 2445 msnm 




FECHA		PRECIP	EVAP	TMAX	TMIN
		(mm)	(mm)	(°C )	(°C)
2005-01-01	0	6.08	23	5.5
2005-01-02	0	4.12	22	7
2005-01-03	0	6.45	24	6
2005-01-04	0	5.05	23	6
2005-01-05	0	4.5	24	5
2005-01-06	0	6.6	25	6
2005-01-07	0	5.1	23	7
2005-01-08	0	5.5	21	5
2005-01-09	0	4.35	19	6
2005-01-10	0	4.23	21	2
2005-01-11	0	3.56	22	4
2005-01-12	0	4.44	21	5
2005-01-13	0	4.05	21	5
2005-01-14	0	3.69	20	5
2005-01-15	0	4.15	20	5
2005-01-16	0	3.13	13	2
2005-01-17	0	3.54	18	2
2005-01-18	0	2.89	18	4
2005-01-19	0	3.16	16	1
2005-01-20	0	3.69	20	3
2005-01-21	0	3.18	20	5
2005-01-22	0	2.34	20	5
2005-01-23	0	3.45	14	7
2005-01-24	0	3.53	20	6
2005-01-25	0	4.12	21	4
2005-01-26	0	3.62	21	5
2005-01-27	0	2.86	25	6
2005-01-28	0	4.23	24	6
2005-01-29	0	5.69	24	6
2005-01-30	0	3.56	24	9
2005-01-31	0	3.74	22	7
2005-02-01	0	3.6	21.5	6
2005-02-02	0	3.76	21	7.5
2005-02-03	0	4.31	20.5	9
2005-02-04	0	4.26	20	5
2005-02-05	0	4.43	19.5	5
2005-02-06	0	4.48	25	8
2005-02-07	0	2.24	24.5	7.5
2005-02-08	0	4.46	24.5	9
2005-02-09	0	5.83	26	7.5
2005-02-10	0	4.33	21	5
2005-02-11	0	3.79	22.5	5.5
2005-02-12	0	4.19	24	7
2005-02-13	0	3.28	23	7.5
2005-02-14	0	3.38	22.5	8
2005-02-15	0	4.22	23	6
2005-02-16	0	4.81	26	7
2005-02-17	0	4.54	24.5	7.5
2005-02-18	0	4.43	23.5	6
2005-02-19	0	4.61	23	7
2005-02-20	0	4.63	23.5	6
2005-02-21	0	4.79	25	6.5
2005-02-22	0	4.41	24	7
2005-02-23	0	3.01	21	6
2005-02-24	0	1.51	21	6.5
2005-02-25	0	2.17	21.5	6
2005-02-26	0	4.49	22	8
2005-02-27	0	3.61	21.5	7
2005-02-28	0	3.18	20.5	6.5
2005-03-01	0	3.7	22	8
2005-03-02	0	4.2	20	8.5
2005-03-03	0	3.39	21.5	6.5
2005-03-04	0	4.07	20	7
2005-03-05	1	3.82	23	6
2005-03-06	0	4.82	21.5	8
2005-03-07	2	3.54	23	9
2005-03-08	0	6.28	22.5	9
2005-03-09	0	3.82	24.5	9
2005-03-10	0	3.34	22	5
2005-03-11	0	3.72	23	6
2005-03-12	0	4.01	24	7
2005-03-13	0	3.94	23	7
2005-03-14	5.8	3.75	23	9.5
2005-03-15	1	1.47	16.5	10
2005-03-16	0	3.73	19	8.5
2005-03-17	0	4.24	22	9
2005-03-18	0	4.22	25	7
2005-03-19	0	4.62	25.5	9
2005-03-20	0	4.35	26	6.5
2005-03-21	0	4.82	26	7
2005-03-22	0	6.21	26.5	9
2005-03-23	0	3.16	27	9
2005-03-24	0	3.17	26	9.5
2005-03-25	0	4.39	27	8.5
2005-03-26	0	6.45	24	9
2005-03-27	0	6.59	26	8
2005-03-28	0	5.54	26.5	9
2005-03-29	0	6.43	25.5	10.5
2005-03-30	0	4.84	26.5	9
2005-03-31	0	6.27	27	10
2005-04-01	0	4.32	21	11
2005-04-02	0	4.28	26.5	9
2005-04-03	0	4.76	27	7.5
2005-04-04	0	5.12	29	11.5
2005-04-05	0	6.02	29	10
2005-04-06	0	5.28	27.5	11
2005-04-07	0	5.64	26	12
2005-04-08	2	5.87	27	7
2005-04-09	13.8	6.35	27.5	8.5
2005-04-10	0	7.28	27	11.5
2005-04-11	0	6.42	28	7.5
2005-04-12	0	5.97	28	9.5
2005-04-13	0	7.17	27	10.5
2005-04-14	0	7.49	27	11
2005-04-15	0	7.31	27	13
2005-04-16	0	6.85	26.5	12.5
2005-04-17	0	8.25	26	10
2005-04-18	6.7	5.96	26	12
2005-04-19	3.5	6.85	27	10.5
2005-04-20	0	7.42	27.5	12
2005-04-21	0	7.83	27	11.5
2005-04-22	0	6.45	26.5	13
2005-04-23	3.2	7.94	23.5	14
2005-04-24	10.4	7.38	28	13
2005-04-25	0	6.25	27	12.5
2005-04-26	0	5.89	28	12
2005-04-27	0	8.23	28.5	12
2005-04-28	0	7.85	29.5	13
2005-04-29	0	6.42	28	12
2005-04-30	0	8.51	29.5	14
2007-05-01	0	6.24	25	12
2007-05-02	0	5.73	26	11.5
2007-05-03	1.7	4.86	27	12.5
2007-05-04	5.4	6.35	27	13
2007-05-05	3	7.26	26.5	12.5
2007-05-06	10.5	7.04	26	13
2007-05-07	0.4	6.38	26	13.5
2007-05-08	1.2	6.56	21	12.5
2007-05-09	0	6.6	25	12.5
2007-05-10	0	7.45	25	13
2007-05-11	0	8.05	23	12.5
2007-05-12	0	7.81	23	12
2007-05-13	0	7.2	22.5	9.5
2007-05-14	0	7.61	24	10
2007-05-15	0	6.7	22.5	11
2007-05-16	0	5.85	22	12
2007-05-17	0	9.6	23	10.5
2007-05-18	0	6.25	23	10.5
2007-05-19	0	5.21	23	11
2007-05-20	4.5	5.15	23	11.5
2007-05-21	10.4	5.02	24	12.5
2007-05-22	3	4.45	23	11
2007-05-23	12.5	4.36	22.5	11.5
2007-05-24	0	4.74	22	10
2007-05-25	4.3	3.22	23.5	10
2007-05-26	0.4	5.83	21.5	11
2007-05-27	1.8	7.37	21	10.5
2007-05-28	0	9.54	22.5	10.5
2007-05-29	0	8.6	24.5	11
2007-05-30	0	8.52	22.5	11.5
2007-05-31	0	6.8	20.5	10.5
2007-06-01	0	7.45	26	8.5
2007-06-02	0	8.12	26	9
2007-06-03	0	8.29	27.5	11
2007-06-04	0	8.15	27	13
2007-06-05	0	8.16	26.5	14
2007-06-06	0	8.75	27.5	12.5
2007-06-07	0	8.64	27	13.5
2007-06-08	2.6	8.75	24.5	14.5
2007-06-09	0	8.4	21.5	12
2007-06-10	0	7.29	21.5	11.5
2007-06-11	0	7.65	22	10.5
2007-06-12	0	6.4	22.5	11
2007-06-13	0	6.39	22	10
2007-06-14	0	8.25	23	10
2007-06-15	16	9.47	23	11
2007-06-16	28.5	7.76	24.5	12
2007-06-17	20.5	7.84	22	13.5
2007-06-18	3.4	6.85	21.5	13.5
2007-06-19	2.2	5.6	22.5	12.5
2007-06-20	0.5	3.65	21	13
2007-06-21	4.9	3.04	21.5	13
2007-06-22	0.4	3.26	23	13
2007-06-23	0.01	4.38	23.5	13.5
2007-06-24	0.6	4.5	23.5	13.5
2007-06-25	0	4.63	22	13.5
2007-06-26	0	4.8	22.5	14.5
2007-06-27	0	4.6	22	11.5
2007-06-28	0.3	4.45	23	11.5
2007-06-29	18.4	5.04	24	11.5
2007-06-30	0.8	4.9	23	11.5
2007-07-01	7	4.7	23	12.5
2007-07-02	0.5	4.83	25	12.5
2007-07-03	0	3.57	24	13.5
2007-07-04	6.5	4.69	22.5	14
2007-07-05	3.8	4.38	24.5	13.5
2007-07-06	0	4.76	21	12
2007-07-07	0	5.9	22	11
2007-07-08	9.8	5.76	24	12.5
2007-07-09	0	5.84	23	11.5
2007-07-10	0	7.39	24.5	12
2007-07-11	0	8.76	23	13
2007-07-12	0	7.42	21	13
2007-07-13	0	7.6	21	9.5
2007-07-14	0	7.38	22	10
2007-07-15	1.5	7.71	23.5	12.5
2007-07-16	0.4	6.93	24.5	10.5
2007-07-17	22.1	6.84	20.5	13
2007-07-18	0	6.05	21.5	13
2007-07-19	0	6.1	21.5	13
2007-07-20	0	5.98	21	13
2007-07-21	0	5.98	21	11.5
2007-07-22	0	5.36	21	11
2007-07-23	1.5	4.88	20	11
2007-07-24	0	4.07	20.5	10
2007-07-25	0	4.74	21.5	11.5
2007-07-26	0	4.28	21.5	13.5
2007-07-27	2.3	3.26	23	13
2007-07-28	0	4.9	22.5	13
2007-07-29	3.5	4.16	23.5	14
2007-07-30	8.3	3.25	22.5	12.5
2007-07-31	2.1	3.02	23	12
2007-08-01	0	3.24	23	11
2007-08-02	0	6.84	23.5	11
2007-08-03	0	6.73	22.5	11
2007-08-04	0	6.82	22.5	11.5
2007-08-05	0	6.34	23	11.5
2007-08-06	0	5.98	22	11.5
2007-08-07	8.4	5.76	22	12
2007-08-08	1.5	6.46	22.5	11
2007-08-09	0	6.81	22	10.5
2007-08-10	0	7.35	22.5	11
2007-08-11	0	7.17	21.5	10.5
2007-08-12	0	6.96	21.5	10.5
2007-08-13	0	7.06	22	10.5
2007-08-14	0	7.14	21	11
2007-08-15	0	7.32	22	11.5
2007-08-16	7.5	6.03	23	12.5
2007-08-17	0.5	6.97	22.5	14
2007-08-18	3.5	5.23	22	10.5
2007-08-19	10.6	4.95	22	12
2007-08-20	0	4.12	22	10
2007-08-21	3.5	4.14	22	11.5
2007-08-22	3.5	4.63	13.5	11
2007-08-23	4.3	7.4	19	11.5
2007-08-24	1.2	3.6	20	12
2007-08-25	0	5.47	21	11
2007-08-26	0	5.9	21.5	11.5
2007-08-27	6.5	5.32	23	12
2007-08-28	1	4.09	21.5	12.5
2007-08-29	0.7	7.6	19	12.5
2007-08-30	12.8	5.65	19	12
2007-08-31	0	3.96	19	13
2007-09-01	5	4.25	20	12.5
2007-09-02	6.8	3.18	20	12.5
2007-09-03	0	2.94	19	12
2007-09-04	3.4	2.86	22	12
2007-09-05	0	3.47	22.5	12
2007-09-06	0	4.26	22	12.5
2007-09-07	1.4	5.32	20	12.5
2007-09-08	2.5	4.28	22	12.5
2007-09-09	0	3.87	21.5	13
2007-09-10	0	2.95	19.5	12
2007-09-11	0	2.37	20.5	12.5
2007-09-12	0	3.49	19	12.5
2007-09-13	5.3	4.35	20	13
2007-09-14	0	3.48	20.5	12.5
2007-09-15	0	5.84	20	12
2007-09-16	0	5.96	20.5	11
2007-09-17	0	6.28	21.5	10
2007-09-18	3.6	5.73	21	11
2007-09-19	0	4.26	21	11
2007-09-20	0	5.49	20	11.5
2007-09-21	0	5.54	22.5	10
2007-09-22	0	5.26	21	7.5
2007-09-23	0	5.18	21	7.5
2007-09-24	0	5.04	22.5	8
2007-09-25	0	5.35	22	7.5
2007-09-26	0	6.25	23	8.5
2007-09-27	47.5	5.35	19	10.5
2007-09-28	23.4	6.47	15.5	11
2007-09-29	6.2	5.45	19	12.5
2007-09-30	0	3.52	21	12
2007-10-01	0	4.74	20	12
2007-10-02	0	3.97	20	11.5
2007-10-03	0	3.28	19.5	11
2007-10-04	0	3.19	18	11
2007-10-05	2.4	3.58	16	11
2007-10-06	4.3	4.86	17	11
2007-10-07	0	4.54	18.5	10.5
2007-10-08	0	4.18	20.5	10
2007-10-09	6.2	4.53	21	9
2007-10-10	2.4	3.75	20.5	10
2007-10-11	0	4.02	21	11
2007-10-12	0	4.96	22	11.5
2007-10-13	0	6.34	21.5	11.5
2007-10-14	0	3.26	22	11.5
2007-10-15	0	3.21	23.5	12.5
2007-10-16	0	3.05	22.5	12
2007-10-17	0	4.35	21	13
2007-10-18	0	3.95	25	13.5
2007-10-19	0	3.83	24	13
2007-10-20	0.7	3.65	22	13
2007-10-21	4.3	4.86	23.5	11.5
2007-10-22	10.6	4.27	23.5	11.5
2007-10-23	0.5	4.75	17	12.5
2007-10-24	0	4.43	21	8.5
2007-10-25	0	3.5	23.5	9.5
2007-10-26	0	3.45	22.5	11
2007-10-27	0	3.56	22	13.5
2007-10-28	0	5.85	17	7
2007-10-29	0	5.9	21	6.5
2007-10-30	0	5.56	21.5	6
2007-10-31	0	5.23	22	8
2007-11-01	0	3.73	22.5	6
2007-11-02	0	4.85	23	7.5
2007-11-03	2.5	5.45	18	9
2007-11-04	0	4.5	22	10.5
2007-11-05	0	4.35	21.5	9.5
2007-11-06	0	4.1	20.5	9.5
2007-11-07	0	3.84	18	10
2007-11-08	0	3.75	21.5	8
2007-11-09	0	3.82	21.5	9.5
2007-11-10	0	5.35	23	11
2007-11-11	0	3.41	18	12
2007-11-12	0	3.5	22	11
2007-11-13	0	2.15	19.5	11
2007-11-14	0	2.35	21.5	10.5
2007-11-15	0	4.37	21	10
2007-11-16	0	4.48	19	8
2007-11-17	0	3.16	21	8.5
2007-11-18	12	3.26	17.5	7.5
2007-11-19	0	3.19	15	7.5
2007-11-20	3.5	3.42	19	5.5
2007-11-21	1.7	3.19	19	4
2007-11-22	0	2.63	15	-0.5
2007-11-23	0	3.72	17.5	1.5
2007-11-24	0	4.37	18.5	3
2007-11-25	0	3.92	20	3.5
2007-11-26	0	3.46	21.5	4.5
2007-11-27	0	3.58	22	5.5
2007-11-28	2	3.46	22.5	7
2007-11-29	0	2.17	24	7
2007-11-30	0	5.28	23	7.5
2007-12-01	0	4.48	22	8
2007-12-02	0	4.67	22	8
2007-12-03	0	4.58	14	7.5
2007-12-04	0	4.39	19	4
2007-12-05	8.4	3.25	15	5
2007-12-06	2	3.46	17	7.5
2007-12-07	0	3.26	20	6
2007-12-08	0	3.19	21	6
2007-12-09	0	3.27	21.5	6.5
2007-12-10	0	3.78	20	7.5
2007-12-11	0	3.65	21	7.5
2007-12-12	0	4.22	21.5	7
2007-12-13	0	3.61	20	6
2007-12-14	0	3.2	22	6.5
2007-12-15	0	3.89	21	7
2007-12-16	0	3.42	21.5	8
2007-12-17	0	3.32	21	7
2007-12-18	0	3.45	22.5	8.5
2007-12-19	0	2.87	21	8.5
2007-12-20	0	4.28	24	8
2007-12-21	0	3.54	23	8
2007-12-22	0	2.6	22	7
2007-12-23	0	3.71	22.5	7
2007-12-24	0	2.42	23	8
2007-12-25	0	2.94	21.5	8.5
2007-12-26	0	3.38	21.5	9.5
2007-12-27	0	4.16	22	9.5
2007-12-28	0	4.28	23.5	9
2007-12-29	0	3.86	23.5	9.5
2007-12-30	0	2.32	22.5	9
2007-12-31	0	4.19	23	9
2008-01-01	12.8	3.71	18	8
2008-01-02	0.01	4.16	18	7.5
2008-01-03	0	3.85	17.5	4
2008-01-04	0	4.28	19	3
2008-01-05	0	3.72	20	3.5
2008-01-06	0	3.46	21.5	4
2008-01-07	0	3.27	22.5	3
2008-01-08	0	4.32	22	4
2008-01-09	0	4.51	21	5
2008-01-10	0	3.87	22	2
2008-01-11	0	4.16	22	3.5
2008-01-12	0	4.74	21	7.5
2008-01-13	0	5.17	19.5	8
2008-01-14	0	5.29	20	6.5
2008-01-15	0	4.98	19	7.5
2008-01-16	0	5.46	23	7
2008-01-17	0	6.16	22	7.5
2008-01-18	0	5.34	20	6
2008-01-19	0	5.26	19.5	4.5
2008-01-20	0	4.37	20	2.5
2008-01-21	0	3.28	21.5	3.5
2008-01-22	0	4.42	23.5	5
2008-01-23	0	3.85	24	6
2008-01-24	0	4.28	23.5	5
2008-01-25	0	5.18	24	6
2008-01-26	0	4.81	23.5	6
2008-01-27	0	5.32	22.5	6
2008-01-28	0	4.31	22	5
2008-01-29	0	5.18	22.5	5.5
2008-01-30	0	4.27	23	6
2008-01-31	0	5.46	22.5	6
2008-02-01	0	4.37	22	6.5
2008-02-02	0	4.68	23	7.5
2008-02-03	0	4.57	23.5	9.5
2008-02-04	0	4.35	24	7.5
2008-02-05	0	5.2	23.5	6.5
2008-02-06	0	4.64	21.5	7
2008-02-07	0	4.17	22	8
2008-02-08	2.4	5.19	22.5	7.5
2008-02-09	1.3	5.23	21.5	7.5
2008-02-10	2.8	5.8	22	7
2008-02-11	0.8	5.16	18.5	6.5
2008-02-12	0	3.57	19	7
2008-02-13	0	4.87	19	8
2008-02-14	0	4.94	18	7.5
2008-02-15	0	4.6	24	8.5
2008-02-16	0	5.45	23.5	9
2008-02-17	0	5.49	24.5	7
2008-02-18	0	5.8	25.5	8
2008-02-19	0	4.85	25	7.5
2008-02-20	0	4.44	24.5	8.5
2008-02-21	0	5.38	25	9
2008-02-22	0	5.7	26	8.5
2008-02-23	0	5.86	24.5	9
2008-02-24	0	6.13	25	9
2008-02-25	0	6.36	24.5	8
2008-02-26	0	5.56	24	9
2008-02-27	0	4.57	25.5	5
2008-02-28	0	5.2	25.5	4
2008-02-29	0	5.54	18.5	5
2008-03-01	0	5.22	23	8.5
2008-03-02	0.5	4.91	22.5	10
2008-03-03	0	4.71	23.5	8
2008-03-04	0	5.37	23	9.5
2008-03-05	0	4.62	23.5	10.5
2008-03-06	0	5.41	23	8.5
2008-03-07	0	6.43	22.5	9.5
2008-03-08	0	5.84	22	3
2008-03-09	0	5.69	23	6.5
2008-03-10	0	5.77	21	8
2008-03-11	0	5.16	22	7.5
2008-03-12	0	5.32	23	8
2008-03-13	0	5.21	21.5	9
2008-03-14	0	5.58	22	8.5
2008-03-15	0	5.86	24	8
2008-03-16	0	5.23	24.5	8.5
2008-03-17	0	4.96	23.5	9.5
2008-03-18	0	4.82	20.5	12
2008-03-19	0	5.29	19.5	8
2008-03-20	0	5.18	19	7
2008-03-21	0	5.81	21.5	8
2008-03-22	0.01	5.25	22.5	7
2008-03-23	1.3	3.97	21.5	8.5
2008-03-24	0	5.41	14	8.5
2008-03-25	0	4.7	20.5	6
2008-03-26	0	4.99	21.5	7
2008-03-27	0	5.52	24	8.5
2008-03-28	0	5.89	25	10
2008-03-29	1.8	5.49	26	11
2008-03-30	0	6.19	26.5	11.5
2008-03-31	0	4.66	26.5	12.5
2008-04-01	0	6.6	27.5	11.5
2008-04-02	0	7.36	27	11
2008-04-03	0	6.26	28	10.5
2008-04-04	0	6.74	28.5	11.5
2008-04-05	0	6.71	27.5	11
2008-04-06	0	7.05	27.5	10
2008-04-07	0	5.89	26.5	10.5
2008-04-08	0	6.47	28	11
2008-04-09	11.4	4.69	27	13
2008-04-10	0.5	6.44	26.5	10.5
2008-04-11	0	7.24	26	12
2008-04-12	8.3	5.55	24	11.5
2008-04-13	0	5.3	16	9
2008-04-14	0	4.83	17	7.5
2008-04-15	0	5.47	20.5	7.5
2008-04-16	0	4.99	23	8
2008-04-17	0	6.91	24	9
2008-04-18	0	5.26	25.5	10.5
2008-04-19	0	6.15	24.5	9.5
2008-04-20	0	6.34	26.5	11.5
2008-04-21	0	5.5	28	12.5
2008-04-22	0	7.6	28	12.5
2008-04-23	0	7.44	28.5	13
2008-04-24	0.01	4.07	26	12
2008-04-25	1	7.68	28	12.5
2008-04-26	2.9	6.16	29	13
2008-04-27	1.8	5.29	26	11
2008-04-28	0	4.97	17.5	11.5
2008-04-29	0	3.35	22	10
2008-04-30	0	4.91	26	9.5
2008-05-01	0.2	6.13	21	11
2008-05-02	0	6.01	25	9.5
2008-05-03	0	5.49	23.5	12
2008-05-04	0	5.41	23.5	13
2008-05-05	0	5.94	24.5	10.5
2008-05-06	0	5.82	23	10
2008-05-07	0	4.82	28	11
2008-05-08	0	6.5	26	13
2008-05-09	0	5.74	28	13
2008-05-10	0	7.04	29	13
2008-05-11	0	6.8	28.5	14
2008-05-12	2.8	7.12	28	12.5
2008-05-13	12.5	4.58	27	13
2008-05-14	5	6.7	25.5	14
2008-05-15	2	3.87	24.5	11.5
2008-05-16	4.5	3.48	22	12
2008-05-17	4.8	5.32	22	11.5
2008-05-18	5	3.75	21	11
2008-05-19	8.4	3.53	20.5	10.5
2008-05-20	5.4	3.85	18	12
2008-05-21	3.6	3.08	21	10.5
2008-05-22	0	3.37	22.5	10
2008-05-23	0	6.34	24	10.5
2008-05-24	0	6.41	23.5	11.5
2008-05-25	0	5.76	25	12
2008-05-26	0	5.77	23	11.5
2008-05-27	0	5.73	21.5	11.5
2008-05-28	0	6.25	22	11
2008-05-29	0	5.31	18.5	8
2008-05-30	0	5.83	21.5	9.5
2008-05-31	0	5.78	22.5	10.5
2008-06-01	0	4.59	22.5	11
2008-06-02	0	5.07	21.5	10.5
2008-06-03	0	6.49	21	9.5
2008-06-04	0	4.97	24.5	11
2008-06-05	2.1	7.02	22	12
2008-06-06	6	6.05	21.5	13
2008-06-07	7.2	4.88	21	13
2008-06-08	5.3	3.68	20.5	13.5
2008-06-09	4.5	2.14	19	13
2008-06-10	1.4	1.87	19.5	13
2008-06-11	7.5	2.94	19.5	12.5
2008-06-12	4.2	1.83	20.5	12.5
2008-06-13	5.1	2.94	20.5	12
2008-06-14	3	2.32	21	11
2008-06-15	2.5	2.14	20.5	12
2008-06-16	1.4	3.68	20	10.5
2008-06-17	10.5	3.37	21	11.5
2008-06-18	2	3.99	21.5	11
2008-06-19	0.3	7.61	22	10
2008-06-20	0.2	5.03	20.5	11
2008-06-21	0	5.96	22	12
2008-06-22	1.4	5.85	19	11.5
2008-06-23	5.4	5.89	19	10.5
2008-06-24	0	3.11	20	11
2008-06-25	0.3	5.56	20	11
2008-06-26	0	5.2	21	11
2008-06-27	0	5.64	21	11.5
2008-06-28	11.3	5.05	21.5	11
2008-06-29	4.4	3.97	19	11.5
2008-06-30	2	5.52	19.5	11
2008-07-01	11.4	4.17	20	10
2008-07-02	3	2.59	20.5	11.5
2008-07-03	8.2	2.77	22	12
2008-07-04	0	3.08	21	13
2008-07-05	12.2	3.39	22.5	12.5
2008-07-06	12	3.09	23	12.5
2008-07-07	15.8	2.78	20.5	13
2008-07-08	16.3	2.46	18.5	13.5
2008-07-09	3.4	2.53	18	12
2008-07-10	3.8	3.24	15	13
2008-07-11	2.5	2.78	15.5	11.5
2008-07-12	0	4.84	19.5	11.5
2008-07-13	0	4	23	11.5
2008-07-14	2	3.45	22.5	11
2008-07-15	0	3.68	22	11.5
2008-07-16	0.3	3.73	23	9
2008-07-17	1	2.45	21.5	9.5
2008-07-18	0.5	3.16	23.5	11
2008-07-19	0	5.44	22.5	9
2008-07-20	0	5.29	22	13
2008-07-21	0	4.52	20	10.5
2008-07-22	0	5.04	21.5	11
2008-07-23	0	5.36	23	12
2008-07-24	0	3.96	28	12
2008-07-25	5.2	6.37	22	12.5
2008-07-26	14.8	5.94	21	11
2008-07-27	9.8	5.43	23.5	11.5
2008-07-28	8.5	6.28	24	10.5
2008-07-29	3.6	4.37	25	11
2008-07-30	0	5.55	25.5	11.5
2008-07-31	0	4.86	23.5	12
2008-08-01	0.3	4.36	25.5	12
2008-08-02	3.5	4.92	24	11
2008-08-03	2.5	5.82	22	10.5
2008-08-04	0.2	5.16	22.5	11
2008-08-05	1.5	6.45	22	10.5
2008-08-06	0	6.33	22.5	10.5
2008-08-07	0	5.83	24	11
2008-08-08	0	6.51	23.5	11
2008-08-09	0	3.02	24	10.5
2008-08-10	0	4.92	24	9.5
2008-08-11	3.6	4.65	23	10
2008-08-12	6.7	4.19	24.5	9.5
2008-08-13	0.5	2.74	23.5	10
2008-08-14	0	2.57	24	9.5
2008-08-15	0	4.36	24	11
2008-08-16	1.3	5.85	24.5	9.5
2008-08-17	4.9	3.99	24.5	10.5
2008-08-18	0.6	3.97	23.5	12
2008-08-19	19.7	3.58	22	13
2008-08-20	0	4.27	25	13.5
2008-08-21	6.3	4.41	24	13.5
2008-08-22	2.5	3.01	23.5	13
2008-08-23	2.1	4.13	24	13.5
2008-08-24	8.4	4.12	23	13
2008-08-25	4.5	3.69	23.5	7.5
2008-08-26	1.8	4.28	23	13
2008-08-27	0.9	4.04	25	12
2008-08-28	0	3.64	25	12.5
2008-08-29	0	4.27	25.5	12
2008-08-30	0	3.59	23	8
2008-08-31	0	6.12	23	9.5
2008-09-01	0	6.22	24.5	11.5
2008-09-02	0	6.16	25	12
2008-09-03	12.6	5.35	24	12
2008-09-04	0.3	8.36	23	11
2008-09-05	0	6.76	21.5	11
2008-09-06	2.6	4.22	21.5	11.5
2008-09-07	10.8	3.26	21	11.5
2008-09-08	14.9	0.82	22.5	8
2008-09-09	7.9	1.76	22	10
2008-09-10	0.5	1.38	24	13
2008-09-11	4.7	2.4	23.5	13.5
2008-09-12	2.6	3.18	26	13.5
2008-09-13	9.4	3.89	24.5	13
2008-09-14	9	3.9	20	13.5
2008-09-15	11.2	1.91	21	13
2008-09-16	0.7	2.94	19.5	13.5
2008-09-17	1	4	19	12
2008-09-18	0	4.32	20	11.5
2008-09-19	0	3.06	21.5	11
2008-09-20	1.5	4.29	21	11.5
2008-09-21	0	4.86	20.5	12
2008-09-22	0.5	3.47	21.5	13
2008-09-23	1.9	4.54	22	13.5
2008-09-24	1.6	2.29	21	13
2008-09-25	3.4	0.91	20.5	12.5
2008-09-26	0.6	3.02	21	10
2008-09-27	0	3.14	22	9
2008-09-28	0	3.64	21.5	9.5
2008-09-29	0	4.39	21	6.5
2008-09-30	0	4.48	21.5	7
2008-10-01	0	4.37	20.5	5
2008-10-02	0	5.81	19.5	5
2008-10-03	0	4.94	20.5	5.5
2008-10-04	0	5.17	21	6.5
2008-10-05	0	3.24	22.5	9
2008-10-06	0	3.26	24.5	10
2008-10-07	0	5.68	23.5	10.5
2008-10-08	0	4.51	23	10.5
2008-10-09	0	4.79	24	11.5
2008-10-10	0.01	3.25	23.5	10
2008-10-11	0	2.33	23	9.5
2008-10-12	0	5.85	23.5	10.5
2008-10-13	0	2.43	22	12.5
2008-10-14	6.8	4.9	21	11
2008-10-15	0	4.62	21.5	9
2008-10-16	0.9	5.29	21.5	8.5
2008-10-17	0.6	4.27	18	9.5
2008-10-18	5.2	2.19	15	12.5
2008-10-19	0.4	1.95	15	10
2008-10-20	0.01	2.34	18.5	10.5
2008-10-21	0	3.72	22.5	3.5
2008-10-22	0	4.21	23	4.5
2008-10-23	0	4.97	24.5	5
2008-10-24	0	5.72	22	7
2008-10-25	0	6.28	23	6.5
2008-10-26	0	5.47	22.5	6
2008-10-27	0.5	6.29	12.5	7
2008-10-28	0	3.62	11.5	6.5
2008-10-29	0	3.34	18.5	4
2008-10-30	0	4.25	18	4.5
2008-10-31	0	3.97	16.5	5
2008-11-01	0	4.67	16	7
2008-11-02	0	3.12	13.5	8.5
2008-11-03	0	5.85	21	4
2008-11-04	0	3.04	21.5	4.5
2008-11-05	0	5.61	23.5	6
2008-11-06	0	5.84	22.5	5.5
2008-11-07	0	5.51	24	6
2008-11-08	0	4.03	21	7
2008-11-09	0	3.58	22.5	7.5
2008-11-10	0	3.62	19	7
2008-11-11	0	4.29	26.5	7.5
2008-11-12	0	5.16	24.5	8.5
2008-11-13	0	4.8	25	9
2008-11-14	0	4.25	24.5	10
2008-11-15	0	5.1	12.5	7
2008-11-16	0	2.04	19	1.5
2008-11-17	0	3.28	18	2
2008-11-18	0	3.42	14	0
2008-11-19	0	4.45	11	0
2008-11-20	0	3.28	19	0.5
2008-11-21	0	4.57	18.5	1
2008-11-22	0	2.62	13.5	2.5
2008-11-23	0	3.28	19	2.5
2008-11-24	0	3.69	20	3.5
2008-11-25	0	4.05	15.5	4
2008-11-26	0	3.16	21	4.5
2008-11-27	0	3.75	21.5	4
2008-11-28	0	4.22	23	4.5
2008-11-29	0	3.64	23.5	6
2008-11-30	0	5.62	24.5	6.5
2008-12-01	0	5.28	20.5	5
2008-12-02	0	4.46	20	3.5
2008-12-03	0	3.54	22.5	3
2008-12-04	0	5.61	19.5	3.5
2008-12-05	0	3.84	22	4.5
2008-12-06	0	3.12	22	5
2008-12-07	0	3.45	20	5.5
2008-12-08	0	3.38	20.5	5
2008-12-09	0	4.12	21.5	6.5
2008-12-10	0	4.89	22	6.5
2008-12-11	0	3.74	19	3.5
2008-12-12	0	4.93	19	2
2008-12-13	0	3.68	21.5	3
2008-12-14	0	4.03	24.5	4.5
2008-12-15	0	4.07	23	6.5
2008-12-16	0	5.27	23	5.5
2008-12-17	0	4.61	22.5	6
2008-12-18	0	4.28	21.5	7
2008-12-19	0	5.18	23	5.5
2008-12-20	0	5.84	22.5	5
2008-12-21	0	4.52	23	4.5
2008-12-22	0	5.12	23	2.5
2008-12-23	0	4.2	21.5	2
2008-12-24	0	3.94	20.5	3.5
2008-12-25	0	3.61	22	5
2008-12-26	0	4.17	21.5	5
2008-12-27	0	4.39	22	5.5
2008-12-28	0	4.58	21.5	6
2008-12-29	0	4.37	18	6.5
2008-12-30	0	3.49	21.5	7
2008-12-31	0	4.32	20	7.5
2009-01-01	0	4.73	20.5	3
2009-01-02	0	6.45	21.5	4
2009-01-03	0	5.23	21.5	5
2009-01-04	0	3.92	23	6.5
2009-01-05	0	5.43	22.5	8.5
2009-01-06	0	5.84	23.5	7
2009-01-07	0	6.61	23	7.5
2009-01-08	0	5.28	23	6.5
2009-01-09	0	5.34	24.5	6
2009-01-10	0	5.65	23	6
2009-01-11	0	5.72	21.5	5.5
2009-01-12	0	5.37	21	6.5
2009-01-13	0	3.72	21	7.5
2009-01-14	0.01	1.34	20.5	3.5
2009-01-15	5.8	3.98	14.5	4
2009-01-16	2.3	1.34	12	6.5
2009-01-17	0	2.82	17.5	6.5
2009-01-18	0	3.15	18	5.5
2009-01-19	0	3.26	18.5	3.5
2009-01-20	0	4.74	18	4
2009-01-21	0	5.66	19	4
2009-01-22	0	3.92	20	4
2009-01-23	0	4.19	22	5
2009-01-24	0	5.53	20	5.5
2009-01-25	0	6.72	22.5	6.5
2009-01-26	0	4.53	23	5
2009-01-27	0	4.79	24.5	6.5
2009-01-28	0	6.48	24	7
2009-01-29	0	5.96	23.5	7
2009-01-30	0.01	6.63	13	8
2009-01-31	0	3.58	21	5.5
2009-02-01	0	4.71	20.5	6
2009-02-02	0	4.53	19.5	8
2009-02-03	0	5.33	15	4
2009-02-04	0	3.36	14.5	3.5
2009-02-05	0	4.72	12.5	3.5
2009-02-06	0	3.18	18.5	1.5
2009-02-07	0	5.1	22.5	2.5
2009-02-08	0	5.45	24.5	2.5
2009-02-09	0	4.97	24.5	3.5
2009-02-10	0	3.19	25	7.5
2009-02-11	0	5.36	22	8.5
2009-02-12	0	6.41	23.5	5.5
2009-02-13	0	5.24	24	6.5
2009-02-14	0	6.56	25	7.5
2009-02-15	0	5.29	23.5	9
2009-02-16	0	4.43	23	10.5
2009-02-17	0	6.13	25.5	9
2009-02-18	1.8	4.29	27	9.5
2009-02-19	2.5	6.6	22.5	10.5
2009-02-20	0	6.26	18	10
2009-02-21	3.4	5.54	21.5	10
2009-02-22	0	3.54	12.5	8
2009-02-23	0	3.61	12	2.5
2009-02-24	0	5.04	20	0
2009-02-25	0	6.23	24	2.5
2009-02-26	0	6.6	22.5	4.5
2009-02-27	0	7.51	24.5	7
2009-02-28	0	6.84	22	8
2009-03-01	0	8.25	16.5	4
2009-03-02	0	5.52	20	1.5
2009-03-03	0	5.87	23	2
2009-03-04	0	7.36	24	3.5
2009-03-05	0	7.43	24.5	3
2009-03-06	0	6.68	24	4
2009-03-07	0	5.57	21.5	6
2009-03-08	0	8.23	23	6.5
2009-03-09	0	7.36	24.5	9
2009-03-10	0	7.79	25	9.5
2009-03-11	0	8.09	25	10
2009-03-12	0	6.88	21	9
2009-03-13	0	4.48	25	8.5
2009-03-14	0	8.05	25.5	9
2009-03-15	0	6.94	25.5	10
2009-03-16	0	5.65	21	10
2009-03-17	0	6.61	20	11
2009-03-18	0	6.56	21	8
2009-03-19	0	6.68	22	7.5
2009-03-20	0	5.82	18	6.5
2009-03-21	0	5.81	19	6
2009-03-22	0	5.61	21.5	5
2009-03-23	0	5.93	26	6
2009-03-24	0	6.41	25.5	8
2009-03-25	0	7.24	26	11.5
2009-03-26	0	5.21	27	11.5
2009-03-27	0	6.29	27.5	11.5
2009-03-28	0	8.63	26.5	10.5
2009-03-29	0	9.41	25.5	9
2009-03-30	0	4.89	26.5	9.5
2009-03-31	0	9.02	27	12
2009-04-01	0	8.12	28.5	12
2009-04-02	0	9.38	27.5	11
2009-04-03	0	9.17	28	11.5
2009-04-04	0	6.8	28.5	11
2009-04-05	0	6.38	28	11.5
2009-04-06	0	6.5	19	11
2009-04-07	0	7.14	21	5.5
2009-04-08	0.01	5.36	25	8.5
2009-04-09	1.5	7.75	24	10.5
2009-04-10	2	8.68	28.5	12
2009-04-11	3.2	8.78	29	13
2009-04-12	0	6.04	29.5	12.5
2009-04-13	0.01	8.37	27.5	12.5
2009-04-14	0	7.49	25	10.5
2009-04-15	0	6.71	27.5	11
2009-04-16	0	5.96	27.5	12
2009-04-17	0	6.13	25.5	11
2009-04-18	0	7.9	27	11.5
2009-04-19	0	6.17	24	12
2009-04-20	0	6.83	14.5	9
2009-04-21	0	6.69	21	7.5
2009-04-22	0	6.15	23.5	8
2009-04-23	0	6.79	24	9.5
2009-04-24	0	7.73	24.5	10
2009-04-25	0	10.08	25.5	11.5
2009-04-26	0	7.56	26.5	10.5
2009-04-27	0	8.1	27	11
2009-04-28	0	10.15	24	11
2009-04-29	0	8.8	25.5	10
2009-04-30	0	8.21	24	10.5
2009-05-01	0	8.49	26.5	9
2009-05-02	0	9.08	27	10
2009-05-03	0	7.7	27.5	12.5
2009-05-04	0	9.95	27.5	13
2009-05-05	0	7.62	27.5	11.5
2009-05-06	0	8.55	28.5	12.5
2009-05-07	0	9.37	27	12.5
2009-05-08	0	10.59	27	10
2009-05-09	0	9.29	27.5	10
2009-05-10	0	8.88	24	12
2009-05-11	0	8.11	23.5	13.5
2009-05-12	0	6.22	24.5	13.5
2009-05-13	0	6.25	25.5	13
2009-05-14	0	6.42	25	13.5
2009-05-15	8.2	7.51	23.5	14
2009-05-16	0	6.52	24	13.5
2009-05-17	0	3.69	20.5	13
2009-05-18	0	4.64	16	10.5
2009-05-19	0	4.91	16.5	10
2009-05-20	0.5	5.31	21.5	9
2009-05-21	1	4.75	22	9.5
2009-05-22	0	4.37	23.5	11
2009-05-23	0.5	4.92	24	10
2009-05-24	0	4.83	26	10.5
2009-05-25	0	5.78	26.5	12
2009-05-26	0	7.91	29	13
2009-05-27	0	7.96	28.5	13.5
2009-05-28	0	8.42	25.5	14
2009-05-29	0.01	6.04	25	12.5
2009-05-30	6	6.69	24	12.8
2009-05-31	5.4	5.13	23	10.5
2009-06-01	3.6	5.62	22.5	11
2009-06-02	0	4.56	24	12
2009-06-03	0	5.6	24	10
2009-06-04	0	6.65	23	11
2009-06-05	0	5.67	23	9.5
2009-06-06	0	6.72	25	9
2009-06-07	0	7.01	28.5	10
2009-06-08	0	7.28	28	10.5
2009-06-09	0	8.81	28	14
2009-06-10	0	7.24	27	14
2009-06-11	0	6.4	28	13
2009-06-12	0	7.28	27.5	12
2009-06-13	0	8.35	24.5	11
2009-06-14	0	8.55	25	11.5
2009-06-15	0	6.49	23.5	11.5
2009-06-16	0	7.32	25	12
2009-06-17	7.5	7.84	23.5	13
2009-06-18	0	5.49	24	13.5
2009-06-19	0	5.82	24	14
2009-06-20	3.2	6.13	24	14
2009-06-21	0	6.27	22.5	14
2009-06-22	1.7	6.76	23	12.5
2009-06-23	7.8	4.35	24	12.5
2009-06-24	0.7	3.17	24	13.5
2009-06-25	0.5	5.42	24	14
2009-06-26	1	4.34	23.5	13
2009-06-27	0.7	4.48	23.5	12.5
2009-06-28	3.5	4.29	24	12
2009-06-29	11.6	3.67	25.5	13
2009-06-30	2.7	5.95	26	13.5
2009-07-01	1.4	6.02	24.5	14.5
2009-07-02	4.5	6.61	23	14
2009-07-03	0.8	3.25	24	14
2009-07-04	1.2	4.74	22.5	14
2009-07-05	0	5.47	25.5	12.5
2009-07-06	0	6.59	22	13.5
2009-07-07	0	8.75	26	11
2009-07-08	0	6.91	25.5	11
2009-07-09	0.2	7.07	24.5	11.5
2009-07-10	3.5	7.41	24	12.5
2009-07-11	0	3.7	21.5	13
2009-07-12	0	5.11	20	11
2009-07-13	1.6	6.43	22.5	10.5
2009-07-14	0	3.34	27	11.5
2009-07-15	0	7.3	25.5	11.5
2009-07-16	0	7.36	24.5	9.5
2009-07-17	0	6.89	25	10
2009-07-18	0.4	6.3	25	9.5
2009-07-19	0	6.82	26	9.5
2009-07-20	0	8.08	25.5	10.5
2009-07-21	0	6.61	27	12
2009-07-22	12.8	7.89	24.5	11
2009-07-23	0	6.03	24	11
2009-07-24	0.5	7.01	25.5	11
2009-07-25	1	5.47	26.5	12.5
2009-07-26	0	5.6	24	12
2009-07-27	9.1	5.88	23.5	11.5
2009-07-28	18.4	4.05	25.5	12.5
2009-07-29	0	4.75	27.5	11
2009-07-30	0	6	27	10.5
2009-07-31	0	6.26	25	11.5
2009-08-01	0	7.71	24	10.5
2009-08-02	1.7	7.64	23.5	12
2009-08-03	0	5.39	23	12
2009-08-04	0	7.23	23	11
2009-08-05	0	7.03	23.5	11
2009-08-06	0	6.72	24.5	10.5
2009-08-07	0	6.56	25	9.5
2009-08-08	0.6	6.56	24.5	11
2009-08-09	2.5	4.99	22	12.5
2009-08-10	0	4.03	24	12.5
2009-08-11	0	7.11	23.5	9.5
2009-08-12	0	6.63	23.5	10
2009-08-13	0	8.48	25	10.5
2009-08-14	0	5.23	25.5	11
2009-08-15	0	8.19	26	11.5
2009-08-16	0	6.49	25.5	10.5
2009-08-17	0	6.31	24	11.5
2009-08-18	0	7.98	22.5	12.5
2009-08-19	4.3	5.26	25	13
2009-08-20	0.5	4.41	25	14
2009-08-21	0	3.75	25	13.5
2009-08-22	0	7.11	24	12
2009-08-23	0	7.55	24	9.5
2009-08-24	0	7.86	24	9
2009-08-25	0	7.66	23	10
2009-08-26	0.5	6.63	23.5	11.5
2009-08-27	0	4.93	23.5	11.5
2009-08-28	0	6.85	23.5	10.5
2009-08-29	11.8	6.38	22	11.5
2009-08-30	9.7	4.14	21.5	14
2009-08-31	1.5	2.25	24.5	13.5
2009-09-01	0	3.58	23	10.5
2009-09-02	0	5.96	23	11
2009-09-03	0.4	5.52	23.5	12
2009-09-04	2.3	5.59	23.5	13.5
2009-09-05	7.5	3.6	23	14.5
2009-09-06	5.8	3.12	22	14
2009-09-07	1.6	3.98	21	14
2009-09-08	5.4	2.87	22	14
2009-09-09	0.9	1.48	24	13.5
2009-09-10	2.7	3.5	23.5	14
2009-09-11	4.2	4.5	24.5	13
2009-09-12	0	2.28	23.5	12
2009-09-13	15.6	4.45	24	12
2009-09-14	24.6	3.35	23.5	13
2009-09-15	0	3.74	22.5	13.5
2009-09-16	0.3	3.78	25.5	14
2009-09-17	0	6.72	23.5	11
2009-09-18	0	4.73	22.5	12
2009-09-19	0	4.94	22	13
2009-09-20	0	5.42	22	11.5
2009-09-21	0.5	5.13	25	11.5
2009-09-22	6.3	7.43	23	12
2009-09-23	1.4	5.7	20	12.5
2009-09-24	3.7	1.18	28.5	12.5
2009-09-25	0.2	5.08	18.5	13
2009-09-26	0	2.64	18	12.5
2009-09-27	0	1.86	23	13.5
2009-09-28	2.5	5.21	24	14.5
2009-09-29	1.9	5.19	23.5	12
2009-09-30	0	6.07	23	12.5
2009-10-01	0	4.63	25	12.5
2009-10-02	0	4.73	27.5	12
2009-10-03	0	5.82	26.5	11.5
2009-10-04	0	5.99	28	12
2009-10-05	0	5.61	27.5	13
2009-10-06	0	7.47	24.5	11
2009-10-07	0	5.48	25.5	11.5
2009-10-08	3.4	6.32	26.5	13
2009-10-09	0	3.73	23.5	13.5
2009-10-10	0	5.19	23	14.5
2009-10-11	0	5.02	24.5	12
2009-10-12	3.2	4.71	24.5	12
2009-10-13	0	3.6	24	12.5
2009-10-14	0	4.98	24	10.5
2009-10-15	0	6.16	26	9
2009-10-16	0.4	6.17	22.5	9
2009-10-17	4.5	5.81	17.5	10.5
2009-10-18	0.5	2.87	12	8.5
2009-10-19	0	1.77	19.5	8.5
2009-10-20	0	3.93	22.5	8.5
2009-10-21	0	4.29	24	9.5
2009-10-22	0.3	4.92	24	11.5
2009-10-23	12.3	3.06	23	12
2009-10-24	12.7	4.94	21.5	12
2009-10-25	8.6	4.06	21	11
2009-10-26	3.9	2.38	20.5	11
2009-10-27	0	1.24	18	11.5
2009-10-28	0	1.46	23	12.5
2009-10-29	0.7	2.64	25	13.5
2009-10-30	26.9	3.52	23	14
2009-10-31	0	1.91	15	11.5
2009-11-01	0	5.53	19.5	8
2009-11-02	0	4.42	21	6
2009-11-03	0	5.94	16.5	4.5
2009-11-04	0	3.76	14.5	6
2009-11-05	0.5	1.72	13.5	8.5
2009-11-06	0.01	2.13	14.5	7
2009-11-07	0	3.1	17.5	8
2009-11-08	0	2.47	21.5	8.5
2009-11-09	0	1.65	20	7.5
2009-11-10	0	2.78	13	6.5
2009-11-11	0	2.83	10	7
2009-11-12	0	1.5	20	4.5
2009-11-13	0	4.15	22.5	4.5
2009-11-14	0	4.34	23.5	5.5
2009-11-15	0	3.69	24	6
2009-11-16	0	4.27	21.5	7
2009-11-17	0	5.14	19	7.5
2009-11-18	0	3.6	23	8.5
2009-11-19	0	4.54	23	9.5
2009-11-20	0	4.38	24	10.5
2009-11-21	0	3.63	21.5	10.5
2009-11-22	0	3.09	21.5	10
2009-11-23	0	2.92	23	10
2009-11-24	0	4.08	23	8.5
2009-11-25	0	3.68	21	9
2009-11-26	0	4.12	14.5	8.5
2009-11-27	0	5.26	17.5	7
2009-11-28	0	1.72	21	6.5
2009-11-29	0	3.64	21	7.5
2009-11-30	0	4.51	22	9
2009-12-01	0	3.09	22.5	9.5
2009-12-02	0	5.2	23	9.5
2009-12-03	0	6.42	21	7.5
2009-12-04	0	1.82	21	8
2009-12-05	0.7	2.75	21.5	9
2009-12-06	0	2.7	23.5	9.5
2009-12-07	0	2.74	24.5	10
2009-12-08	0	4.96	26	11
2009-12-09	0	4.06	22.5	10
2009-12-10	0	4.47	26.5	10
2009-12-11	0	3.87	24.5	9
2009-12-12	0	4.43	23.5	9.5
2009-12-13	0	4.49	22.5	8
2009-12-14	0	4.5	23.5	8.5
2009-12-15	0	4.22	22.5	8.5
2009-12-16	3.4	4.84	16	9
2009-12-17	0	1.76	19	7
2009-12-18	0	2.8	13	7.5
2009-12-19	0	1.67	18.5	7
2009-12-20	0	1.59	15	7
2009-12-21	0	3.18	15.5	1
2009-12-22	0	2.32	22	2
2009-12-23	0	6.54	20.5	3
2009-12-24	0	1.68	21.5	3.5
2009-12-25	0	1.13	23	3.5
2009-12-26	0	3.82	21	4
2009-12-27	0	5.08	22.5	6
2009-12-28	0	4.96	12.5	6
2009-12-29	0	3.95	22	6.5
2009-12-30	0	2.53	23	9
2009-12-31	0	4.22	22	8
2010-01-01	0	2.01	14	7.5
2010-01-02	5.3	3.75	18	5
2010-01-03	0.3	2.91	13.5	5.5
2010-01-04	0	2.57	11.5	6.5
2010-01-05	0	2.52	15.5	4.5
2010-01-06	0	1.61	17	5
2010-01-07	6	2.48	18.5	7
2010-01-08	12.3	2.76	10	7.5
2010-01-09	2.8	1.43	10	6.5
2010-01-10	0	0.21	9	4
2010-01-11	0	1.81	13.5	2
2010-01-12	0.5	2.02	13.5	2.5
2010-01-13	3	2.47	16	5.5
2010-01-14	0	1.5	19.5	6
2010-01-15	1.1	3.55	17.5	7.5
2010-01-16	0.7	4.8	18.5	4.5
2010-01-17	0	2.16	20.5	5
2010-01-18	0	2.85	23	7
2010-01-19	0	4.19	24	8
2010-01-20	0	4.77	23.5	7.5
2010-01-21	0	5.99	24.5	7.5
2010-01-22	0	5.83	25	8
2010-01-23	0	5.43	25.5	8
2010-01-24	0	7.04	26	7.5
2010-01-25	0	6.24	23.5	7.5
2010-01-26	0	6.35	22.5	6.5
2010-01-27	0	4.22	22.5	6.5
2010-01-28	0	5.8	20.5	7.5
2010-01-29	0.01	3.34	19	9
2010-01-30	4.2	3.89	13.5	9
2010-01-31	1.5	2.77	18	7
2010-02-01	3.5	3.29	12.5	6
2010-02-02	7.5	2.1	16.5	7
2010-02-03	27.6	1.5	16.5	8.5
2010-02-04	31.6	1.3	13.5	9.5
2010-02-05	0	1.46	19	5
2010-02-06	0	4.24	20.5	5
2010-02-07	0	4.21	22.5	4.5
2010-02-08	0	4.81	23.5	5.5
2010-02-09	0	5.32	20	7.5
2010-02-10	0	4.19	22	7.5
2010-02-11	0	5.21	22.5	8.5
2010-02-12	0	7.52	21.5	10
2010-02-13	0	4.46	21.5	7
2010-02-14	0	4.65	21	8
2010-02-15	0	5.09	15	8
2010-02-16	0.2	3.07	17	4
2010-02-17	19.4	0.28	11	4.5
2010-02-18	4.1	0.6	12.5	6.5
2010-02-19	0	3.16	19.5	6.5
2010-02-20	0	3.72	21	7.5
2010-02-21	0	3.7	22.5	8
2010-02-22	0	6.08	22	7.5
2010-02-23	0	7.16	23.5	8.5
2010-02-24	0	3.97	14.5	7
2010-02-25	0	2.75	23	1
2010-02-26	0	2.38	21.5	1.5
2010-02-27	0	4.58	21.5	5
2010-02-28	0	5.46	23.5	6
2010-03-01	0	5.22	24.5	9.5
2010-03-02	0	7.73	21.5	6
2010-03-03	0	4.71	24.5	6
2010-03-04	0	4.94	24.5	7
2010-03-05	0	5.83	25	8
2010-03-06	0	5.97	26	9
2010-03-07	0	5.36	23.5	9
2010-03-08	0	4.57	21.5	10.5
2010-03-09	0	3.86	26.5	12.5
2010-03-10	0	6.96	27.5	12
2010-03-11	0	9.02	27.5	10
2010-03-12	0	9.98	22.5	11
2010-03-13	0	5	24.5	7
2010-03-14	0	5.95	27	8
2010-03-15	0.1	5.85	25.5	10
2010-03-16	0	6.47	20	12
2010-03-17	0	4.15	21.5	6.5
2010-03-18	0	5.76	23.5	5
2010-03-19	0	3.11	24.5	6
2010-03-20	0	7.12	24.5	11
2010-03-21	0	8.05	23	7
2010-03-22	0	4.97	24.5	6
2010-03-23	0	6.63	24.5	7.5
2010-03-24	0	6.54	26.5	9
2010-03-25	0	5.99	23.5	10.5
2010-03-26	0	7.01	27	7.5
2010-03-27	0	6.53	28	9
2010-03-28	0	7.54	22.5	10.5
2010-03-29	0	4.95	20	6.5
2010-03-30	0	5.7	23	8
2010-03-31	0	4.16	24.5	9.5
2010-04-01	0	7.18	27	10
2010-04-02	0	4.51	26	10.5
2010-04-03	0	6.08	25	10
2010-04-04	0	6.33	25.5	11
2010-04-05	0	7.33	25.5	11
2010-04-06	0	7.05	28	11
2010-04-07	0.3	6.99	28.5	12
2010-04-08	2.8	6.93	17.5	13
2010-04-09	6.4	3.91	25.5	10
2010-04-10	0.3	3.77	27	10.5
2010-04-11	0.2	6.24	24.5	11.5
2010-04-12	19.1	5.83	23	12
2010-04-13	3	4.36	21	11
2010-04-14	0	3.97	22.5	8.5
2010-04-15	5.1	5.04	23	9.5
2010-04-16	0.2	4.36	19.5	8.5
2010-04-17	12.5	2.81	23.5	7.5
2010-04-18	0	5.23	22	8.5
2010-04-19	0	4.7	23	9.5
2010-04-20	0	4.84	25	10
2010-04-21	0	6.25	27	10.5
2010-04-22	0	5.73	25	11.5
2010-04-23	0	6.82	26.5	13.5
2010-04-24	0	5.02	26.5	14
2010-04-25	0	6.45	27.5	14.5
2010-04-26	0	7.29	27.5	11
2010-04-27	0	7.09	28.5	11.5
2010-04-28	0	8.4	25.5	10
2010-04-29	0	6.2	28.5	10.5
2010-04-30	0	9.03	30.5	11.5
2010-05-01	0	9.75	20.5	12
2010-05-02	0	10.54	30.5	10
2010-05-03	0	6.85	30.5	12
2010-05-04	0	10.25	22.5	13
2010-05-05	0	7.16	28.5	11.5
2010-05-06	0	9.69	29.5	9.5
2010-05-07	0	7.56	30.5	10.5
2010-05-08	0	8.29	26	8.5
2010-05-09	0	7.66	27	10
2010-05-10	0.6	5.51	28.5	12
2010-05-11	0	6.53	29.5	12.5
2010-05-12	0	7.69	28	12
2010-05-13	0.4	7.05	27	12.5
2010-05-14	8	6.91	25.5	13.5
2010-05-15	0	5.08	26.5	11
2010-05-16	1.9	7.26	23	10.5
2010-05-17	0	2.71	23.5	10.5
2010-05-18	0	4.02	24.5	11
2010-05-19	0	5.58	28	11
2010-05-20	0	6.98	29.5	12
2010-05-21	0	7.18	29	13
2010-05-22	0	9.24	28	13
2010-05-23	0	7.76	28.5	12
2010-05-24	0	7.28	28	12.5
2010-05-25	0	7.37	25.5	13
2010-05-26	0	5.59	26	12.5
2010-05-27	0	5.16	24.5	13.5
2010-05-28	0	6.03	25	13
2010-05-29	0	5.34	28.5	13.5
2010-05-30	0	5.27	29.5	13
2010-05-31	0	8.12	29.5	13
2010-06-01	0	8.45	29	14
2010-06-02	0	7.32	29.5	13.5
2010-06-03	0.8	6.52	29	14.5
2010-06-04	0.1	6.06	29.5	13
2010-06-05	0	7.37	29	14
2010-06-06	0	6.03	28	12.5
2010-06-07	1.2	7.59	27.5	13.5
2010-06-08	3.8	7.46	28	13
2010-06-09	0	5.21	27.5	11.5
2010-06-10	0	6.45	27.5	12.5
2010-06-11	0	6.11	28	13.5
2010-06-12	0	5.28	25.5	13.5
2010-06-13	0	5.5	24	12.5
2010-06-14	0	6.85	23	11.5
2010-06-15	0.5	7.3	23.5	11
2010-06-16	0.1	6.26	22	11.5
2010-06-17	0.4	3.75	20.5	13.5
2010-06-18	54.2	2.91	23.5	14
2010-06-19	0.1	2.6	23.5	12
2010-06-20	0	6.6	23	12
2010-06-21	0	6.85	23.5	12.5
2010-06-22	0	7.05	23.5	12.5
2010-06-23	0	7.05	24	11
2010-06-24	0	7.08	22.5	12
2010-06-25	0	5.62	23	12.5
2010-06-26	0	9.41	24	11.5
2010-06-27	0	5.68	26	12.5
2010-06-28	2.1	5.35	24.5	12
2010-06-29	0.7	7.04	21.5	12.5
2010-06-30	0	4.78	23.5	14.5
2010-07-01	16.5	2.3	24	14
2010-07-02	32.5	3.87	20.5	13.5
2010-07-03	20.5	2.76	22.5	12
2010-07-04	13.3	3.18	24.5	12.5
2010-07-05	14.3	1.62	24.3	13
2010-07-06	34.3	2.18	25.5	13.5
2010-07-07	3.5	2.57	21	13.5
2010-07-08	2.1	6.08	20.5	12.5
2010-07-09	4.1	4.3	20.5	13.5
2010-07-10	1.3	3.78	19.5	12.5
2010-07-11	0.3	4.14	20.5	12
2010-07-12	0	3.32	23.5	12
2010-07-13	0	4.88	24.5	12
2010-07-14	3.5	6.2	21	13
2010-07-15	23.1	4.38	22	12
2010-07-16	0.9	4.74	22.4	11
2010-07-17	0	5.91	22	9.5
2010-07-18	6.3	5.78	23	10
2010-07-19	0.2	5.42	22	12.5
2010-07-20	8.7	4.42	22	13.5
2010-07-21	2.5	2.58	22.5	12.5
2010-07-22	15.8	2.99	17	13
2010-07-23	31.7	1.96	18.5	13.5
2010-07-24	19.5	4.03	16	14
2010-07-25	12.3	5.42	17	13
2010-07-26	0	3.68	19.5	13.5
2010-07-27	4.6	5.96	23	12.5
2010-07-28	2.8	7.65	18.5	13
2010-07-29	1.4	2.85	21.5	12.5
2010-07-30	0	5.39	20	10.5
2010-07-31	0	5.34	23.5	11
2010-08-01	0.4	3.5	23	10.5
2010-08-02	0	4.09	23	10
2010-08-03	2.3	7.19	22.5	11
2010-08-04	0.1	6.4	21	12
2010-08-05	0	5.18	22.5	10.5
2010-08-06	1.5	6.63	23	10
2010-08-07	2.3	2.94	24	11
2010-08-08	6.4	3.3	24	12
2010-08-09	1.5	4.62	25.5	11
2010-08-10	0	5.2	24.5	12
2010-08-11	3.6	5.82	24	13
2010-08-12	2.2	5.2	23	14
2010-08-13	13.7	4.47	24	14
2010-08-14	0	2.23	23.5	13.5
2010-08-15	1.2	6.88	24	13
2010-08-16	6.4	5.5	21	13.5
2010-08-17	13.6	4.7	20.5	12
2010-08-18	2.5	1.88	22	11.5
2010-08-19	0	2.14	22	12.5
2010-08-20	0	7.09	20.5	11.5
2010-08-21	3.8	5.33	22	12
2010-08-22	1.4	3.13	19.5	12
2010-08-23	0	2.58	19.5	10.5
2010-08-24	0	5.93	22.5	10.5
2010-08-25	0	3.57	22.5	10.5
2010-08-26	0.5	5.84	20.5	11.5
2010-08-27	1	4.15	18.5	11.5
2010-08-28	0	2.6	23	11.5
2010-08-29	0	3.29	22.5	12
2010-08-30	0	5.96	21	12
2010-08-31	4.2	4.58	18	12.5
2010-09-01	0	1.28	22.5	13
2010-09-02	0	4.21	22	12
2010-09-03	4.4	5.48	21.5	12.5
2010-09-04	5.5	6.3	19.5	13
2010-09-05	18.6	1.83	15	13
2010-09-06	4.2	0.81	20.5	12.5
2010-09-07	0.2	1.31	21	13
2010-09-08	5	3	24	12
2010-09-09	0.2	5.3	25	12.5
2010-09-10	0	2.06	23	12
2010-09-11	0	6.94	23.5	12.5
2010-09-12	0	5.04	21	13
2010-09-13	1	4.31	21	12.5
2010-09-14	0	5.42	20	12
2010-09-15	0	3.26	20.5	12.5
2010-09-16	0.4	3.52	21.5	13
2010-09-17	21.9	6.15	17	12
2010-09-18	1.8	1.19	19.5	13
2010-09-19	0.7	3.57	22.5	13
2010-09-20	0.1	1.46	23.5	13.5
2010-09-21	0	4.2	24	13
2010-09-22	0.3	4.42	22.5	12.5
2010-09-23	0	5.14	21	12
2010-09-24	0	4.49	21.5	12
2010-09-25	0	4.26	21	12.5
2010-09-26	0	2.58	20.5	9.5
2010-09-27	0.3	3.48	19	10
2010-09-28	0	3.71	21.5	11.5
2010-09-29	0	3.56	22	5.5
2010-09-30	0	5.48	21	6
2010-10-01	0	5.54	19.5	4
2010-10-02	0	4.75	19.5	4.5
2010-10-03	0	4.72	15	5
2010-10-04	0	2.09	17.5	3
2010-10-05	0	6.37	17.5	3.5
2010-10-06	0	2.18	15	5
2010-10-07	0	2.51	16.5	6.5
2010-10-08	0	4.46	19	7.5
2010-10-09	0	3.72	20	6
2010-10-10	0	3.91	25	6
2010-10-11	0	4.08	25	7
2010-10-12	0	7.04	23	10
2010-10-13	0.3	6.74	18	8.5
2010-10-14	0	4.33	13.5	8.5
2010-10-15	0	1.96	19	4
2010-10-16	0	3.14	20.5	4
2010-10-17	0	6.29	22.5	5
2010-10-18	0	2.15	24.5	6
2010-10-19	0	6.51	24	6
2010-10-20	0	5.61	24.5	7.5
2010-10-21	0	6.82	23.5	8
2010-10-22	0	7	24.5	9
2010-10-23	0	6.23	25.5	9.5
2010-10-24	0	5.86	24.5	9
2010-10-25	0	6.79	25.5	8
2010-10-26	0	6.19	26.5	9
2010-10-27	0	5.95	27	10
2010-10-28	14	6.6	19.5	10.5
2010-10-29	3.5	4.68	13	8
2010-10-30	0	2.15	18.5	8
2010-10-31	0	1.58	22.5	8
2010-11-01	0	2.72	24	8
2010-11-02	0	6.78	23	8
2010-11-03	0	3.43	18	7
2010-11-04	0	3.48	13	5
2010-11-05	0	3.93	13	-1.5
2010-11-06	0	3.5	15	-1.5
2010-11-07	0	4.57	15	-2
2010-11-08	0	3.09	18.5	-1.5
2010-11-09	0	3.93	20	-0.5
2010-11-10	0	4.29	20.5	2.5
2010-11-11	0	4.61	20	3
2010-11-12	0	4.74	21.5	3.5
2010-11-13	0	4.41	20	4
2010-11-14	0	3.18	23.5	5
2010-11-15	0	4.07	24	7
2010-11-16	0	5.16	23	7.5
2010-11-17	0	4.41	23.5	6.5
2010-11-18	0	4.44	13.5	7.5
2010-11-19	0	1.28	20.5	9
2010-11-20	0	2.7	21.5	7
2010-11-21	0	4.45	23	6.5
2010-11-22	0	4.63	23.5	7
2010-11-23	0	5.15	23	7.5
2010-11-24	0	4.57	26	5.5
2010-11-25	0	4.39	25	6
2010-11-26	0	4.14	23	7
2010-11-27	0	3.77	21	7.5
2010-11-28	0	5.52	25	8
2010-11-29	0	4.35	25	8
2010-11-30	0	2.93	19	7.5
2010-12-01	0	3.35	18	4
2010-12-02	0	2.82	21.5	4.5
2010-12-03	0	3.8	21	2
2010-12-04	0	4.28	22.5	1.5
2010-12-05	0	3.09	19.5	-1
2010-12-06	0	3.88	14	-0.5
2010-12-07	0	1.15	19.5	6
2010-12-08	0	1.8	15.5	4
2010-12-09	0	1.92	18.5	-1.5
2010-12-10	0	2.99	22.5	-1
2010-12-11	0	3.97	23	2.5
2010-12-12	0	4.53	16	1.5
2010-12-13	0	3.92	19.5	-0.5
2010-12-14	0	3.58	19.5	0.5
2010-12-15	0	3.29	21	1
2010-12-16	0	4.09	21	2.5
2010-12-17	0	3.87	21	4
2010-12-18	0	3.98	21	3
2010-12-19	0	3.55	22	3
2010-12-20	0	3.75	22.5	4
2010-12-21	0	5.01	22	4
2010-12-22	0	4.98	22.5	3
2010-12-23	0	2.86	21	2
2010-12-24	0	4.85	21	2.5
2010-12-25	0	4.78	15.5	3
2010-12-26	0	1.28	16	4
2010-12-27	0	2.55	19.5	4
2010-12-28	0	2.64	19.5	4.5
2010-12-29	0	3.26	22	5.5
2010-12-30	0	4.19	22	7
2010-12-31	0	5.32	22.5	7.5
2011-01-01	0	5.34	21.5	8
2011-01-02	0	3.42	21	6
2011-01-03	0	3.67	23	5
2011-01-04	0	4.5	24	5.5
2011-01-05	0	4.97	24.5	7
2011-01-06	0	4.9	23.5	5.5
2011-01-07	0	4.26	24	6
2011-01-08	0	3.7	24	6.5
2011-01-09	0	5.02	23.5	7
2011-01-10	0	5.25	25	7.5
2011-01-11	0	4.89	17	6
2011-01-12	0	3.97	11	5.5
2011-01-13	0	2.46	13.5	4.5
2011-01-14	0	2.27	20	4.5
2011-01-15	0	4.5	19	5
2011-01-16	0	2.71	20.5	4.5
2011-01-17	0	3.95	21.5	4.5
2011-01-18	0	6.57	23	5
2011-01-19	0	5.21	24	4.5
2011-01-20	0	4.8	24.5	5.5
2011-01-21	0	6.32	24	4.5
2011-01-22	0	5.74	21.5	5.5
2011-01-23	0	4.36	23.5	6
2011-01-24	0	5.12	24.5	5.5
2011-01-25	0	5.36	21.5	5.5
2011-01-26	0	4.46	21	5.5
2011-01-27	0	3.7	21.5	6.5
2011-01-28	0	3.93	22	6
2011-01-29	0	4.24	23.5	6.5
2011-01-30	0	4.29	23.5	7
2011-01-31	0	5.46	25	8
2011-02-01	0	5.41	24.5	8
2011-02-02	0	4.46	21.5	7
2011-02-03	0	4.58	22.5	6.5
2011-02-04	0	4.41	22	7
2011-02-05	0	5.62	23	9
2011-02-06	0	5.34	23	9.5
2011-02-07	0	8.26	22	7.5
2011-02-08	0	4.35	24.5	6
2011-02-09	0	4.8	24.5	7
2011-02-10	0	4.96	23	8
2011-02-11	0.3	4.36	22.5	9
2011-02-12	0	4.47	11.5	7.5
2011-02-13	0	3.74	19.5	4
2011-02-14	0	3.24	21.5	4
2011-02-15	0	6.2	23.5	2
2011-02-16	0	5.77	24.5	2
2011-02-17	0	6.14	24.5	5
2011-02-18	0	7.46	23.5	4.5
2011-02-19	0	7.21	23.5	5
2011-02-20	0	3.94	24	6
2011-02-21	0	5.83	25.5	7
2011-02-22	0	6.28	24	8.5
2011-02-23	0	5.95	25.5	8.5
2011-02-24	0	5.49	27	8.5
2011-02-25	0	5.05	23.5	9.5
2011-02-26	4	5.06	25.5	9.5
2011-02-27	0	3.78	26.5	10.5
2011-02-28	0	5.55	24.5	10.5
2011-03-01	0	6.51	22.5	6.5
2011-03-02	0	6.77	25	4.5
2011-03-03	0	7.06	25.5	5
2011-03-04	0	7.16	26	7
2011-03-05	0	7.85	25.5	8
2011-03-06	0	4.81	22	7
2011-03-07	0	4.71	25.5	8.5
2011-03-08	0	6.3	25.5	9.5
2011-03-09	0	6.64	25.5	8
2011-03-10	0	7.72	14	6.5
2011-03-11	0	5.11	21.5	1
2011-03-12	0	5.59	24	1.5
2011-03-13	0	7.07	25	5.5
2011-03-14	0	6.2	24	8
2011-03-15	0	6.93	23	7.5
2011-03-16	0	5.03	22	6
2011-03-17	0	5.79	23	5.5
2011-03-18	0	6.5	23.5	5.5
2011-03-19	0	6.14	24	5
2011-03-20	0	7.47	24.5	6
2011-03-21	0	6.78	23	4.5
2011-03-22	0	6.86	24.5	4.5
2011-03-23	0	6	26	5.5
2011-03-24	0	7.93	26	6
2011-03-25	0	7	26.5	6
2011-03-26	0	7.81	27.5	7.5
2011-03-27	1.5	6.78	29.5	11
2011-03-28	0	7.06	27.5	12
2011-03-29	0	7.39	29	12
2011-03-30	2.5	7.65	29	12.5
2011-03-31	0	7.8	27.5	11
2011-04-01	0.4	6.83	27	11
2011-04-02	3.5	4.89	25.5	11
2011-04-03	0.7	5.06	26	9.5
2011-04-04	11	5.48	27	10
2011-04-05	0	7	23	9
2011-04-06	0	7.36	26.5	9.5
2011-04-07	0	6.7	27	10.5
2011-04-08	0	8.83	28	10.5
2011-04-09	0	8.29	27	10.5
2011-04-10	0	8.16	29.5	10.5
2011-04-11	0	8.19	27	11.5
2011-04-12	0	8.67	24	8.5
2011-04-13	0	7.83	27	9
2011-04-14	0	7.76	29.5	10.5
2011-04-15	0	8.5	29	11
2011-04-16	0	7.13	21	12
2011-04-17	12.7	3.18	24.5	10.5
2011-04-18	3.1	4.56	26.5	11
2011-04-19	3.5	5.08	26.5	11
2011-04-20	0	5.96	26.5	10.5
2011-04-21	0	6.7	25	10
2011-04-22	0	7.56	26.5	10
2011-04-23	0	7.89	27.5	11
2011-04-24	0	6.29	27.5	11.5
2011-04-25	0	7.56	27.5	12.5
2011-04-26	0	7.32	29.5	13.5
2011-04-27	0	8.22	30	13
2011-04-28	0	9.32	22	12
2011-04-29	0	7.98	27.5	9
2011-04-30	0	7.21	28	10
2011-05-01	0	6.8	27	12.5
2011-05-02	0	6.49	25	11.5
2011-05-03	0	7.45	21	11
2011-05-04	0	4.56	21	6.5
2011-05-05	0	5.5	24	7
2011-05-06	0	5.4	25	9.5
2011-05-07	0	7.41	25.5	10
2011-05-08	0	8.68	27.5	10.5
2011-05-09	0	8.63	29	11.5
2011-05-10	0	7.77	28.5	13.5
2011-05-11	2	8.63	29.5	15
2011-05-12	0	3.43	29.5	14
2011-05-13	0	8.86	28.5	13
2011-05-14	0	8.44	25.5	13.5
2011-05-15	0	5.43	28	13.5
2011-05-16	0	6.26	28.5	13
2011-05-17	0	7.73	29	12
2011-05-18	0	8.3	20.5	13
2011-05-19	0	7.24	29.5	13.5
2011-05-20	0	6.78	29.5	14
2011-05-21	0	9.3	28.5	13.5
2011-05-22	0	7.01	28.5	12.5
2011-05-23	0	8.83	29.5	12
2011-05-24	0	8.82	31	12
2011-05-25	0	9.57	31	13.5
2011-05-26	0	10.75	30.5	13.5
2011-05-27	0	8.98	29.5	13
2011-05-28	0	8.19	28.5	13
2011-05-29	0	9.19	29	11
2011-05-30	0	7.95	27.5	11.5
2011-05-31	0	7.98	24.5	12.5
2011-06-01	0	7.61	20	10.5
2011-06-02	0	4.57	22.5	5
2011-06-03	0	7.41	24	6
2011-06-04	0	6.78	23	7
2011-06-05	0	6.07	20.5	8.5
2011-06-06	0	5.6	23	9.5
2011-06-07	0	7.26	25	8
2011-06-08	0	6.35	25.5	8.5
2011-06-09	0	9.32	26	9
2011-06-10	0	6.88	27	10
2011-06-11	0	7.61	25	9
2011-06-12	0	7.6	24.5	8.5
2011-06-13	0	7.04	24	9
2011-06-14	0	5.5	25	9.5
2011-06-15	0	6.88	27	9.5
2011-06-16	0	7.36	25	10.5
2011-06-17	0	7.38	26	12
2011-06-18	0	9.16	24	12.5
2011-06-19	0	6.78	25	11.5
2011-06-20	6.1	6.86	26.5	12
2011-06-21	7.6	4.66	23.5	14
2011-06-22	2.6	3.07	22.5	14.5
2011-06-23	5.8	2.65	24	14
2011-06-24	4.7	2.48	23	14
2011-06-25	7.5	3.17	23	13.5
2011-06-26	0	2.7	21.5	13.5
2011-06-27	4.7	4.74	23	12.5
2011-06-28	13.9	3.91	20	13
2011-06-29	48.5	2.52	19	14
2011-06-30	92	1.13	16.5	13.5
2011-07-01	16	0.69	20	13.5
2011-07-02	2.2	2.34	18.5	13.5
2011-07-03	0.4	3.03	18	13
2011-07-04	0	4.34	19.5	11.5
2011-07-05	0.1	4.84	21	11
2011-07-06	0.1	5.34	21.5	11.5
2011-07-07	0	4.41	24	11.5
2011-07-08	0.6	6.98	23	12.5
2011-07-09	12.4	3.45	23.5	13
2011-07-10	9.7	3.56	21.5	13
2011-07-11	1	1.93	21	12.5
2011-07-12	0.2	3.14	21.5	12
2011-07-13	36.4	3.81	18	11.5
2011-07-14	8.1	1.75	19	12
2011-07-15	0.7	2.1	21	11.5
2011-07-16	2.2	5.81	17.5	11
2011-07-17	4.8	1.93	19	11.5
2011-07-18	0.8	1.68	22	12
2011-07-19	0	3.98	22.5	10.5
2011-07-20	8.5	4.56	25.5	11.5
2011-07-21	5.7	4.57	24	12
2011-07-22	2.8	2.83	22	12
2011-07-23	0	2.3	23	10.5
2011-07-24	0.4	6.32	22	10
2011-07-25	0	4.12	21.5	9.5
2011-07-26	0.3	6.64	23	10.5
2011-07-27	0.6	3.67	23.5	11
2011-07-28	0.6	1.73	23	11
2011-07-29	3.1	4.08	22	11
2011-07-30	1.7	5.27	21	12
2011-07-31	3.5	2.5	17.5	12.5
2011-08-01	6.3	2.07	19.5	12
2011-08-02	0.1	3.43	21	12
2011-08-03	1.8	5.15	19.5	11.5
2011-08-04	0	1.27	22.5	12.5
2011-08-05	0	3.69	24	12
2011-08-06	2	5.73	23.5	12
2011-08-07	3.2	4.51	24	12
2011-08-08	5	3.94	23.5	12.5
2011-08-09	1.4	4.74	25.5	13
2011-08-10	2.4	2.86	26.5	12
2011-08-11	0.1	5.99	24	12.5
2011-08-12	0	3.76	24.5	12
2011-08-13	5.4	6.44	23.5	11
2011-08-14	0	3.24	22	11
2011-08-15	0	5.43	21.5	11
2011-08-16	0	5.38	23.5	10
2011-08-17	0	5.47	23	10
2011-08-18	0	6.31	23	10.5
2011-08-19	0	6.59	23.5	9.5
2011-08-20	0	6.17	23	9.5
2011-08-21	14.2	4.74	21	10
2011-08-22	19.7	3.55	21.5	11.5
2011-08-23	1	4.74	23.5	13
2011-08-24	0	2.36	23.5	11
2011-08-25	0	5.68	23	10
2011-08-26	0	6.26	23	10.5
2011-08-27	0	5.4	23.5	12
2011-08-28	0	4.91	23	13.5
2011-08-29	1	4.41	21.5	13
2011-08-30	0	4.64	20.5	12.5
2011-08-31	6.9	4.05	22	12
2011-09-01	2.6	3.68	21.5	12.5
2011-09-02	8	2.66	23.5	13
2011-09-03	21.7	2.81	23.5	13
2011-09-04	2.3	3.23	21.5	13
2011-09-05	2.8	3.27	20	13
2011-09-06	1.5	3.29	16	11.5
2011-09-07	0	0.98	19	8
2011-09-08	0	3.58	19	7
2011-09-09	0	4.76	19.5	3
2011-09-10	2	4.92	20.5	3.5
2011-09-11	10.7	4.73	14	4.5
2011-09-12	0	1.35	20.5	8
2011-09-13	0	4.75	21.5	9.5
2011-09-14	0	5.1	23	9.5
2011-09-15	0.2	6.4	24	8.5
2011-09-16	0	5.03	23.5	9.5
2011-09-17	0	5.23	23.5	11.5
2011-09-18	0	3.87	22	9
2011-09-19	0	5.23	22	9.5
2011-09-20	0	5.21	21.5	8.5
2011-09-21	0	4.75	21	7.5
2011-09-22	0.6	5.6	22	8.5
2011-09-23	0	3.87	19	10.5
2011-09-24	0	4.2	23	11.5
2011-09-25	0	5	24	9.5
2011-09-26	0	5.9	25	9
2011-09-27	0	6.75	25	9
2011-09-28	0	6.34	24.5	8.5
2011-09-29	0	6.4	24	9
2011-09-30	1.2	5.18	19.5	9.5
2011-10-01	1.4	2.98	16	10
2011-10-02	0.1	1.7	15.5	10.5
2011-10-03	0.2	3.68	17.5	9.5
2011-10-04	0	1.51	19.5	10
2011-10-05	0	2.69	23	11
2011-10-06	1	4.28	22	11
2011-10-07	0	2.97	21.5	1.5
2011-10-08	0	3.2	22.5	3
2011-10-09	1.2	3.02	23	10
2011-10-10	0.1	2.38	19	11
2011-10-11	4.9	2.12	21	11.5
2011-10-12	0.5	2.94	21.5	11
2011-10-13	5.2	1.46	18.5	11.5
2011-10-14	0.2	1.2	17.5	7
2011-10-15	0	2.95	18.5	7
2011-10-16	0	3.97	19.5	7
2011-10-17	0	3.4	23.5	7
2011-10-18	0.6	4.88	22	6.5
2011-10-19	0	5.08	19.5	7
2011-10-20	0	4.6	23.5	4.5
2011-10-21	0	4.69	21.5	5
2011-10-22	0	5.77	20	3.5
2011-10-23	0	4.13	20.5	2
2011-10-24	0	4.34	18	2.5
2011-10-25	0	5.27	19	2
2011-10-26	0	4.86	22.5	1.5
2011-10-27	0	4.06	24.5	3
2011-10-28	0	5.29	19.5	5
2011-10-29	0	4.43	21.5	6.5
2011-10-30	0	4.6	22.5	4
2011-10-31	0	5.86	19.5	3.5
2011-11-01	0	5	22	1.5
2011-11-02	0	3.71	24	3
2011-11-03	0.1	4.58	19.5	6
2011-11-04	2.2	1.75	21	7
2011-11-05	0	3.22	23.5	8
2011-11-06	0	3.77	24.5	9
2011-11-07	0	4.5	24.5	9.5
2011-11-08	0	4.2	25.5	10
2011-11-09	0.4	4.77	18.5	11
2011-11-10	0	2.31	14	9.5
2011-11-11	0	3.91	19.5	8
2011-11-12	0	3.03	23	8
2011-11-13	0	3.99	24.5	8.5
2011-11-14	0	3.6	25	9
2011-11-15	0	5.08	24.5	8.5
2011-11-16	3.8	4.69	24.5	8.5
2011-11-17	0.2	4.97	17.5	8
2011-11-18	0	3.95	21	9
2011-11-19	0	3.41	23.5	9.5
2011-11-20	0	4.82	24	8
2011-11-21	0	4.57	25	7
2011-11-22	0	4.47	24.5	8.5
2011-11-23	0	4.92	15	9.5
2011-11-24	0	4.99	21.5	9.5
2011-11-25	0	3.71	24	5.5
2011-11-26	4.1	4.03	20.5	6.5
2011-11-27	7.2	3.28	10.5	6.5
2011-11-28	0	3.73	16	0.5
2011-11-29	0	1.6	19	0
2011-11-30	0	4.89	19	-1.5
2011-12-01	0	2.99	22.5	2
2011-12-02	0	4.78	22.5	3.5
2011-12-03	0	3.61	23.5	5
2011-12-04	0	4.99	26.5	6
2011-12-05	0	3.59	24	7.5
2011-12-06	0	4.91	23	6
2011-12-07	0	3.67	18.5	5.5
2011-12-08	0	3.57	22.5	4.5
2011-12-09	0	3.98	22	5.5
2011-12-10	0	4.3	18.5	4
2011-12-11	0	3.49	20	3
2011-12-12	0	3.97	23	4
2011-12-13	0	3.61	22	4
2011-12-14	0	4.26	23.5	4.5
2011-12-15	0	4.24	22.5	6
2011-12-16	0.1	5.15	21	6
2011-12-17	0.3	4.35	15	6.5
2011-12-18	0.1	1.89	18	7.5
2011-12-19	0	2.47	23	5.5
2011-12-20	0	4.64	23	6.5
2011-12-21	0	3.75	24.5	6.5
2011-12-22	0	4.3	23.5	7.5
2011-12-23	0	4.08	23.5	6.5
2011-12-24	0	3.5	24	6
2011-12-25	0	4.09	22	6
2011-12-26	0	3.26	22.5	6.5
2011-12-27	0	4.69	21	6.5
2011-12-28	0	4.07	23	5
2011-12-29	0	4	22	5.5
2011-12-30	0	4.06	22	7
2011-12-31	0	4.43	23	8
2012-01-01	0.2	3.2	16	4.5
2012-01-02	0.1	3.41	9.5	5.5
2012-01-03	0	0.97	12.5	4.5
2012-01-04	0	2.4	19	2.5
2012-01-05	0	3.47	16.5	2.5
2012-01-06	0	3.09	17.5	3.5
2012-01-07	0	2.87	20.5	4
2012-01-08	0	4.78	23.5	4.5
2012-01-09	0	5.11	24	6.5
2012-01-10	0	5.95	23	6.5
2012-01-11	0	5.27	23.5	6.5
2012-01-12	0	5.06	22	6.5
2012-01-13	0	5.82	22	5
2012-01-14	0.3	4.34	17.5	6
2012-01-15	0.5	2.96	21	6.5
2012-01-16	0	2.33	22	5.5
2012-01-17	0	2.92	23	5.5
2012-01-18	0	5.6	21	5.5
2012-01-19	0	4.87	22.5	5.5
2012-01-20	0	4.6	23.5	5.5
2012-01-21	0	4.62	23.5	7
2012-01-22	0	4.95	24	7
2012-01-23	0	4.92	24	6.5
2012-01-24	0	5.57	24	7
2012-01-25	0	3.61	23.5	7.5
2012-01-26	0	5.83	19.5	6
2012-01-27	0	3.5	20.5	4
2012-01-28	0	3.82	20.5	5.5
2012-01-29	0.6	5.16	11.5	6
2012-01-30	0.1	2.45	17	7
2012-01-31	1.5	3.03	20	7.5
2012-02-01	0	1.34	17	8
2012-02-02	2.8	2.53	20.5	5.5
2012-02-03	0.1	3.9	22	5
2012-02-04	0	5.36	22.5	6
2012-02-05	10	5.47	17	7
2012-02-06	0.3	3.9	19	6
2012-02-07	6.1	2.05	17.5	5.5
2012-02-08	3	2.05	15	5.5
2012-02-09	1.9	2.76	15.5	5
2012-02-10	7.7	1.53	15	7
2012-02-11	4	1.13	13	7
2012-02-12	0.2	2.03	12.5	8
2012-02-13	0	0.83	18.5	8.5
2012-02-14	6.9	1.87	20	10
2012-02-15	1	2.35	19.5	9.5
2012-02-16	0	1.82	22	8.5
2012-02-17	0	2.83	22	8.5
2012-02-18	0	4.32	21	9
2012-02-19	0	3.93	22	8
2012-02-20	0.4	4.55	23	8
2012-02-21	0	3.83	24	8.5
2012-02-22	0	4.86	23.5	9
2012-02-23	0	4.78	26	8.5
2012-02-24	8	5.94	24	9
2012-02-25	0.4	4.75	17	8.5
2012-02-26	0	1.9	23	6
2012-02-27	0	4.39	23.5	7
2012-02-28	0	5.83	25	6
2012-02-29	0	6.68	26	6
2012-03-02	0	6.31	25.5	8
2012-03-03	0	7.4	28	9.5
2012-03-04	0	7.98	27	10.5
2012-03-05	0	5.93	17.5	6
2012-03-06	0	5.25	20.5	4.5
2012-03-07	0	5.37	24.5	4
2012-03-08	0	6.61	25	7
2012-03-09	0	6.6	26	7
2012-03-10	0	6.85	20	7.5
2012-03-11	0.7	5.81	23.5	7.5
2012-03-12	1	5.67	23.5	9
2012-03-13	0	5.17	23	7
2012-03-14	0	5.79	23	5.5
2012-03-15	0	5.79	22.5	7
2012-03-16	0	5.35	22	7
2012-03-17	0.4	4.99	25.5	6.5
2012-03-18	1.1	6.16	24	8.5
2012-03-19	0	4.7	25.5	10
2012-03-20	0	7.12	20.5	9.5
2012-03-21	0	6.04	23.5	6
2012-03-22	0	6.3	22.5	7.5
2012-03-23	0	7.42	25	13
2012-03-24	0	6.69	24.5	8
2012-03-25	0	6.78	18.5	6
2012-03-26	0	7.07	18	3.5
2012-03-27	0.1	6.79	19	3.5
2012-03-28	1	7.03	18.5	4
2012-03-29	1.3	5.28	17.5	6.5
2012-03-30	0.4	4.94	17	6
2012-03-31	6.4	4.93	24	7.5
2012-04-01	2.1	5.14	21.5	9
2012-04-02	0	2.22	24	8
2012-04-03	0	3.49	26	8
2012-04-04	0	6.04	26	8.5
2012-04-05	0	5.86	26.5	8.5
2012-04-06	0	5.66	24.5	8.5
2012-04-07	0	0.5	22.5	8
2012-04-08	0	5.08	21.5	8.5
2012-04-09	0	3.33	22	8
2012-04-10	0	5.44	23.5	6.5
2012-04-11	0	5.59	23.5	7
2012-04-12	0	5.76	26.5	8
2012-04-13	4.5	6.25	26.5	10
2012-04-14	2.2	4.71	26	9.5
2012-04-15	0.1	5.61	26	8.5
2012-04-16	0	4.93	25	9.5
2012-04-17	0.8	5.19	22	9
2012-04-18	0	3.51	23.5	8.5
2012-04-19	0	5.22	27	8
2012-04-20	0	6.3	27.5	9.5
2012-04-21	0	6.85	23	9.5
2012-04-22	0	5.82	21	4.5
2012-04-23	0	5.4	21.5	2
2012-04-24	0	7.72	23	2.5
2012-04-25	0	8.08	24	3.5
2012-04-26	0	8.59	26.5	2.5
2012-04-27	0	8.63	29	3
2012-04-28	0	8.21	30	5.5
2012-04-29	0	0.71	28	9.5
2012-04-30	0	8.23	27	8.5
2012-05-01	2.1	7.93	29	8
2012-05-02	0	8.78	29.5	9
2012-05-03	0	9.16	30	9.5
2012-05-04	0	7.15	29	9.5
2012-05-05	0	8.25	27.5	9
2012-05-06	0	7.14	28	11
2012-05-07	0	6.97	28.5	10.5
2012-05-08	0	7.14	28.5	11.5
2012-05-09	0	7.24	23.5	12
2012-05-10	0	5.2	25	12
2012-05-11	0	4.44	21.5	13
2012-05-12	0	5.12	23.5	12
2012-05-13	1.5	5.71	20	11.5
2012-05-14	2.2	2.72	20.5	10.5
2012-05-15	0.1	5.89	24.5	8.5
2012-05-16	0	7.11	22	9
2012-05-17	0.8	6.53	22.5	11.5
2012-05-18	0	7.44	24.5	8
2012-05-19	0	7.89	26	7.5
2012-05-20	0	9.17	23.5	6.5
2012-05-21	0	6.79	20	7.5
2012-05-22	0	4.43	23	9.5
2012-05-23	0	7.42	28	5.5
2012-05-24	0	9.52	29.5	7.5
2012-05-25	0	7.97	27.5	10.5
2012-05-26	0	8.6	26	7.5
2012-05-27	0	9.97	26	9
2012-05-28	0	7.92	26.5	8
2012-05-29	0	8.53	26	7
2012-05-30	0	7.18	28.5	6
2012-05-31	0	9.61	28	7
2012-06-01	0	6.47	28.5	9.5
2012-06-02	0	7.51	27	11.5
2012-06-03	3.4	5.02	28	11
2012-06-04	1	4.54	27.5	10.5
2012-06-05	13	6	28.5	11.5
2012-06-06	6	8.91	26.5	12.5
2012-06-07	5.9	6.88	27	11.5
2012-06-08	0	6.65	25	11.5
2012-06-09	0	6.47	27.5	9
2012-06-10	0	7.13	28.5	7.5
2012-06-11	0	8.75	27.5	8.5
2012-06-12	0	8.34	25.5	9.5
2012-06-13	0	8.57	26.5	9.5
2012-06-14	0	5.04	24	8
2012-06-15	1.1	4.36	23.5	9.5
2012-06-16	4	6.36	19	12
2012-06-17	1	2.75	18.5	12
2012-06-18	0	2.91	24	12
2012-06-19	7.3	5.41	20.5	11
2012-06-20	8.5	3.2	18.5	12
2012-06-21	8.2	2.06	17	12.5
2012-06-22	0.1	2.49	21	12
2012-06-23	0	2.68	22	13.5
2012-06-24	0	4.69	23	13
2012-06-25	0	4.57	23.5	11.5
2012-06-26	0	6.11	22.5	9.5
2012-06-27	0.1	7	24.5	10.5
2012-06-28	6.5	5.29	24	11.5
2012-06-29	4.4	4.32	24.5	11.5
2012-06-30	7	2.85	23.5	12
2012-07-01	4.8	3.55	22.5	11.5
2012-07-02	1.3	2.68	22	11.5
2012-07-03	0	4.9	22	9.5
2012-07-04	0	5.24	22.5	9.5
2012-07-05	0.1	5.32	22.5	10
2012-07-06	0.3	6.35	22.5	10
2012-07-07	0	5.86	21.5	10.5
2012-07-08	0	6.62	22	10
2012-07-09	0.1	5.95	22	10.5
2012-07-10	9.6	6.57	22.5	12
2012-07-11	0.5	3.28	23	11
2012-07-12	22	5.61	24	11
2012-07-13	12.8	2.64	22.5	12.5
2012-07-14	10.9	2.96	17.5	12.5
2012-07-15	7	2.75	20.5	12.5
2012-07-16	14.9	1.9	23.5	11.5
2012-07-17	1.3	5.68	22	11.5
2012-07-18	9.1	2.47	22	11.5
2012-07-19	0	3.85	22	10.5
2012-07-20	0.7	5.74	21	11
2012-07-21	0	3.46	21.5	10.5
2012-07-22	0	6.94	22	9
2012-07-23	0.3	7.5	22	9.5
2012-07-24	0.2	5.94	22.5	10
2012-07-25	18.5	5.63	23	11
2012-07-26	31	7.26	23.5	12
2012-07-27	0	2.59	24	11
2012-07-28	0	5.43	22	10
2012-07-29	0	5.37	22.5	9
2012-07-30	0	6.57	23	8.5
2012-07-31	0	5.86	24.5	9
2012-08-01	3.6	7.29	24.5	9.5
2012-08-02	1.9	6.34	25.5	10
2012-08-03	9.5	4.21	25	9.5
2012-08-04	0	4.67	24.5	10.5
2012-08-05	0	5.74	24	12
2012-08-06	0	6.09	23.5	10.5
2012-08-07	0	8.24	24	9.5
2012-08-08	1.2	7.69	23.5	9
2012-08-09	7.6	5.13	18	10
2012-08-10	11.3	2.71	15	12.5
2012-08-11	0.4	1.54	19.5	13.5
2012-08-12	0	2.84	20.5	12.5
2012-08-13	0.6	4.76	20.5	13
2012-08-14	1.7	3.75	25	12.5
2012-08-15	0	3.74	25	10
2012-08-16	0	3.87	24.5	10
2012-08-17	6	6.76	18.5	11
2012-08-18	18.6	4.62	19.5	13
2012-08-19	6.2	2.31	21.5	13
2012-08-20	7.1	2.7	21.5	13.5
2012-08-21	1	4.65	21.5	13.5
2012-08-22	7.8	3.85	20.5	11.5
2012-08-23	13.9	2.81	22	12
2012-08-24	0.5	3.96	21.5	12.5
2012-08-25	3.4	2.16	22	11.5
2012-08-26	0	2.92	22.5	11.5
2012-08-27	13	5.31	23	11
2012-08-28	0.1	5.12	23.5	11
2012-08-29	0	4.54	24.5	9
2012-08-30	0	5.73	24.5	9
2012-08-31	0	5.44	24	9.5
2012-09-01	1.8	5.41	22	9.5
2012-09-02	0	3.8	23.5	10.5
2012-09-03	0	4.16	24	10.5
2012-09-04	0	6.43	24.5	10
2012-09-05	0	5.79	26	8.5
2012-09-06	0	6.23	25.5	8.5
2012-09-07	0	6.16	25.5	9
2012-09-08	1	6.05	24	9
2012-09-09	0.7	5.34	22.5	9.5
2012-09-10	0.5	4.03	22.5	10.5
2012-09-11	2.7	5.31	23	11.5
2012-09-12	24.3	5.32	22	12
2012-09-13	0	5.74	16.5	10.5
2012-09-14	0.4	2.95	21.5	7.5
2012-09-15	4	4.66	22	12
2012-09-16	1	4.8	23	11.5
2012-09-17	1.6	2.45	23.5	11.5
2012-09-18	0	5.43	23.5	11.5
2012-09-19	0.2	5.23	22	9.5
2012-09-20	0	4.75	19.5	9
2012-09-21	0	4.71	20.5	8.5
2012-09-22	0	5.75	21.5	8.5
2012-09-23	1	4.42	19	9.5
2012-09-24	1.6	2.54	19.5	11.5
2012-09-25	0.3	3.06	20.5	11.5
2012-09-26	5.7	3.03	23	12
2012-09-27	0	3.94	22	11.5
2012-09-28	0.4	3.63	24.5	11
2012-09-29	0.1	3.98	23	11.5
2012-09-30	2.3	2.97	19.5	11.5
2012-10-01	0	2.59	23.5	11
2012-10-02	0	4.78	18	10
2012-10-03	0	3.64	21	4.5
2012-10-04	0	6.06	23	3
2012-10-05	0	5.92	23	2.5
2012-10-06	0	6.35	23.5	4
2012-10-07	2.6	4.96	22.5	6
2012-10-08	0.1	4.77	21	7.5
2012-10-09	0	4.71	24.5	9.5
2012-10-10	0	5.56	22	8
2012-10-11	1	4.14	22.5	8
2012-10-12	0.5	6.54	20.5	9
2012-10-13	0	3.75	23	9.5
2012-10-14	0	4.43	25	8.5
2012-10-15	0	5.72	24	3.5
2012-10-16	0	5.47	26	4
2012-10-17	0	5.23	26	7.5
2012-10-18	0	4.68	25	10
2012-10-19	0	4.85	23	9.5
2012-10-20	0	4.7	24	7.5
2012-10-21	0	4.61	24	7
2012-10-22	0	4.72	23.5	7
2012-10-23	0	5.23	24	7.5
2012-10-24	0	5.28	23.5	8
2012-10-25	0	5.1	26	4.5
2012-10-26	0.5	7.04	24.5	4.5
2012-10-27	0	6.18	21.5	7
2012-10-28	0	3.54	22.4	7
2012-10-29	0	3.49	21.5	6.5
2012-10-30	0	3.69	22.5	7.5
2012-10-31	0	5.76	22.5	6
2012-11-01	0	3.4	21	6
2012-11-02	0	3.67	21.5	5.5
2012-11-03	1.6	3.52	21.5	6.5
2012-11-04	1.1	3.39	19.5	8.5
2012-11-05	3.2	1.31	17.5	9.5
2012-11-06	0	2.4	19.5	10
2012-11-07	0	3.36	19.5	4
2012-11-08	0	5.86	20.5	4
2012-11-09	0	4.23	22	3.5
2012-11-10	0	3.59	25	4
2012-11-11	0	4.76	25.5	6
2012-11-12	2.7	3.64	20.5	6.5
2012-11-13	0.2	3.29	16.5	7
2012-11-14	0.3	2.09	16.5	9
2012-11-15	0	2.25	20.5	8.5
2012-11-16	0.2	2.27	20.5	6.5
2012-11-17	0	3.91	17.5	9.5
2012-11-18	0	2.57	22	6
2012-11-19	0	3.55	22	4
2012-11-20	0	5.31	21.5	3
2012-11-21	0	4.95	19	4.5
2012-11-22	0	3.61	21	7
2012-11-23	0	4.52	19	5.5
2012-11-24	0.1	2.92	16.5	6.5
2012-11-25	0	2.62	21	4
2012-11-26	0	2.72	23	4
2012-11-27	0	4.81	19.5	4.5
2012-11-28	0	3.18	19.5	7.5
2012-11-29	0	3.82	22.5	6
2012-11-30	0	2.73	22	6
2012-12-01	0	3.38	22.5	5
2012-12-02	0	4.92	22.5	3.5
2012-12-03	0	3.07	23	4.5
2012-12-04	0	4.07	22	4.5
2012-12-05	0	3.86	20	3
2012-12-06	0	3.25	22	3
2012-12-07	0	3.3	24	5
2012-12-08	0	3.96	24	4
2012-12-09	0	4.76	26.5	5
2012-12-10	0	5	25	7
2012-12-11	1.3	3.94	20	7
2012-12-12	0	3.28	19	7
2012-12-13	0	3.26	22.5	6
2012-12-14	0	2.72	25	6.5
2012-12-15	0	4.6	25.5	7
2012-12-16	0	4.2	26	7.5
2012-12-17	0	4.78	24	7
2012-12-18	0	4.12	23.5	7
2012-12-19	0	4.79	26	7.5
2012-12-20	0	3.91	19.5	6.5
2012-12-21	0	4.39	17.5	4
2012-12-22	0	2.56	19	3
2012-12-23	0	3.26	24.5	3
2012-12-24	0	3.93	25.5	3.5
2012-12-25	0	5.48	24.5	6
2012-12-26	0	5.49	22	6
2012-12-27	0	5.39	25	6
2012-12-28	0	3.81	26	5.5
2012-12-29	0	5.36	17	5
2012-12-30	0	4.87	20.5	3.5
2012-12-31	0	3.92	21	4.5
