COMISIÓN NACIONAL DEL AGUA
COORDINACIÓN GENERAL DEL SERVICIO METEOROLÓGICO NACIONAL
BASE DE DATOS CLIMATOLÓGICA NACIONAL 

REGISTRO DIARIO HISTÓRICO
EMISIÓN   : 11/09/2026 

DATOS DISPONIBLES EN LA BASE DE DATOS A: SEPTEMBER DE 2026; 
CON LA INFORMACIÓN SUMINISTRADA POR LAS UNIDADES ADMINISTRATIVAS 

 ESTACIÓN   : 13086 
 NOMBRE     : SANTIAGO TEZONTLALE (CFE) 
 ESTADO     : HIDALGO 
 MUNICIPIO  : AJACUBA 
 SITUACIÓN  : SUSPENDIDA 
 U. ADMNVA. : ORGANISMO DE CUENCA AGUAS DEL VALLE DE MÉXICO 
 CVE-OMM    :   
 LATITUD    : 20.16138889 ° 
 LONGITUD   : -99.09833333 ° 
 ALTITUD    : 2080 msnm 




FECHA		PRECIP	EVAP	TMAX	TMIN
		(mm)	(mm)	(°C )	(°C)
1973-08-25	3.5	NULO	NULO	NULO
1973-08-26	0.1	4.5	20.5	13
1973-08-27	0.1	0.8	20	13
1973-08-28	1	6.9	22.5	13
1973-08-29	0	8.5	22.5	12.5
1973-08-30	0	6.6	23	12.5
1973-08-31	0	6.5	23	12.5
1973-09-01	0	5.8	23.5	12.5
1973-09-02	0	5.5	24	7
1973-09-03	0.8	3.7	20	13
1973-09-04	0	3.7	22	13.5
1973-09-05	0	5.5	23	10
1973-09-06	0	5.8	27	6
1973-09-07	1.7	3.7	25	14
1973-09-08	38.7	4.4	25.5	11
1973-09-09	1	4.3	23	11
1973-09-10	10.3	2.7	23.5	11.5
1973-09-11	1.9	2.8	23	12.5
1973-09-12	3.2	4.5	25.5	8.5
1973-09-13	0	4.2	25	8
1973-09-14	0	5.4	24	9
1973-09-15	0	4.8	23	9.5
1973-09-16	0	4.7	22	11.5
1973-09-17	0	3.6	23	12
1973-09-18	0	4	20.5	10
1973-09-19	0	5.1	22	6
1973-09-20	0	5.6	23	10.5
1973-09-21	0	6	24.5	6.5
1973-09-22	0	6	23.5	6.5
1973-09-23	0	4.2	24.5	11.5
1973-09-24	0.3	4	26	9
1973-09-25	8.4	3.3	26	12
1973-09-26	8	4.3	33.5	10.5
1973-09-27	0	2.7	19	12.5
1973-09-28	0	2.9	19	11
1973-09-29	0	4.4	22.5	10
1973-09-30	0.3	3.2	22	10
1973-10-01	0	5.3	21	9
1973-10-02	0	5.6	24	9
1973-10-03	0	6.9	23	5
1973-10-04	0	5.4	23	5.5
1973-10-05	0	6	22	8.5
1973-10-06	0	3.2	20.5	8
1973-10-07	0	3.8	20	5
1973-10-08	0	5.5	23	8.5
1973-10-09	0	5.9	25	11.5
1973-10-10	7.1	1.8	25	11
1973-10-11	0.6	2.8	23.5	12
1973-10-12	27	4	25	12.5
1973-10-13	0.7	2	22	12
1973-10-14	1.1	1.7	17.5	13
1973-10-15	1.2	2.9	19.5	11
1973-10-16	0	4.2	20	11
1973-10-17	0	4.4	17	11
1973-10-18	0	3.7	17	8.5
1973-10-19	0.5	1.9	15.5	8.5
1973-10-20	2.6	1.2	16	9
1973-10-21	0	3.6	17.5	9.5
1973-10-22	0	3.4	17.5	10
1973-10-23	0	4.9	19.5	8
1973-10-24	0	4.8	23	5
1973-10-25	0	4.1	23.5	6
1973-10-26	0	3.4	22.5	6.5
1973-10-27	3.9	2.8	22.5	4
1973-10-28	0	4.2	19.5	11.5
1973-10-29	0	4.3	22	6
1973-10-30	3.6	4.3	25	7
1973-10-31	5.6	3.4	23	6
1973-11-01	3.9	3.8	25	6
1973-11-02	0	4.5	24	8.5
1973-11-03	0	4.3	25	7.5
1973-11-04	0	3.7	24	8
1973-11-05	0	4.7	24	7
1973-11-06	0	5	22.5	5
1973-11-07	0	4.9	24	8
1973-11-08	0	5.6	24.5	3
1973-11-09	0	5.8	22.5	1
1973-11-10	0.5	2.9	18	2.5
1973-11-11	0.3	2.3	18	4
1973-11-12	0	2.9	17	9.5
1973-11-13	0	2.8	19	7
1973-11-14	0	4.2	22	3
1973-11-15	0	5.4	22	1
1973-11-16	0	4.3	21.5	1
1973-11-17	0	5.4	24	1
1973-11-18	0	4.1	23.5	5
1973-11-19	0	5.6	25	4.5
1973-11-20	0	5	26	1
1973-11-21	0	5.1	27	2.5
1973-11-22	0	5.7	26	4.5
1973-11-23	0	4.7	26	3
1973-11-24	0	4.4	25	6
1973-11-25	0.9	4.1	25	6
1973-11-26	0	3.4	23	5
1973-11-27	32.1	5.1	23	6
1973-11-28	0	2.2	12	9
1973-11-29	0	3.9	13	1.5
1973-11-30	0	2.3	15	-1
1973-12-01	0	2.8	16	2
1973-12-02	0	3.3	21.5	6
1973-12-03	0	4.9	24.5	4
1973-12-04	0	5	24.5	3
1973-12-05	0	3.7	21.5	3.5
1973-12-06	0.4	2.8	19.5	4.5
1973-12-07	0	0.7	9.5	8
1973-12-08	0	4	19.5	6.5
1973-12-09	0.4	4	19	-1
1973-12-10	0.8	0.7	10.5	4
1973-12-11	0	3.2	19	5
1973-12-12	0	3.5	19	0
1973-12-13	0	4.3	20.5	1
1973-12-14	0	4.9	23.5	0
1973-12-15	0	3.9	23	3
1973-12-16	0	4.8	16	3
1973-12-17	0	3.7	20	-4
1973-12-18	0	4.9	22	0
1973-12-19	0	5.1	20	6
1973-12-20	0	2.6	11	2.5
1973-12-21	0	3.7	17.5	2
1973-12-22	0	4.2	21	-2
1973-12-23	0	5.5	22	1.5
1973-12-24	0	5.5	24	1
1973-12-25	0	3.2	12.5	2
1973-12-26	0	4	21	4.5
1973-12-27	1.5	4.3	20.5	1.5
1973-12-28	1.9	3.1	22.5	2
1973-12-29	0	3.9	21	3
1973-12-30	0	5.4	22.5	4
1973-12-31	0	5.3	22	4
1974-01-01	0	3.2	22	5
1974-01-02	0	4.8	24	2
1974-01-03	0	4.5	22	3
1974-01-04	0	4.5	22.5	2
1974-01-05	0	4.8	22	4
1974-01-06	0	4.8	23.5	6
1974-01-07	0	5.2	25.5	3.5
1974-01-08	0	4.2	23.5	3.5
1974-01-09	0	4.9	25.5	4.5
1974-01-10	0	4.7	24	4
1974-01-11	0	5.4	22	4
1974-01-12	0	2.7	17	5
1974-01-13	0	4	20	8.5
1974-01-14	0	3.8	20.5	3.5
1974-01-15	0	4	19	4
1974-01-16	0	4.4	22	6
1974-01-17	0	5.1	22	1
1974-01-18	0	4.7	23	1.5
1974-01-19	0	5.1	24	4
1974-01-20	0	5.2	24	4
1974-01-21	0	5	23	3
1974-01-22	0	5.2	24	2
1974-01-23	0	5	24.5	4
1974-01-24	0	3.2	22	6
1974-01-25	0	4.6	22.5	2
1974-01-26	0	4.6	23	6
1974-01-27	0	4.8	24	5
1974-01-28	0	5.3	25.5	5
1974-01-29	0	6.1	25	3
1974-01-30	0	6.1	24	3
1974-01-31	0	6.1	24	4
1974-02-01	0	5.4	24.5	3
1974-02-02	0	6.9	25.5	5
1974-02-03	0	4.1	24.5	4.5
1974-02-04	0.4	3.8	16.5	6.5
1974-02-05	0	4.3	22	7
1974-02-06	0	6.1	25	3
1974-02-07	0	6.4	25.5	5
1974-02-08	0	5.1	21.5	3.5
1974-02-09	0	2.5	19	2.5
1974-02-10	0	5.2	21	-3
1974-02-11	0	6.7	21	1.5
1974-02-12	0	6.7	23	1
1974-02-13	0	5.7	25	1.5
1974-02-14	0	6.2	25	2.5
1974-02-15	0	5.7	25	5.5
1974-02-16	0	5.5	26	5.5
1974-02-17	0	5.7	25	4.5
1974-02-18	0	9	27.5	5.5
1974-02-19	0	6.8	25	4
1974-02-20	0	9.2	27.5	2.5
1974-02-21	0	7.5	26.5	3
1974-02-22	0	5.2	17	5
1974-02-23	0	6.7	25.5	1.5
1974-02-24	0	4.8	15	8
1974-02-25	0	5.3	14	5
1974-02-26	0	4.6	18	-2
1974-02-27	0	6	22.5	-3
1974-02-28	0	8.7	22	2
1974-03-01	0	7.5	22.5	-1.5
1974-03-02	0	8.1	24.5	-1.5
1974-03-03	0	8.1	27	0
1974-03-04	0	8.9	28	2
1974-03-05	0	8.7	27	4.5
1974-03-06	0	8	26.5	5
1974-03-07	0	6.9	27.5	3
1974-03-08	0	7.2	26.5	6.5
1974-03-09	0	6.9	26	6
1974-03-10	0	4.3	24	6.5
1974-03-11	18	6.6	25.5	10
1974-03-12	5	4.1	20	5
1974-03-13	0	4.5	21	6
1974-03-14	0	4.9	25	7.5
1974-03-15	0.9	4.1	23.5	6.5
1974-03-16	2	3.6	20	5
1974-03-17	13	3	20	7.5
1974-03-18	0	5.3	22	6
1974-03-19	0	5.4	25.5	6
1974-03-20	0	7.9	29	4.5
1974-03-21	0	7.2	29.5	6.5
1974-03-22	0	13.4	29.5	6
1974-03-23	0	12	29.5	6
1974-03-24	0	8.5	29	6
1974-03-25	0	10.3	28.5	7.5
1974-03-26	0	7.7	29	7.5
1974-03-27	0	8.4	26	7
1974-03-28	0	8.8	27.5	7.5
1974-03-29	0	7.7	26.5	6.5
1974-03-30	0	8.7	27.5	7
1974-03-31	0	7.3	27.5	11
1974-04-01	0	9.1	29	8.5
1974-04-02	0	9	29	8
1974-04-03	0	9.8	28	7.5
1974-04-04	0	9.4	28.5	7
1974-04-05	0	5.8	16.5	8.5
1974-04-06	0	5.7	22.5	1
1974-04-07	0.3	6.9	25.5	5
1974-04-08	0	8.1	25.5	6.5
1974-04-09	0	7.3	23	6
1974-04-10	0	7.4	26.5	8.5
1974-04-11	0	7.5	27	8
1974-04-12	0	8.2	29.5	7.5
1974-04-13	0	9	29.5	10
1974-04-14	20	7.8	27	10
1974-04-15	4.5	4.4	23.5	10.5
1974-04-16	0.5	4.5	21	10
1974-04-17	0.4	5.7	24	8
1974-04-18	1.5	5	23	10
1974-04-19	0	7	25	10.5
1974-04-20	0	7.8	27.5	9.5
1974-04-21	0	9	29	10
1974-04-22	0	9.6	30	10
1974-04-23	0	7.8	24	11
1974-04-24	0	7.9	24	7.5
1974-04-25	0	7.5	23.5	7
1974-04-26	0	6.8	23.5	10
1974-04-27	0	7.4	25	6.5
1974-04-28	1.5	4.3	25.5	8
1974-04-29	0	6.2	25.5	9
1974-04-30	5.5	7.4	26.5	10.5
1974-05-01	3.8	3.2	24	9
1974-05-02	0	6.3	26	10
1974-05-03	0	6	26.5	8.5
1974-05-04	0.5	7.1	29	9
1974-05-05	0	9.1	30	9
1974-05-06	0	7.5	28	10.5
1974-05-07	0	7.9	29	8.5
1974-05-08	0	8.6	31.5	9.5
1974-05-09	0	9.1	32	10.5
1974-05-10	0	12.7	32.5	9
1974-05-11	0	12.8	32	11
1974-05-12	0	9.5	30.5	10.5
1974-05-13	0	9.3	29.5	9
1974-05-14	0	10.2	32	12.5
1974-05-15	0	10.4	32	10
1974-05-16	0	9.6	31.5	11
1974-05-17	0.4	7.7	28.5	11
1974-05-18	0	8.7	25	10
1974-05-19	0	8	24	7.5
1974-05-20	0	8.5	28	6.5
1974-05-21	0	9.6	27.5	10
1974-05-22	0	8.2	24.5	9
1974-05-23	0	9	24.5	7
1974-05-24	0	8.5	25.5	7.5
1974-05-25	0.5	3.6	24.5	10
1974-05-26	10.5	1.8	22.5	12
1974-05-27	0	6.8	22	12
1974-05-28	16	4.7	23.5	8
1974-05-29	14	2.6	24.5	12
1974-05-30	0.3	5.2	26	11
1974-05-31	0	6.4	26	13.5
1974-06-01	0	9.2	26	13
1974-06-02	0.2	3.1	22	12
1974-06-03	0	7.2	24.5	10.5
1974-06-04	0	8.2	27	8
1974-06-05	0	7.6	28.5	8.5
1974-06-06	2.8	4.9	28.5	12.5
1974-06-07	0.1	7.4	28	12
1974-06-08	2.9	7.9	30	8
1974-06-09	0	7.9	28.5	11.5
1974-06-10	0	6.3	24.5	7.5
1974-06-11	0	6.1	23.5	11.5
1974-06-12	0	8.4	24	13
1974-06-13	1	3.5	22	14
1974-06-14	0	7	23	13
1974-06-15	0	6.7	22.5	13
1974-06-16	0	4.5	20	12
1974-06-17	0.2	3	16.5	11.5
1974-06-18	1.9	2.5	18	12
1974-06-19	0.3	4.5	20.5	12
1974-06-20	3.3	2.3	19	12
1974-06-21	3	2.8	18	13
1974-06-22	2.1	3.5	21	12.5
1974-06-23	0.4	5.7	22	12.5
1974-06-24	0	7.1	22	11.5
1974-06-25	0	3.8	20.5	10
1974-06-26	0	7.1	20	6.5
1974-06-27	0	6.9	19.5	6
1974-06-28	0.5	4.3	21	9.5
1974-06-29	17	1.4	23.5	11.5
1974-06-30	0	2.3	20	12
1974-07-01	12	2.8	19.5	12
1974-07-02	9	3.9	21.5	12
1974-07-03	0	3.1	21	13.5
1974-07-04	24.5	3.8	23	12
1974-07-05	23.2	0.6	18.5	12
1974-07-06	3.5	2.8	19	12
1974-07-07	0	5.5	20	10.5
1974-07-08	0	5.7	20.5	12
1974-07-09	0	5.6	20	9
1974-07-10	1	3.2	22	7
1974-07-11	7	4.1	24	11
1974-07-12	18.6	3.7	21	11
1974-07-13	0	4.3	16.5	10
1974-07-14	0	5.5	19	4
1974-07-15	0	5.9	21	8
1974-07-16	0	5.1	23	8
1974-07-17	9.6	2.1	21	11
1974-07-18	2	0.7	19	11
1974-07-19	0	5.6	20	5.5
1974-07-20	0	6.9	20.5	6
1974-07-21	0	6.6	23	7.5
1974-07-22	0	7.4	23.5	6.5
1974-07-23	0	7.3	23.5	7
1974-07-24	0	6	23.5	7
1974-07-25	1.9	3.6	23.5	11.5
1974-07-26	0.2	4.9	24	7
1974-07-27	0	5.2	24.5	10
1974-07-28	0	7.1	25	7.5
1974-07-29	0	7.1	27	8
1974-07-30	9.5	4.2	25	8
1974-07-31	0.6	1.9	21.5	9.5
1974-08-01	0	4.7	23	10
1974-08-02	1	4.9	24.5	9
1974-08-03	3	3.1	22.5	8.5
1974-08-04	3	6.9	22	8.5
1974-08-05	3	5.7	23.5	9.5
1974-08-06	10.1	6.1	27	9
1974-08-07	0	4.4	24	9
1974-08-08	2.2	4.4	23.5	10.5
1974-08-09	0	5.1	24.5	13
1974-08-10	0	6.3	26	9
1974-08-11	0	5.2	25	10
1974-08-12	0	5	23	7
1974-08-13	0	6.7	24.5	7.5
1974-08-14	0	7	24	7
1974-08-15	0	6.8	25.5	9
1974-08-16	0	8.5	24	12
1974-08-17	2.8	4.3	22.5	9
1974-08-18	15	4.4	22.5	9
1974-08-19	0	5.2	22.5	9
1974-08-20	0	5.7	24.5	9.5
1974-08-21	0	5.8	23.5	8.5
1974-08-22	0	5.7	24	7.5
1974-08-23	0	7.1	24	5
1974-08-24	0	6.4	23.5	6
1974-08-25	0	5.1	24.5	7
1974-08-26	1.7	2.5	24	10.5
1974-08-27	0	4.8	24	11
1974-08-28	0	4.3	25	9
1974-08-29	4.3	3.5	25	11.5
1974-08-30	11.5	3.2	25	10
1974-08-31	0	2.8	21.5	8.5
1974-09-01	0	5.6	24	9
1974-09-02	0	6.7	25	9.5
1974-09-03	0	6.8	23	5
1974-09-04	0	5.2	23	12
1974-09-05	0	6.5	22.5	12.5
1974-09-06	0	7.9	24.5	7.5
1974-09-07	0	7.5	22.5	2
1974-09-08	0	7.5	23	2
1974-09-09	0.2	6.2	23	2.5
1974-09-10	2	1.5	17	9
1974-09-11	29	3.4	25	11.5
1974-09-12	5.2	4	24.5	12.5
1974-09-13	0	4.4	22.5	9.5
1974-09-14	0.9	5.7	21	10
1974-09-15	0	2.5	19	11
1974-09-16	0	5.1	22.5	11
1974-09-17	0	5.9	22.5	7
1974-09-18	0	3.7	20.5	10
1974-09-19	0	5.3	21.5	10.5
1974-09-20	54	5.4	19	10
1974-09-21	12.3	3.3	15	13
1974-09-22	17	4.8	19	13
1974-09-23	14.5	3.2	19	13.5
1974-09-24	0	5.3	22	14
1974-09-25	0	3.8	22	12
1974-09-26	1.9	3.2	23	14
1974-09-27	15.3	7.2	26	11
1974-09-28	0	4.8	24	11
1974-09-29	1.5	3.5	20	11.5
1974-09-30	0.6	1.8	16.5	12.5
1974-10-01	0	3	15	8.5
1974-10-02	0	3.6	17	7.5
1974-10-03	0.3	2.2	14	8
1974-10-04	0	4.1	17	6.5
1974-10-05	0	4.4	14	5
1974-10-06	0	5.6	19.5	4
1974-10-07	0	5.2	17	7
1974-10-08	0	4.9	22	7.5
1974-10-09	0	5.2	18	2
1974-10-10	0	4.7	19.5	8
1974-10-11	0	3.3	22	4
1974-10-12	0	5	21.5	5
1974-10-13	0	4.1	20.5	8.5
1974-10-14	0	5.2	24	5.5
1974-10-15	0	4.8	19.5	7.5
1974-10-16	0	2.9	18	9.5
1974-10-17	5.2	2.9	20	10
1974-10-18	0	3.2	20	10.5
1974-10-19	5.1	3	17.5	11
1974-10-20	0	4.2	19	9
1974-10-21	0	3.6	19	3.5
1974-10-22	0	4.6	19	5
1974-10-23	0	3.6	20	6
1974-10-24	0	3.8	20	10
1974-10-25	0	4.5	21.5	3
1974-10-26	0	4.8	20	11
1974-10-27	0	4.1	23.5	11.5
1974-10-28	8.5	4.9	24	6
1974-10-29	1.2	3.7	23.5	7
1974-10-30	0	3.9	23	8
1974-10-31	0	5.6	22.5	7.5
1974-11-01	0	4.7	22	8
1974-11-02	0	3.3	25	7
1974-11-03	0	5.4	24.5	5
1974-11-04	0	4.8	24	4.5
1974-11-05	7.1	4.4	22.5	6.5
1974-11-06	0	3.7	22	7.5
1974-11-07	0	4.3	21	7
1974-11-08	0	3.3	21	6.5
1974-11-09	0	3.5	22.5	5.5
1974-11-10	0	3.7	23	5
1974-11-11	0	2.4	16	9
1974-11-12	0	2.8	10.5	3
1974-11-13	0	3.6	19	2.5
1974-11-14	0	4.3	20	2
1974-11-15	0	3.9	21.5	1
1974-11-16	3.4	4.1	24.5	5
1974-11-17	0.4	4.2	23	6
1974-11-18	0	3.7	23.5	5
1974-11-19	0	5.1	24	5
1974-11-20	0.4	4.3	21	3
1974-11-21	0	2.8	18	8
1974-11-22	0	4.9	22	6
1974-11-23	0	4.6	23	5.5
1974-11-24	3.8	4.1	21.5	6
1974-11-25	0	2.2	11	2
1974-11-26	0	1.1	18	-4
1974-11-27	0	6.9	18	-5.5
1974-11-28	0	2.9	20	-2.5
1974-11-29	0	3.4	23	2
1974-11-30	0	4	24.5	2
1974-12-01	0	4.2	22.5	4
1974-12-02	0	4.3	21	2
1974-12-03	0	4.4	21	2
1974-12-04	0	2.2	22	5
1974-12-05	0	2.3	23	5.5
1974-12-06	0	4.7	24.5	4.5
1974-12-07	0	3.8	24.5	4
1974-12-08	0.5	3.5	20	4
1974-12-09	2.3	2.8	17.5	5
1974-12-10	2.7	1.9	20	7
1974-12-11	0	2.6	21	3
1974-12-12	0	2.8	20.5	4
1974-12-13	0	3.5	20.5	5
1974-12-14	0	4.2	22.5	3.5
1974-12-15	0	5.9	25	4
1974-12-16	0	4.2	22	3
1974-12-17	0	4.3	19	7
1974-12-18	0	4.5	22	3.5
1974-12-19	0	4.4	24.5	4.5
1974-12-20	0	2.2	19.5	5.5
1974-12-21	0	2.2	16	8
1974-12-22	0	3.2	22	4.5
1974-12-23	0	4	23	4
1974-12-24	0	4.1	22	4.5
1974-12-25	0	4.2	23	3
1974-12-26	0	3.3	22	4
1974-12-27	0	3.9	24	6
1974-12-28	0	5.4	26	3
1974-12-29	0	4.6	26	4.5
1974-12-30	0	4.9	26	4.5
1974-12-31	0	4.9	24	7
1975-01-01	0	3.9	24.5	2
1975-01-02	0	4.1	21	-1
1975-01-03	0	5.3	22	0
1975-01-04	0	2.8	18	3
1975-01-05	0	4.2	22	-2
1975-01-06	0	3.1	20	2
1975-01-07	0	3.3	18	4
1975-01-08	0	4.4	22	7
1975-01-09	0	6.9	23.5	4
1975-01-10	0	4.9	23	6
1975-01-11	0	4	23	4
1975-01-12	0	2.7	20	4
1975-01-13	0	3.7	24	6
1975-01-14	0	4.5	19	-6
1975-01-15	0	3.6	20	-5.5
1975-01-16	0	4.8	20	-4
1975-01-17	0	4.4	22	-2.5
1975-01-18	0.2	2.5	20	1
1975-01-19	0.3	3.3	20	5
1975-01-20	11.5	0.5	7	4.5
1975-01-21	7	0.9	12	4.5
1975-01-22	2	1.5	15	6
1975-01-23	0.5	1.4	15	6
1975-01-24	0	2.7	20.5	7
1975-01-25	0	3.5	20	4
1975-01-26	0	4.8	21.5	8
1975-01-27	0	3.9	23.5	8
1975-01-28	0	4.4	24	5
1975-01-29	0	4.7	22	4
1975-01-30	0	3.8	23.5	3.5
1975-01-31	0	3.4	23	5
1975-02-01	0	4.1	22.5	5
1975-02-02	0	3.7	22.5	11
1975-02-03	0	3.7	22	8
1975-02-04	5.5	2	23	8.5
1975-02-05	0	4.7	22.5	5
1975-02-06	0.3	4.6	23	5
1975-02-07	0	4.5	23	6.5
1975-02-08	0	6.9	23	4.5
1975-02-09	0	5.4	23	3
1975-02-10	0	6.3	23	3
1975-02-11	0	7.5	23.5	2.5
1975-02-12	0	5.1	19	3
1975-02-13	0	4.3	22	2
1975-02-14	0	3.9	23.5	3
1975-02-15	0	5.3	22.5	2
1975-02-16	0	6.4	25	2
1975-02-17	0	6.5	27	4
1975-02-18	0	6.3	27.5	4.5
1975-02-19	0	5.9	28	5.5
1975-02-20	0	5.6	25	3
1975-02-21	0	8.4	25	2.5
1975-02-22	0	8.6	26	4.5
1975-02-23	0	8.1	25	6
1975-02-24	0	5.7	20	1.5
1975-02-25	0	6.1	24	-0.5
1975-02-26	0	6.7	25	1
1975-02-27	0	6.4	26.5	5
1975-02-28	0	7.5	25	5.5
1975-03-01	0	6.3	25.5	4
1975-03-02	0	6.8	26	4
1975-03-03	0	7.4	26	5
1975-03-04	0	6.8	25	4.5
1975-03-05	0	6.1	26	4
1975-03-06	0	7.9	25	5.5
1975-03-07	0	9	26	3
1975-03-08	0	6.7	21.5	4
1975-03-09	0	6.6	25.5	3
1975-03-10	0	7	27	6.5
1975-03-11	0	7.4	28	7
1975-03-12	0	9.4	30	5
1975-03-13	0	6.6	28	5
1975-03-14	0	6.1	25	6.5
1975-03-15	0	8.6	30.5	5
1975-03-16	0	7.8	28	6
1975-03-17	0	9.1	29	7
1975-03-18	0	7.3	26.5	6.5
1975-03-19	0	6.4	25.5	6.5
1975-03-20	0	7.6	27	6.5
1975-03-21	0	8.2	30	7
1975-03-22	0	8.4	29.5	9.5
1975-03-23	0	9.9	29.5	8.5
1975-03-24	0	7.2	27	6.5
1975-03-25	0	6	28	8
1975-03-26	0	7.5	30	9
1975-03-27	0	7.5	28	10.5
1975-03-28	0	9.2	31	8
1975-03-29	0	9.6	30.5	7
1975-03-30	0	8.1	30	7
1975-03-31	0	9.6	30	10
1975-04-01	0	8.7	31	9
1975-04-02	0	6	32	8.5
1975-04-03	0	6.2	32	10
1975-04-04	0	9.1	28	6
1975-04-05	0	7.5	30	6.5
1975-04-06	0	7.2	27	8
1975-04-07	0	9.3	30	11
1975-04-08	0	8.4	30	7
1975-04-09	0	9.2	30.5	8.5
1975-04-10	0	9.2	31	7.5
1975-04-11	0	8.6	31.5	6.5
1975-04-12	0	7.2	31	10
1975-04-13	0	9.2	31	9
1975-04-14	0	8.4	31	10
1975-04-15	0	7.7	26	9
1975-04-16	0	9.1	30	6.5
1975-04-17	0	9.2	32	8
1975-04-18	0	9.5	33	8.5
1975-04-19	0	9.5	24.5	11
1975-04-20	0	5.2	28	8
1975-04-21	0	5.3	26.5	8
1975-04-22	0	7.8	25	6
1975-04-23	0	8	28	7
1975-04-24	0	9.1	30	7
1975-04-25	0	9.6	31	7
1975-04-26	0	8.9	29.5	8
1975-04-27	0	9.2	30	10
1975-04-28	0	8.4	29	9
1975-04-29	0	8.2	30	8.5
1975-04-30	0	9.2	30	9
1975-05-01	0.5	7.6	28	13
1975-05-02	2.5	7.1	30	11
1975-05-03	0	8	30	10.5
1975-05-04	0	9.2	31	11
1975-05-05	0.8	9.8	31	12
1975-05-06	0	8.5	30.5	10
1975-05-07	0	8.1	32	11
1975-05-08	7	5.7	30	10
1975-05-09	14.5	5.4	29	9.5
1975-05-10	14	6	27.5	10
1975-05-11	0	2	22	12
1975-05-12	0	3.8	22	13
1975-05-13	0	4.9	26	8
1975-05-14	0	7.1	25	9.5
1975-05-15	14	5.3	26	9
1975-05-16	0	6.1	25	10
1975-05-17	1.5	4.8	26	10
1975-05-18	0	5.3	25	10
1975-05-19	1	4.4	26	9
1975-05-20	17	3.5	25	11
1975-05-21	0	4.1	24	11
1975-05-22	5.5	6.6	25.5	11
1975-05-23	0.4	5.2	25	12
1975-05-24	0	4.5	24.5	11
1975-05-25	0	6.2	25	14
1975-05-26	0	7.8	24	12
1975-05-27	0	6.1	24	9.5
1975-05-28	14.5	7.2	26	15
1975-05-29	24.5	3.7	25	14
1975-05-30	3	2.9	23	13
1975-05-31	0	3.1	20.5	13.5
1975-06-01	0	5.4	19.5	13
1975-06-02	0	3.4	17.5	11.5
1975-06-03	8.5	2.5	18	11
1975-06-04	0	4	24.5	12.5
1975-06-05	3.5	5.7	25.5	11
1975-06-06	0.2	5.3	26.5	14
1975-06-07	0	5.7	26	12
1975-06-08	0	6.2	27	14.5
1975-06-09	0.9	5.7	25.5	14.5
1975-06-10	9.3	5.4	27	12
1975-06-11	0.6	3.3	23	13
1975-06-12	0	4.9	22	11
1975-06-13	0	4.8	22	12
1975-06-14	0	7.4	25.5	9
1975-06-15	0	7.7	27.5	8
1975-06-16	0	7	25.5	8
1975-06-17	0	7.2	26	9.5
1975-06-18	15	2	25	11
1975-06-19	4.5	1.7	22	11.5
1975-06-20	0	3.7	23.5	11.5
1975-06-21	4	4.1	22.5	11.5
1975-06-22	0	2.3	20.5	12
1975-06-23	0	4.9	21	11
1975-06-24	0	6.2	22	8
1975-06-25	0	6.1	22	7
1975-06-26	0	5.3	23	11
1975-06-27	0	5.8	22.5	12
1975-06-28	0	4	23	11
1975-06-29	10	6.5	23	12.5
1975-06-30	0	6.1	22	11.5
1975-07-01	0	6.8	27	8
1975-07-02	0	6.6	22	8
1975-07-03	0	4.2	22	8.5
1975-07-04	0	4.7	21	9.5
1975-07-05	0	5.2	22	9
1975-07-06	4.8	3.5	24.5	8
1975-07-07	7.2	2.8	22.5	9
1975-07-08	0	4.9	22.5	11.5
1975-07-09	9	1.8	21	9.5
1975-07-10	7.3	3.9	20.5	8
1975-07-11	23	3.9	23	11.5
1975-07-12	8.5	3.8	23.5	11
1975-07-13	10	3.5	24	12
1975-07-14	4.7	4.7	24	12
1975-07-15	9	2.2	22	12
1975-07-16	6.5	3.5	21.5	12
1975-07-17	0	5.9	22	12.5
1975-07-18	0	4.2	22	10
1975-07-19	0.5	3.4	24	11.5
1975-07-20	0	3.9	22	12
1975-07-21	0	5.2	22	7
1975-07-22	7	4.2	22.5	9
1975-07-23	0	6.1	23.5	8.5
1975-07-24	0	5.3	23	7
1975-07-25	0	5.5	22	7
1975-07-26	0	3.7	22	8
1975-07-27	12.3	1.8	23	11
1975-07-28	0	5.8	22.5	9
1975-07-29	0	5.4	23.5	10
1975-07-30	0	4.7	24	9
1975-07-31	1	5.2	24.5	10
1975-08-01	0	4.5	25	11.5
1975-08-02	0	4.2	25	8
1975-08-03	9	6.1	24.5	7
1975-08-04	7.2	2.9	23	12
1975-08-05	1.3	3.3	22.5	13.5
1975-08-06	0.2	3.1	19.5	12.5
1975-08-07	0.5	4.1	21	12.5
1975-08-08	0.4	2.5	22.5	12
1975-08-09	0	4.1	23.5	11
1975-08-10	1	2.9	22.5	12
1975-08-11	0.2	4.8	22.5	12
1975-08-12	0	5.6	23.5	9
1975-08-13	0.2	5.8	24	10
1975-08-14	0	6	24.5	13
1975-08-15	0	4.6	25	6.5
1975-08-16	0	5.8	25	8
1975-08-17	1.6	5.2	24.5	8
1975-08-18	0.1	5.4	23	12
1975-08-19	0	6.5	23.5	13
1975-08-20	0.3	6.5	22	10
1975-08-21	0	5.3	21	11.5
1975-08-22	0	4.8	21	12.5
1975-08-23	0	5	23	6.5
1975-08-24	3.5	4.6	25	8
1975-08-25	0.4	3.7	25	12
1975-08-26	7	2.6	24	10.5
1975-08-27	0	4.9	22.5	12.5
1975-08-28	0	6	23	8
1975-08-29	0	5.2	23.5	9.5
1975-08-30	0	3.6	25	7.5
1975-08-31	1.1	3	25.5	7.5
1975-09-01	0	3.6	22.5	11
1975-09-02	0	2.8	22	11
1975-09-03	0	5.2	22	9
1975-09-04	0	3.7	22.5	8
1975-09-05	0	5.1	24.5	13
1975-09-06	0	5.2	22.5	8
1975-09-07	8.5	3.4	20.5	10
1975-09-08	0.8	4	20	13
1975-09-09	10	0.7	18	12
1975-09-10	3.4	1.3	18	13
1975-09-11	0	2.3	21	13
1975-09-12	0	3.8	20.5	13
1975-09-13	0	5.2	21	11.5
1975-09-14	0.3	4.3	19.5	10
1975-09-15	0	5.6	21	12
1975-09-16	38	5.4	22	12.5
1975-09-17	0	3.7	23	12.5
1975-09-18	0	4.6	25.5	8.5
1975-09-19	0	6	25	7
1975-09-20	0.8	5	22	8
1975-09-21	0	5.1	21.5	10
1975-09-22	0.6	1.9	18.5	12
1975-09-23	0	2.6	16	10
1975-09-24	0	4.9	17	1.5
1975-09-25	0	5.6	17	0
1975-09-26	0	4.5	20	2
1975-09-27	0	5.3	22.5	1
1975-09-28	0	6.2	22.5	3.5
1975-09-29	0	5.9	23.5	3
1975-09-30	0	5.6	25	3.5
1975-10-01	0	5.7	22.5	4
1975-10-02	4.5	1	16	9.5
1975-10-03	0.4	0.9	10.5	9
1975-10-04	0.1	1	15	9
1975-10-05	0	4.4	19.5	9.5
1975-10-06	0	4.7	20	10.5
1975-10-07	0	4.2	22.5	9
1975-10-08	0	5.8	24	6
1975-10-09	0	3.2	21	6.5
1975-10-10	0	0.4	19	10
1975-10-11	0	3.2	18	11.5
1975-10-12	0.8	1.6	17	6.5
1975-10-13	0	2	18.5	10
1975-10-14	0	6.4	23.5	12
1975-10-15	0	5.6	25.5	10.5
1975-10-16	0	5.3	24.5	7
1975-10-17	0	4.7	22.5	10
1975-10-18	0	3.9	19	11
1975-10-19	0	5.4	21.5	3
1975-10-20	0	5.8	23.5	2
1975-10-21	0	5.2	24.5	0.5
1975-10-22	0	6.2	23	2.5
1975-10-23	0	5.4	26.5	6
1975-10-24	0	5.1	26	6.5
1975-10-25	0	5.9	28	8
1975-10-26	0	3.3	22	10.5
1975-10-27	0	4.6	25.5	10
1975-10-28	0	4.7	24	7
1975-10-29	0.9	5.2	19	5
1975-10-30	0.5	3.8	16.5	9
1975-10-31	0	4	23	9
1975-12-01	0	4.3	22	9.5
1975-12-02	0	4.1	22	2
1975-12-03	0	4.2	20.5	-1
1975-12-04	0	3.8	22.5	0.5
1975-12-05	0	5.3	23.5	0
1975-12-06	0	4.4	19	0.5
1975-12-07	0	4.8	18	-1
1975-12-08	0	4.2	20	-2
1975-12-09	0	4	17	0
1975-12-10	0	4.2	18.5	-2
1975-12-11	0	4.1	20	-1
1975-12-12	0	3.9	21	-1
1975-12-13	0	3.6	21.5	0
1975-12-14	0	5	22	0.5
1975-12-15	0	5	24	2
1975-12-16	0	4.2	21	2
1975-12-17	0	4.6	22	2
1975-12-18	0	1.4	12	3
1975-12-19	0	3.2	15	3
1975-12-20	0	3.4	17	3
1975-12-21	0	3.4	17	5
1975-12-22	0	4.7	20.5	4
1975-12-23	0	4.5	23.5	2
1975-12-24	0	6.2	24	2
1975-12-25	0	4.6	22	4
1975-12-26	0	3.7	22	-1
1975-12-27	0	6.4	22	-4
1975-12-28	0	5.3	22	-1.5
1975-12-29	0	5.1	23	-2.5
1975-12-30	0	3.1	22	4
1975-12-31	0	5.9	22	-4
1976-01-01	0	4.4	25	-2.5
1976-01-02	0	4.4	24	0
1976-01-03	0	4.3	22.5	2
1976-01-04	0	3.6	21	0
1976-01-05	0	3.8	23	1
1976-01-06	0	4.4	23	2.5
1976-01-07	0	5.3	22	2.5
1976-01-08	0	3.4	20	5
1976-01-09	0	3.4	19	-1
1976-01-10	0	4.3	22	-3
1976-01-11	0	6.2	21.5	2
1976-01-12	0	2.5	23	3
1976-01-13	0	6.6	22.5	1.5
1976-01-14	0	4.2	18	2
1976-01-15	0	2.7	16.5	6
1976-01-16	0	4.3	18.5	0
1976-01-17	0.7	0.3	7.5	5
1976-01-18	0	3.8	14	-4
1976-01-19	0	3.6	17	1
1976-01-20	0	3.4	14.5	3
1976-01-21	0	4.7	13	3
1976-01-22	0	3.6	15	-2
1976-01-23	0	4.6	20	-3
1976-01-24	0	5.7	25	1
1976-01-25	0	6.7	24	7.5
1976-01-26	0	4.9	23.5	1
1976-01-27	0	3.3	18	3
1976-01-28	0	4.6	21.5	-2.5
1976-01-29	0	5.4	21.5	1
1976-01-30	0	4.2	23	2
1976-01-31	0	4.7	20	5
1976-02-01	0	4.4	17	0
1976-02-02	0	4.3	21	-2.5
1976-02-03	0	1.9	19	1
1976-02-04	0	4.9	22	0
1976-02-05	0	5.6	25	2
1976-02-06	0	5.8	24	5
1976-02-07	0	3.7	18	5
1976-02-08	0	5.7	22.5	1
1976-02-09	0	6.7	24	-1
1976-02-10	0	5.6	25	-0.5
1976-02-11	0	5.8	23	0
1976-02-12	0	6.6	24	-3
1976-02-13	0	5.4	24	-1
1976-02-14	0	6.2	23	0
1976-02-15	0	6.5	24	-0.5
1976-02-16	0	2.7	24	0
1976-02-17	0	6.7	26	5
1976-02-18	0	5.4	22	4.5
1976-02-19	0	6.4	26.5	4
1976-02-20	0	7.1	27	4
1976-02-21	0	7.2	26	4
1976-02-22	0	3.7	11	3
1976-02-23	0	4.9	12	-1
1976-02-24	0	4.5	18	-8
1976-02-25	0	6.7	22	-6
1976-02-26	0	6.9	19	-6
1976-02-27	0	5.2	20	-4
1976-02-28	0	6	22	-3
1976-02-29	0	8	24	-2
1976-03-01	0	6.3	25.5	3
1976-03-02	0	7.4	26	2
1976-03-03	0	6.6	27	2
1976-03-04	0	7.2	27.5	5
1976-03-05	0	7.2	26.5	3.5
1976-03-06	0	7.2	25.5	4.5
1976-03-07	0	6.8	27	4
1976-03-08	0	8.9	27.5	4
1976-03-09	0	6.5	26.5	6
1976-03-10	0	7.1	27	5
1976-03-11	7	6.2	28.5	6
1976-03-12	0	6.2	27	6
1976-03-13	0	8.9	26.5	5
1976-03-14	0	5	24.5	7.5
1976-03-15	0	7.8	28	7
1976-03-16	0	6.1	22	6.5
1976-03-17	0	6.2	23	4
1976-03-18	0	6.2	26	4
1976-03-19	0	6.9	26.5	8
1976-03-20	0	8.4	30	7
1976-03-21	12	6.9	25	7
1976-03-22	2	4	23	5
1976-03-23	0.8	5.5	23.5	8
1976-03-24	0.5	5.6	26	6
1976-03-25	2	5.9	27.5	4.5
1976-03-26	0	7.7	28	7
1976-03-27	0	7.2	27	7
1976-03-28	0	8.6	29.5	5
1976-03-29	0	8.9	30	5.5
1976-03-30	0	7.8	30	5.5
1976-03-31	12.5	4.8	19	11
1980-02-01	0	NULO	24	3
1980-02-02	0	NULO	17	5
1980-02-03	0	NULO	20	3
1980-02-04	0	NULO	22	4
1980-02-05	0	NULO	23	5
1980-02-06	0	NULO	21	7
1980-02-07	0	NULO	20	5
1980-02-08	0	NULO	19	2
1980-02-09	0	NULO	22	2
1980-02-10	0	NULO	23	3
1980-02-11	0	NULO	19	5
1980-02-12	0	NULO	17	1
1980-02-13	0	NULO	22	1
1980-02-14	0	NULO	19	3
1980-02-15	0	NULO	23	2
1980-02-16	0	NULO	22	5
1980-02-17	0.01	NULO	23	4
1980-02-18	0	NULO	20	6
1980-02-19	0	NULO	18	2
1980-02-20	3.5	NULO	20	1
1980-02-21	0	NULO	23	3
1980-02-22	2.5	NULO	24	6
1980-02-23	0	NULO	23	5
1980-02-24	0	NULO	22	7
1980-02-25	0	NULO	24	5
1980-02-26	0.01	NULO	21	6
1980-02-27	0	NULO	23	3
1980-02-28	0	NULO	24	5
1980-02-29	NULO	NULO	25	7
1980-06-01	0	6.1	29	7
1980-06-02	0	7.2	25	6
1980-06-03	0	5.1	25	4
1980-06-04	0	8.8	19	4
1980-06-05	1	6	20	5
1980-06-06	0	4.9	25	9
1980-06-07	0	6.2	24	5
1980-06-08	0	4.1	20	8
1980-06-09	0	5	20	2
1980-06-10	0	4.9	20	-2
1980-06-11	0	7.1	21	0
1980-06-12	1	4.3	27	1
1980-06-13	0	6.1	20	1
1980-06-14	0	3.3	25	4
1980-06-15	0	4.2	25	1
1980-06-16	0.5	6.3	24	6
1980-06-17	0	5.8	21	4
1980-06-18	1	5	21	4
1980-06-19	1	8	21	6
1980-06-20	12	1.9	21	10
1980-06-21	7	1.1	20	10
1980-06-22	3	1.9	20	7
1980-06-23	0	2.4	29	8
1980-06-24	0	5.3	21	8
1980-06-25	0.1	4.1	19	9
1980-06-26	0	1.7	13	6
1980-06-27	0	2.4	14	4
1980-06-28	7	1.6	18	2
1980-06-29	0	1.1	10.1	7
1980-06-30	1	1.9	22	1
