COMISIÓN NACIONAL DEL AGUA
COORDINACIÓN GENERAL DEL SERVICIO METEOROLÓGICO NACIONAL
BASE DE DATOS CLIMATOLÓGICA NACIONAL 

REGISTRO DIARIO HISTÓRICO
EMISIÓN   : 11/09/2026 

DATOS DISPONIBLES EN LA BASE DE DATOS A: SEPTEMBER DE 2026; 
CON LA INFORMACIÓN SUMINISTRADA POR LAS UNIDADES ADMINISTRATIVAS 

 ESTACIÓN   : 13168 
 NOMBRE     : RANCHO NUEVO 
 ESTADO     : HIDALGO 
 MUNICIPIO  : ALMOLOYA 
 SITUACIÓN  : OPERANDO 
 U. ADMNVA. : DIRECCIÓN LOCAL HIDALGO 
 CVE-OMM    :   
 LATITUD    : 19.74777778 ° 
 LONGITUD   : -98.27916667 ° 
 ALTITUD    : 2795.4 msnm 




FECHA		PRECIP	EVAP	TMAX	TMIN
		(mm)	(mm)	(°C )	(°C)
2012-11-06	0	NULO	14	8
2012-11-07	0	NULO	13	0
2012-11-08	0	NULO	18	0
2012-11-09	0	NULO	20	1
2012-11-10	0	NULO	18	3
2012-11-11	0	NULO	23	5
2012-11-12	0	NULO	22	2.5
2012-11-13	0	NULO	15	3
2012-11-14	0	NULO	14.5	2.5
2012-11-15	0	NULO	12	3.5
2012-11-16	0	NULO	18	1
2012-11-17	0	NULO	19	2
2012-11-18	0	NULO	20	1
2012-11-19	0	NULO	15	2
2012-11-20	0	NULO	17	1
2012-11-21	0	NULO	15	1
2012-11-22	0	NULO	18	1
2012-11-23	0	NULO	18	1
2012-11-24	0	NULO	12	2
2012-11-25	0	NULO	20	0
2012-11-26	0	NULO	20	0
2012-11-27	0	NULO	21	3.5
2012-11-28	0	NULO	19	2.5
2012-11-29	0	NULO	19	3
2012-11-30	0	NULO	19	3
2012-12-01	0	NULO	19	3
2012-12-02	0	NULO	19	2
2012-12-03	0	NULO	20	2
2012-12-04	0	NULO	19.5	2
2012-12-05	0	NULO	15	3.5
2012-12-06	0	NULO	21	1
2012-12-07	0	NULO	22	1
2012-12-08	0	NULO	22	1
2012-12-09	0	NULO	23	1
2012-12-10	0	NULO	23	4.5
2012-12-11	0	NULO	23	5
2012-12-12	0	NULO	18.5	4
2012-12-13	0	NULO	26	2
2012-12-14	0	NULO	23.5	2
2012-12-15	0	NULO	22	4
2012-12-16	0	NULO	24	4.5
2012-12-17	0	NULO	23	4
2012-12-18	0	NULO	22	2
2012-12-19	0	NULO	23	3
2012-12-20	0	NULO	16.5	4
2012-12-21	0	NULO	19	-2
2012-12-22	0	NULO	22	-2.5
2012-12-23	0	NULO	NULO	NULO
2012-12-24	0	NULO	23.5	0
2012-12-25	0	NULO	22.5	4
2012-12-26	0	NULO	18	1.5
2012-12-27	0	NULO	20	1.5
2012-12-28	0	NULO	22	5.5
2012-12-29	0	NULO	17	0
2012-12-30	0	NULO	19	-0.1
2012-12-31	0	NULO	19	2.5
2013-01-01	0	NULO	8	2
2013-01-02	0	NULO	11	5
2013-01-03	0	NULO	14	4
2013-01-04	0	NULO	20	1
2013-01-05	1	NULO	19.5	3
2013-01-06	6.5	NULO	18	4
2013-01-07	0	NULO	20	1
2013-01-08	0	NULO	19	1.5
2013-01-09	0	NULO	19	7.5
2013-01-10	0	NULO	18	4
2013-01-11	0	NULO	20	4
2013-01-12	0	NULO	23	4
2013-01-13	0	NULO	22.5	4
2013-01-14	0	NULO	24	7.5
2013-01-15	0	NULO	25	5
2013-01-16	0	NULO	24	5
2013-07-01	0	8.2	22	4
2013-07-02	0	7.2	21	4
2013-07-03	0	5.9	21	4.5
2013-07-04	0	6.9	20	6
2013-07-05	25	2.5	21	9
2013-07-06	3.5	6	12	8.5
2013-07-07	9.7	NULO	20	8.5
2013-07-08	0	NULO	19	8.5
2013-07-09	0	2.6	21	5.5
2013-07-10	0	7.4	20.5	5.5
2013-07-11	9	3.5	21	6
2013-07-12	4.1	NULO	20	4.5
2013-07-13	0	NULO	13	5
2013-07-14	0	5.3	20	5
2013-07-15	8	3.2	22	5
2013-07-16	4	NULO	19	5
2013-07-17	0.5	NULO	19	8
2013-07-18	1.5	NULO	20	6
2013-07-19	0	3.4	19	6.5
2013-07-20	20	0.6	21	8
2013-07-21	12	NULO	21	8
2013-07-22	22	NULO	20	8
2013-07-23	0	NULO	22	3.5
2013-07-24	0	5.1	24.5	3.5
2013-07-25	0	5	21.5	5
2013-07-26	0	7	23.5	5.5
2013-07-27	9	7.3	24	6.5
2013-07-28	6	NULO	22	6.5
2013-07-29	0	NULO	22.5	4.5
2013-07-30	0	4.9	22	4
2013-07-31	0	2.4	22	3.5
2013-08-01	0	5.4	24	3.5
2013-08-02	0	3.4	21.5	5
2013-08-03	2.5	5.4	21	5.5
2013-08-04	0	2	21	5.5
2013-08-05	0	7.6	21	4
2013-08-06	0	4.4	22	4
2013-08-07	0	1.9	23.5	4.5
2013-08-08	0	4.6	23	7
2013-08-09	11.5	4.9	23	6
2013-08-10	7	3.5	19	4
2013-08-11	0	7.4	18	4
2013-08-12	0	0.4	18	8
2013-08-13	0	0.4	18	8
2013-08-14	0	2.7	20	5
2013-08-15	0	4.7	21	5.5
2013-08-16	0	4.1	20.5	3.5
2013-08-17	0	1.14	20	4.5
2013-08-18	8	1.6	21	5.5
2013-08-19	0	0.34	21	4.5
2013-08-20	6.5	5.2	18	5
2013-08-21	6.6	2.8	17.5	6.5
2013-08-22	0	0.7	21	4.5
2013-08-23	0	5.3	20.5	4
2013-08-24	0	5.5	19	6.5
2013-08-25	26.5	5.5	16.5	8
2013-08-26	24	4	19	8.5
2013-08-27	24	6.7	19	9.5
2013-08-28	0	6.6	19	4
2013-08-29	0.6	5.2	19.5	4
2013-08-30	0	4.86	20.5	6
2013-08-31	0	2	20	5
2013-09-01	0	2.7	21	4.5
2013-09-02	4.5	7.1	19.5	5.5
2013-09-03	15.8	3.6	17	9
2013-09-04	1.2	1.9	18.5	8.5
2013-09-05	2.5	5.4	19.5	7
2013-09-06	29	3.8	18.5	7
2013-09-07	12	3.3	17	8.5
2013-09-08	6	2.2	18	9
2013-09-09	2.5	2.4	17	9
2013-09-10	1.7	NULO	20	8.5
2013-09-11	2	5	17	8.5
2013-09-12	4.5	2	16	9
2013-09-13	9.5	0.8	15	9
2013-09-14	16.5	NULO	16	9
2013-09-15	14.6	1.3	14	9
2013-09-16	2.4	0.2	17	9
2013-09-17	0	1.4	19	8
2013-09-18	4.7	2.3	19	9
2013-09-19	1	1	20	10
2013-09-20	10	3.3	20	6.5
2013-09-21	26.5	1.8	20	10
2013-09-22	1.5	5.1	20	9
2013-09-23	32.5	1.9	22	10
2013-09-24	0.5	9	22	7
2013-09-25	11	4.3	18.5	9
2013-09-26	1.5	4.3	18	9.5
2013-09-27	2	3.1	20	9
2013-09-28	0	6.7	22	5.5
2013-09-29	0	3.3	21	5.5
2013-09-30	0	7.4	20	4
2013-10-01	4	2.6	23	6
2013-10-02	0	6	22	4.5
2013-10-03	0	5	23	3.5
2013-10-04	0	5.3	23.5	6
2013-10-05	16	0.4	23.5	6
2013-10-06	2.5	5.1	20	6.5
2013-10-07	0.5	1.3	13.5	6.5
2013-10-08	0	1.65	18.5	4
2013-10-09	0	1.2	19	3.5
2013-10-10	0.7	3.9	19	5.5
2013-10-11	0	0.7	22	5
2013-10-12	0	1.7	20	8
2013-10-13	0	1.4	19.5	4
2013-10-14	0	6.4	20	4
2013-10-15	0	4.9	22.5	3.5
2013-10-16	0	4.5	23	3.5
2013-10-17	0	5.4	24	6
2013-10-18	11.5	4.6	23	5.5
2013-10-19	0	1.8	20	6
2013-10-20	11.5	2.9	19	6
2013-10-21	6	3.15	20	8
2013-10-22	16	1.5	16	6
2013-10-23	0	0.7	12.5	6
2013-10-24	0	2.6	16	2
2013-10-25	0	1.8	14	1.5
2013-10-26	0	2.1	15	5
2013-10-27	0	0.6	16	6
2013-10-28	0	2.4	19	5
2013-10-29	0	5.1	20	6
2013-10-30	0	4.9	21.5	7
2013-10-31	0	2.7	21.5	7.5
2013-11-01	0	5	22.5	7
2013-11-02	0	1.8	15	9
2013-11-03	0	NULO	21.5	5
2013-11-04	0	NULO	20	6
2013-11-05	0	2.8	21	5
2013-11-06	0	2.9	19	2.5
2013-11-07	0	3.8	15	5
2013-11-08	0	3.1	15	5
2013-11-09	5.5	2.6	20	3.5
2013-11-10	0	1.7	15	4
2013-11-11	0	2.1	16	6
2013-11-12	1	2.4	13	5.5
2013-11-13	0	1.6	13	3
2013-11-14	0	NULO	20	1.5
2013-11-15	0	2.5	21	1
2013-11-16	0	2.1	22	4
2013-11-17	0	2.3	23	5
2013-11-18	0	4.2	21	4
2013-11-19	0	3	19	4
2013-11-20	5	0.7	19	5
2013-11-21	0	3.7	19	5.5
2013-11-22	0	2.1	19	4.5
2013-11-23	0	2.6	19	4
2013-11-24	8.5	2.8	19	2.5
2013-11-25	0	3	21	4
2013-11-26	0	2.9	19.5	4
2013-11-27	0	3.2	18	1.5
2013-11-28	0	2.3	20	2
2013-11-29	0	1.8	17	0
2013-11-30	0	4.6	17	-3
2013-12-01	0	4.1	22	2
2013-12-02	0	3.3	22.5	3
2013-12-03	0	5.7	23.5	3.5
2013-12-04	0	5.4	23.5	5.5
2013-12-05	0	4.7	23.5	5
2013-12-06	0	4	22	6
2013-12-07	0	6.5	21	3
2013-12-08	0	3.7	21.5	3
2013-12-09	0	5.4	22.5	4.5
2013-12-10	0	3.5	15.5	5
2013-12-11	0	4.2	19	0
2013-12-12	0	3.3	14	3
2013-12-13	0	3	20	2
2013-12-14	0	2.7	20	5
2013-12-15	0	1.7	20	1.5
2013-12-16	0	4.5	19	2
2013-12-17	0	2.7	19	2
2013-12-18	0	5.5	21	1.5
2013-12-19	0	3.1	20	3
2013-12-20	0	3.3	22	4.5
2013-12-21	0	2.7	21	7
2013-12-22	0	6.3	23.5	4
2013-12-23	0	4.2	14	5
2013-12-24	0.5	1.9	14	-1
2013-12-25	10.5	1.3	17	1.5
2013-12-26	5	0.8	11	2.5
2013-12-27	0.5	1.5	11.5	2
2013-12-28	0	1.1	15	2.5
2013-12-29	0	2.6	15	5
2013-12-30	0	3.7	19	5
2013-12-31	0	2.7	19	4
2014-01-01	0	2.6	18.5	1
2014-01-02	0	3.1	12.5	2.5
2014-01-03	4.5	3.1	17	-2
2014-01-04	0	1.3	18	1
2014-01-05	0	3.1	19.5	1.5
2014-01-06	0	3.7	14	1.5
2014-01-07	0	2.9	14.5	-2.5
2014-01-08	0	1.7	17	-2
2014-01-09	0	1.8	18.5	1.5
2014-01-10	0	3.4	18	4.5
2014-01-11	0	3.2	16.5	3.5
2014-01-12	0	2.2	20	2
2014-01-13	0	4.9	19	2
2014-01-14	9.5	1.8	12	-1.5
2014-01-15	0	4	7	0
2014-01-16	0	2.6	15	-2.5
2014-01-17	0	2.9	14.5	0
2014-01-18	0	5.5	18	-4
2014-01-19	0	4.3	15	-2
2014-01-20	0	2.4	20	-0.5
2014-01-21	0	5.6	12.5	0.5
2014-01-22	0	4.8	20	-3
2014-01-23	0	4.9	23	1.5
2014-01-24	0	2.8	20	1.5
2014-01-25	0	5.3	20	2.5
2014-01-26	0	4.7	21	2.5
2014-01-27	0	4.3	22.5	3.5
2014-01-28	0	4.7	21.6	6
2014-01-29	0	4.3	17	6.5
2014-01-30	0	3.7	21	1.5
2014-01-31	0	4.3	21	2
2014-02-01	0	4.7	24	5.5
2014-02-02	0	6	24	4
2014-02-03	0	5.7	23	1
2014-02-04	0	6	24	4
2014-02-05	0	4.7	22.5	4
2014-02-06	0	3.5	21	2
2014-02-07	0	3.8	23	3.5
2014-02-08	0	4.2	21	3
2014-02-09	0	6.3	20.5	2.5
2014-02-10	0	6.2	22	3
2014-02-11	6	5.4	22	2.5
2014-02-12	0	0.9	22	3.5
2014-02-13	0	4.8	22.5	1.5
2014-02-14	0	6.9	22.5	2
2014-02-15	0	5.9	20	1.5
2014-02-16	0	10	22	0.5
2014-02-17	0	6.7	22.5	1
2014-02-18	0	8.6	24	3.5
2014-02-19	0	6.2	24	3
2014-02-20	0	5.6	26	4
2014-02-21	0	10.7	22	4.5
2014-02-22	0	2.6	24	4
2014-02-23	0	4.6	21.5	5
2014-02-24	0	4.2	23.5	4.5
2014-02-25	0	5.7	23	5.5
2014-02-26	0	4.6	22	5.5
2014-02-27	5.5	4.2	22	6
2014-02-28	0	2.9	22	4
2014-03-01	0	6.1	23	4
2014-03-02	0	5.8	25	6.5
2014-03-03	0	4.8	21	6
2014-03-04	4.5	4.4	21	6
2014-03-05	0	3.9	22	5.5
2014-03-06	0	3.9	22	3
2014-03-07	0	9.3	22.5	3.5
2014-03-08	0	4.3	22	4
2014-03-09	1	3.1	19	4
2014-03-10	0	5.2	19.5	5
2014-03-11	0	4.4	24	6.5
2014-03-12	0	6	23	4
2014-03-13	0	6.2	24	1.5
2014-03-14	0	6.8	25.5	3
2014-03-15	3.5	4.8	26	5
2014-03-16	0	4.9	25	6
2014-03-17	0	7	19.5	0.5
2014-03-18	0	3.4	23	3
2014-03-19	1	9.5	24	8
2014-03-20	0	4.8	27	2.5
2014-03-21	0	4.3	27.5	6
2014-03-22	0	7.9	27	7
2014-03-23	0	6.1	29	6
2014-03-24	0	6.7	28	6
2014-03-25	0	5.8	22	7.5
2014-03-26	0	4.1	23	5.5
2014-03-27	0	5.3	24.5	7
2014-03-28	0	7.5	27.5	6
2014-03-29	0	7.3	27.5	9
2014-03-30	14	3	21	6
2014-03-31	0	5.8	21	4.5
2014-04-01	0	8.2	23	6.5
2014-04-02	0	6.3	26	6
2014-04-03	0	5.7	25	6.5
2014-04-04	0	7	24	7
2014-04-05	0	4	27	7
2014-04-06	0	6.9	26	9
2014-04-07	0	8.7	19	9
2014-04-08	0	8.4	19	4.5
2014-04-09	0	8.4	21	1.5
2014-04-10	0	8.7	25	3.5
2014-04-11	0	10	25.5	5.5
2014-04-12	0	10.9	26	6
2014-04-13	0	9.5	29	8
2014-04-14	0	7.3	28	12
2014-04-15	0	7.2	21	6.5
2014-04-16	9	5.4	23	7
2014-04-17	17	0.5	23	7
2014-04-18	0	7.4	20	7
2014-04-19	0	5.3	23.5	4
2014-04-20	0	5.1	24.5	4.5
2014-04-21	0	8.5	25	4.5
2014-04-22	2.5	7.8	24.5	4
2014-04-23	7	5.3	25	4
2014-04-24	1	6.2	24.5	5.5
2014-04-25	4	5.6	23.5	7
2014-04-26	2	3.3	23	8
2014-04-27	7.5	2.5	22	9
2014-04-28	6.5	6	27	6.5
2014-04-29	4	7	26	9
2014-04-30	4	5.7	26	6.5
2014-05-01	7	2.9	23.5	7
2014-05-02	8	3.1	23.5	6
2014-05-03	5.5	6.3	21	5
2014-05-04	0	5.1	22	5.5
2014-05-05	0	6.3	24	5.5
2014-05-06	0	8.4	27	6
2014-05-07	13	5.7	22.5	9
2014-05-08	0	5.3	20.5	8
2014-05-09	1	4.8	26	7
2014-05-10	4.5	6.2	23	8.5
2014-05-11	14	2.5	24	9
2014-05-12	1	5.9	24	7.5
2014-05-13	13.5	3.3	24	7
2014-05-14	0	5	14.5	7
2014-05-15	0	4.1	15	2.5
2014-05-16	0	4.4	19	0
2014-05-17	0	6.3	23	0.5
2014-05-18	0	6.2	23	4.5
2014-05-19	0	8.4	24	4
2014-05-20	0	6.2	25	4
2014-05-21	0	9.5	23.5	4.5
2014-05-22	0	4.8	22	5.5
2014-05-23	3.5	5	19.5	8
2014-05-24	0	1.8	22.5	6.5
2014-05-25	24	4.2	21	8
2014-05-26	11	10.8	20.5	7.5
2014-05-27	33.5	3.4	23.5	7
2014-05-28	0	4.9	22	7.5
2014-05-29	0	6.1	20.5	8
2014-05-30	3	4.7	21	9
2014-05-31	0	4.4	21	6
2014-06-01	0	4	19	4
2014-06-02	0	5.9	17.5	7
2014-06-03	0	4.9	17.5	6.5
2014-06-04	0	2.9	20	8
2014-06-05	20.5	1.9	16	9
2014-06-06	10.5	1.7	17.5	9
2014-06-07	1.5	2.9	19	9
2014-06-08	0	3.7	20.5	6.5
2014-06-09	0	2	22	7.5
2014-06-10	0	3.7	21	8
2014-06-11	0	4.2	23	8
2014-06-12	7	3.2	24	6.5
2014-06-13	0	6.5	23	6.5
2014-06-14	0	6.7	23	7
2014-06-15	0	7.1	22.5	6.5
2014-06-16	0	7.9	23.5	6.5
2014-06-17	0	6.5	23	6.5
2014-06-18	0	3.5	23	7
2014-06-19	18	2.7	22	7.5
2014-06-20	1	5.9	19	9
2014-06-21	0	1.4	29	8
2014-06-22	0	4	23	8
2014-06-23	3	2.6	21	9
2014-06-24	38	2.8	19	9.5
2014-06-25	3	7.4	17	9
2014-06-26	13	2.6	18	9.5
2014-06-27	14	4.1	16.5	9
2014-06-28	21	3.4	22	7.5
2014-06-29	10.5	7.7	19	6
2014-06-30	0	2.3	19	8.5
2014-07-01	1	1.7	16	8
2014-07-02	16	3.9	19	8.5
2014-07-03	7	3.4	16	8
2014-07-04	2	1.9	16	7
2014-07-05	0	3.8	17	6
2014-07-06	5.5	2.7	17	5.5
2014-07-07	13	2.2	19.5	8
2014-07-08	10	5.3	20	7.5
2014-07-09	4	5.3	19	7
2014-07-10	16.5	2.7	18.5	8
2014-07-11	0	5.2	20	3
2014-07-12	0	6.3	19.5	1.5
2014-07-13	0	5.3	20	3
2014-07-14	5	4.5	19.5	4
2014-07-15	14.5	2.8	21	6.5
2014-07-16	37.5	7.9	21	7
2014-07-17	23.5	8.8	23	7
2014-07-18	3	8	22.5	7.5
2014-07-19	2	5.3	24	6
2014-07-20	0	5.4	22	6
2014-07-21	0	6.6	22.5	5
2014-07-22	0	8.5	21	4
2014-07-23	9.5	7.6	18	6.5
2014-07-24	25.5	0.4	20	6
2014-07-25	0	6.5	20.5	5
2014-07-26	0	2.1	23	5
2014-07-27	0	7.6	21	6
2014-07-28	17.5	6	21	5
2014-07-29	0	7.2	21	4
2014-07-30	4	3.8	25	5
2014-07-31	0	5.5	22	5
2014-08-01	0	5.1	22	6
2014-08-02	0	6.48	21	5
2014-08-03	0	6.8	20	4
2014-08-04	0	5	21	6.5
2014-08-05	3.1	4.7	21	5
2014-08-06	13	1.7	19.5	5.5
2014-08-07	8.5	3.7	20.5	7.5
2014-08-08	1.5	4.1	20	8
2014-08-09	0	2.8	20	5.5
2014-08-10	0	1.6	21	6
2014-08-11	0	5.8	20	8
2014-08-12	0	5.3	20.5	9
2014-08-13	0	1.4	19	7
2014-08-14	10.5	7.7	22	6
2014-08-15	0	3.5	21	6
2014-08-16	9.5	4.1	22	6
2014-08-17	14	4.4	23.5	5.5
2014-08-18	20.5	7.6	20	6.5
2014-08-19	0	4.5	22	6
2014-08-20	0	2.4	21.5	6
2014-08-21	0	5.7	20	5
2014-08-22	5.5	7.52	19	5
2014-08-23	0	3.8	19.5	5
2014-08-24	0	2.3	21	5
2014-08-25	0	2.1	21.5	5
2014-08-26	0	7.3	22.5	4.5
2014-08-27	0	5.8	22	4.5
2014-08-28	0	4.5	21	4.5
2014-08-29	0	5.4	25	4
2014-08-30	0	4.6	21	7
2014-08-31	0	4.1	21	7
2014-09-01	0	7.6	21	6
2014-09-02	31	4.1	22	6.5
2014-09-03	9.5	1.4	22	6.5
2014-09-04	6	2.5	19.5	7
2014-09-05	0	3.6	21	8
2014-09-06	3	6.2	20	3.5
2014-09-07	0	5.1	15	7
2014-09-08	0	0.4	16	7
2014-09-09	0	1.6	20	8
2014-09-10	3	3.3	21	7
2014-09-11	0	2.7	20	6
2014-09-12	3	4.5	19	6
2014-09-13	1	1.8	18	6.5
2014-09-14	0	2.2	18	8
2014-09-15	0	1.8	18	7
2014-09-16	0	1.9	16.5	8
2014-09-17	0	2.5	22	8.5
2014-09-18	0	4.4	24	9
2014-09-19	1.5	7.6	23	9.5
2014-09-20	0	3.6	21	6
2014-09-21	0	2.9	21	6.5
2014-09-22	0	1.6	19.5	7.5
2014-09-23	3	3.7	19	7
2014-09-24	0	3.5	19	7
2014-09-25	1	3.6	20	7
2014-09-26	0	4.2	20	7.5
2014-09-27	0	4.5	20	7
2014-09-28	6.5	3.9	20.5	7
2014-09-29	0	2.8	19	8
2014-09-30	0	3.4	19	8.5
2014-10-01	0	3.3	22	9.5
2014-10-02	0	4.3	21	9.5
2014-10-03	9.5	1.3	20	9
2014-10-04	0	3.4	21	8.5
2014-10-05	6	1.9	19	9
2014-10-06	0	2.7	20	9
2014-10-07	0	3.9	21	5.5
2014-10-08	0	4.6	19	4
2014-10-09	0	3.8	20.5	2.5
2014-10-10	0	5.5	19	6
2014-10-11	3	1.4	21	5.5
2014-10-12	3.5	1.2	20	6
2014-10-13	9.5	2.7	22	6
2014-10-14	0	4.6	13.5	4.5
2014-10-15	0	3.1	17	3
2014-10-16	0	2.6	19	5
2014-10-17	2	3.5	19.5	5
2014-10-18	1.5	0.2	17	5
2014-10-19	13.5	1.8	16.5	7
2014-10-20	9.5	1.2	17	8
2014-10-21	1.5	NULO	15	8.5
2014-10-22	0	NULO	17	8
2014-10-23	0	2.9	16	5.5
2014-10-24	0	1.3	15	5
2014-10-25	0	2.2	17.5	5
2014-10-26	0	3.9	21	0
2014-10-27	0	3.2	22	3
2014-10-28	0	6.4	22	3
2014-10-29	0	6.5	23	2
2014-10-30	0	4.8	18	2.5
2014-10-31	0	2.6	18	3.5
2014-11-01	0	2.7	14	2
2014-11-02	0	2.8	18	1.5
2014-11-03	0	3.7	22.5	1.5
2014-11-04	0	2.5	23	3
2014-11-05	0	4.3	23	8
2014-11-06	0	3.6	22	5
2014-11-07	0	6.1	21	4
2014-11-08	0	4.8	18.5	4
2014-11-09	0	1.8	16	0
2014-11-10	0	3.4	21.5	2.5
2014-11-11	25	1.5	21	6
2014-11-12	0	3.2	19	8
2014-11-13	0	3.5	16.5	5.5
2014-11-14	2	1.9	18	3
2014-11-15	0	1.6	19.5	5
2014-11-16	0	3.1	21	8.5
2014-11-17	0	4.1	20	5
2014-11-18	0	3.3	20	7.5
2014-11-19	0	1.8	20.5	4
2014-11-20	2.5	3.7	18	6
2014-11-21	3.5	0.7	19	6.5
2014-11-22	0	1.8	21	7
2014-11-23	0	2.9	24	5
2014-11-24	0	4.4	22	4.5
2014-11-25	0	2.4	22	8
2014-11-26	0	4.46	15	2
2014-11-27	0	5.9	13	0
2014-11-28	0	7.9	19	-1
2014-11-29	0	3.8	21	3
2014-11-30	0	3.5	21	3
2014-12-01	0	3.9	22	3.5
2014-12-02	0	4.5	17	1.5
2014-12-03	0	1.7	29	-1
2014-12-04	0	4.1	21	0.5
2014-12-05	0	3.1	22	1.5
2014-12-06	0	4.9	22	2
2014-12-07	0	2.8	22.5	2
2014-12-08	0	3.6	14	0
2014-12-09	0	3.1	12.5	0.5
2014-12-10	0	4.3	17	0.5
2014-12-11	0	2.6	17	2
2014-12-12	0	2.4	17	2
2014-12-13	0	0.9	17	3.5
2014-12-14	0	3.2	18	5.5
2014-12-15	0	3.2	18.5	5
2014-12-16	0	3.1	18	5
2014-12-17	0	0.6	20.5	2.5
2014-12-18	0	3.5	22.5	4
2014-12-19	0	3.3	23	5
2014-12-20	0	3.9	21	4.5
2014-12-21	0	6	20	4.5
2014-12-22	0	4.4	18	7
2014-12-23	14	3.1	15	5.5
2014-12-24	41	2.7	9.5	5
2014-12-25	0	3	13	2.5
2014-12-26	0	3.3	19	5
2014-12-27	0	4.4	22	5
2014-12-28	0	4.4	21	4.5
2014-12-29	0	4.6	21	7
2014-12-30	0	3.7	23	5
2014-12-31	0	3.8	23	5
2015-01-01	0	4.2	19	2.5
2015-01-02	0	4.9	18	4
2015-01-03	0	3.9	17.5	4
2015-01-04	0	3.2	15	3
2015-01-05	0	3.3	10	1
2015-01-06	0	2.2	12.5	2
2015-01-07	1	2.4	13	2
2015-01-08	0	3.4	19.5	1.5
2015-01-09	0	3.3	15.5	1.5
2015-01-10	0	2.4	16.5	0
2015-01-11	0	2.8	19	2
2015-01-12	0	2.5	21	1.5
2015-01-13	0	3.8	21	2
2015-01-14	0	4.9	21	3.5
2015-01-15	0	3.1	22	3
2015-01-16	0	3.3	21	2.5
2015-01-17	0	4.2	19	3
2015-01-18	0	4.3	17	3
2015-01-19	0	2.5	20	1.5
2015-01-20	0	3.3	21	4
2015-01-21	0	3.6	21	5
2015-01-22	0	4.7	20	5.5
2015-01-23	0	4.1	20.5	5
2015-01-24	0	2.8	20	3
2015-01-25	0	3.9	19.5	3.5
2015-01-26	0	2.6	17	2.5
2015-01-27	0	4.7	20	2.5
2015-01-28	0	4.9	18	1
2015-01-29	0	3.7	18	0
2015-01-30	0	5.1	15	-2
2015-01-31	0	3.6	15	0
2015-02-01	0	6.1	20	1
2015-02-02	0	6.7	16.5	0.5
2015-02-03	0	1.8	14.5	2
2015-02-04	0	2.5	21	3
2015-02-05	0	4.4	16	1.5
2015-02-06	0	2.5	18	-1.5
2015-02-07	0	5.4	21	-2
2015-02-08	0	4.7	21	0
2015-02-09	0	7	16	2
2015-02-10	0	6.7	19	-2
2015-02-11	1	4.9	21	2
2015-02-12	2	3.2	17	2
2015-02-13	0	2.7	16	-1
2015-02-14	0	2.4	16	0
2015-02-15	0	0.8	20	1.5
2015-02-16	0	4.1	22	4
2015-02-17	0	4.1	19.5	4
2015-02-18	0	4.2	22.5	3.5
2015-02-19	0	5.9	22	3
2015-02-20	0	4.4	22	4.5
2015-02-21	0	5.2	23.5	5.5
2015-02-22	0	4.3	23.5	6
2015-02-23	0	10.2	21	4
2015-02-24	0	4.1	26	3.5
2015-02-25	0	7.3	25	5
2015-02-26	0	5.8	22.5	5
2015-02-27	0	7.1	23	6
2015-02-28	0	7.14	23	7
2015-03-01	0	6.8	23	6
2015-03-02	0	5.3	23	4.5
2015-03-03	0	9.8	26	5
2015-03-04	0	6	27.5	5.5
2015-03-05	0	7.1	17	6
2015-03-06	0	6.5	19	2.5
2015-03-07	0	3.4	17	1.5
2015-03-08	0	3.6	19	1.5
2015-03-09	0	2.8	21	4.5
2015-03-10	3.5	3.8	18	5.5
2015-03-11	29	2.2	15.5	3.5
2015-03-12	0	6.8	15	0
2015-03-13	2	3.8	18	3
2015-03-14	9	1.4	17	5
2015-03-15	0	4.2	15.5	4
2015-03-16	0	2	20	3
2015-03-17	0	4.6	19	6
2015-03-18	5	4.3	20	6.5
2015-03-19	9.5	0.7	21	6
2015-03-20	0	6.4	19	7.5
2015-03-21	0	2.5	21	7.5
2015-03-22	3	2.8	21	8
2015-03-23	2.5	3.2	18	7.5
2015-03-24	25	2.2	23	7
2015-03-25	1.5	5.7	22	5.5
2015-03-26	1	4.4	21	6
2015-03-27	13.5	4.2	19	5
2015-03-28	0	4.3	19	3
2015-03-29	0	3.3	19	3
2015-03-30	0	5.4	21	0.5
2015-03-31	0	7.4	21	1.5
2015-04-01	11	6.9	24	2.5
2015-04-02	0	7.4	21	6.5
2015-04-03	0	2.5	23	6.5
2015-04-04	0	6.3	18.5	6
2015-04-05	0	6.8	23	0
2015-04-06	0	5.4	25	5.5
2015-04-07	0	8.1	24.5	4
2015-04-08	0	5.9	25	4
2015-04-09	0	6.6	26	6
2015-04-10	0	6.5	25	6.5
2015-04-11	9	8	25	6
2015-04-12	6.5	1	23	8.5
2015-04-13	4	4.9	22	8
2015-04-14	1	3.3	22	7
2015-04-15	11.5	3.6	23	7
2015-04-16	1	5.1	21	9
2015-04-17	0	6.3	22	9
2015-04-18	0	4.6	23	8
2015-04-19	0	4.1	23	8.5
2015-04-20	0	5.8	26	7.5
2015-04-21	0	5.8	28	7.5
2015-04-22	44	5.6	26	8.5
2015-04-23	0	11.4	25	6
2015-04-24	0	6.5	22.5	9
2015-04-25	0	8.7	25.5	10
2015-04-26	0	5.1	26	8
2015-04-27	0	6.1	26	9
2015-04-28	0	9.2	23	7
2015-04-29	12	4.2	14	7.5
2015-04-30	0	0.7	14	6.5
2015-05-01	0	1.1	21	5.5
2015-05-02	1	6.7	20	4
2015-05-03	0	2.2	23	6
2015-05-04	0	3.9	24	7.5
2015-05-05	0	7	24	8
2015-05-06	13	3.6	25	7
2015-05-07	0	6.7	24	6
2015-05-08	0	6.9	25	6.5
2015-05-09	0	9.9	25.5	6
2015-05-10	0	6.2	26.5	8
2015-05-11	0	4.1	24.5	8
2015-05-12	6	7.7	20	8.5
2015-05-13	0	5.1	22.5	3
2015-05-14	2	5	22	8
2015-05-15	1	3.5	22	7
2015-05-16	22	5.4	23	6
2015-05-17	6	6	22	6
2015-05-18	0	2.9	23	5
2015-05-19	1	5.3	23	5.5
2015-05-20	0	2.9	25	7
2015-05-21	0	7.3	28	5
2015-05-22	2.1	4	19.5	6.5
2015-05-23	5.5	7.5	20	5
2015-05-24	2.5	2.5	21	8
2015-05-25	0	3	23	8
2015-05-26	0	5.3	23	7
2015-05-27	18	5.2	20	6
2015-05-28	0	7.1	21	6.5
2015-05-29	7	4.7	21	7
2015-05-30	7	2.1	19.5	7.8
2015-05-31	7	3.2	19.5	5.5
2015-06-01	0	0.6	18	4.5
2015-06-02	0	4.2	20	4
2015-06-03	0	2.6	21	6.5
2015-06-04	0	4.2	23.5	7
2015-06-05	2.5	1.9	21	8
2015-06-06	0	1.9	21	7
2015-06-07	0	4.2	24	7
2015-06-08	0	0.8	22	2
2015-06-09	0	6.5	25	3
2015-06-10	0	5.8	25	7
2015-06-11	2	2	26	7
2015-06-12	2	1.7	22	8
2015-06-13	5.5	5	21	7
2015-06-14	40.5	0.2	19	7
2015-06-15	0	1.1	19	7.5
2015-06-16	7.5	4.6	23	9
2015-06-17	3	4.9	21	9
2015-06-18	0	2.6	21	7.5
2015-06-19	13	6.5	21.5	5.5
2015-06-20	17.5	2.3	19.5	8
2015-06-21	0	9.2	21	8
2015-06-22	0	2.8	21	8.5
2015-06-23	0	5.7	21	7
2015-06-24	0	6.5	19	5
2015-06-25	0	5.9	20	5.5
2015-06-26	0	2.3	20	6
2015-06-27	0	3.5	20	6
2015-06-28	3.5	2.6	21	6
2015-06-29	1.5	3.5	20.5	8.5
2015-06-30	0	2.5	20	8.5
2015-07-01	0	4.3	19	9
2015-07-02	6.5	3.3	22	7
2015-07-03	17	6.2	20	8
2015-07-04	9	6.2	21	8
2015-07-05	0	6.1	20.5	9
2015-07-06	0	2.4	22	5
2015-07-07	0	3.7	20	7
2015-07-08	0	3.4	19	4
2015-07-09	27	3.1	19	3
2015-07-10	0	8.2	16	6
2015-07-11	0	5	19	6.5
2015-07-12	0	5.5	20	6
2015-07-13	0	5.2	22	3
2015-07-14	4	4.7	23	5.5
2015-07-15	1.5	3.8	22	5.5
2015-07-16	49	5.5	21	5
2015-07-17	0	1.57	18.5	6
2015-07-18	8.5	2.7	20	7
2015-07-19	1	2.2	20	7
2015-07-20	4.5	4.6	21.5	5.5
2015-07-21	15	6.5	20	5
2015-07-22	3	6.2	20	6
2015-07-23	29	3.8	20	8
2015-07-24	4	1.1	21	6
2015-07-25	0	1.9	22	4
2015-07-26	0	5.5	24	5.5
2015-07-27	0	7.1	23	7
2015-07-28	0	5.3	23.5	6.5
2015-07-29	0	9.2	24	5
2015-07-30	0	6.2	21.5	5
2015-07-31	0	6.2	20	4
2015-08-01	10	5	21	4.5
2015-08-02	1	2.6	22.1	6
2015-08-03	0	2	22.5	6.5
2015-08-04	0	5	22	5.5
2015-08-05	0	4.9	23.5	7
2015-08-06	1	4.4	22	6
2015-08-07	17	4.9	23	8.5
2015-08-08	0	8	24	6.5
2015-08-09	0	3.8	24	6.5
2015-08-10	0	5.1	21	6.5
2015-08-11	1	6.4	19	3.5
2015-08-12	0	6.3	16	6.5
2015-08-13	0	2.9	17	7
2015-08-14	0	4.3	21	3.5
2015-08-15	0	6.2	22	3.5
2015-08-16	13	6.1	21	5
2015-08-17	2	2.4	20	6
2015-08-18	0	2.7	20.5	8
2015-08-19	19.5	4.4	22.5	8
2015-08-20	6	4	20	8
2015-08-21	19.5	4	20	8
2015-08-22	12	1.8	19	7.5
2015-08-23	0	2.9	20	7.5
2015-08-24	0	5.8	21	5
2015-08-25	0	7	18	5.5
2015-08-26	0	3.8	18	7
2015-08-27	0	3.1	18	6.5
2015-08-28	0	2.9	18	7
2015-08-29	0	1.5	19	6
2015-08-30	0	4.7	18	7
2015-08-31	0	2.9	18	7
2015-09-01	10	1.4	21	7
2015-09-02	9	1.2	11.5	7.5
2015-09-03	19	3.2	18	8.5
2015-09-04	27	2.5	18.5	8
2015-09-05	0	2.5	20	5
2015-09-06	0	5.4	21	4.5
2015-09-07	0	5.4	22.5	6
2015-09-08	0	4.3	23.5	7
2015-09-09	1.5	3.7	21.5	7
2015-09-10	1	1.9	22	7
2015-09-11	0	4.6	22.5	7
2015-09-12	5.5	5	21	7.5
2015-09-13	16	1.4	18.5	9
2015-09-14	0	1.3	19	9
2015-09-15	11	3.8	22	8
2015-09-16	12.5	3	18	8
2015-09-17	20	2.1	21	9.5
2015-09-18	0	4.8	21.5	8
2015-09-19	0	3.8	22	5
2015-09-20	0	3	19	5.5
2015-09-21	0	4.6	22	8.5
2015-09-22	0	4.1	21	6
2015-09-23	0	5.1	21	5.5
2015-09-24	4	5.1	20	5
2015-09-25	0	4.4	17	8
2015-09-26	0.5	4.2	14.5	7
2015-09-27	39	0.2	18	7.5
2015-09-28	50	4.3	15.5	8
2015-09-29	40	1	15	6
2015-09-30	0	0.6	15	6
2015-10-01	0	1.9	16	6.5
2015-10-02	0	2.3	17	2.5
2015-10-03	0	3	23	1.5
2015-10-04	0	3.5	25	1.5
2015-10-05	0	5.1	22.5	5
2015-10-06	0	5.9	21	1.5
2015-10-07	0	6.7	22.5	1.5
2015-10-08	0	4.5	23	6
2015-10-09	0	4	21	6
2015-10-10	0	6.4	19	5
2015-10-11	0	3.4	22	5.5
2015-10-12	0	5.1	23.5	6
2015-10-13	0	5.5	21	5
2015-10-14	0	5	17	7.5
2015-10-15	0	1.8	17.5	5
2015-10-16	0	5.1	16.5	5
2015-10-17	0	1.9	13.5	3
2015-10-18	0	0.1	12.5	5
2015-10-19	0	1.1	14	3.5
2015-10-20	0	2.2	20	3.5
2015-10-21	0	4.5	19	4
2015-10-22	0	3.4	20	7
2015-10-23	0	1.9	21	9
2015-10-24	0	3.2	20	8.5
2015-10-25	0	4.8	20	8.5
2015-10-26	0	1	18.5	7
2015-10-27	27.5	0.4	21.5	9
2015-10-28	9	5.1	17	7
2015-10-29	0	0.8	20	8
2015-10-30	0	3.2	21	8.5
2015-10-31	0	2.5	20	9
2015-11-01	0	2.9	20	9
2015-11-02	0	2.5	21	8
2015-11-03	2	3.1	23	8
2015-11-04	0	4	22	7
2015-11-05	0	4.5	21	4
2015-11-06	0	5.3	20	5
2015-11-07	2	1.6	20	5
2015-11-08	6	2.7	14	5
2015-11-09	0	0.9	21	5
2015-11-10	0	2.4	20	4.5
2015-11-11	0	3.7	20	5
2015-11-12	0	3.1	19	6
2015-11-13	0	3	16	5
2015-11-14	0	4.1	16	5
2015-11-15	0	1.9	17	4
2015-11-16	0	3	17	5
2015-11-17	0	2.1	21	5
2015-11-18	0	1.8	22	6
2015-11-19	0	3	17.5	6
2015-11-20	0	1.1	22.5	4.5
2015-11-21	1	3.9	22	4.5
2015-11-22	0	3.9	15	4.5
2015-11-23	0	2.2	21	4
2015-11-24	8	3.6	22	7
2015-11-25	0	4.1	19	6.5
2015-11-26	0	1.6	23	5.5
2015-11-27	0	5.3	19.5	6
2015-11-28	0	1.9	20	6
2015-11-29	0	4.2	22	1
2015-11-30	0	5.1	20	3
2015-12-01	0	5.9	25	5
2015-12-02	0	5	22	5.5
2015-12-03	0	3.1	21.5	4
2015-12-04	0	3.8	18	1
2015-12-05	10	2.1	19	2
2015-12-06	0	1.2	16.5	0.5
2015-12-07	0	4	17	1
2015-12-08	3.5	2.5	19	3
2015-12-09	0	2.3	18	5
2015-12-10	0	2.5	20	3.5
2015-12-11	0	3.7	21	3.5
2015-12-12	0	3.8	20	4.5
2015-12-13	0	3.2	15	7
2015-12-14	0	2.1	18	3
2015-12-15	0	4	22.5	4
2015-12-16	0	4.1	23.5	4
2015-12-17	0	4.7	22	7.5
2015-12-18	0	3.6	10	4
2015-12-19	0	2.5	21	3
2015-12-20	0	2.2	21	3
2015-12-21	0	3.7	20	5.5
2015-12-22	0	2.3	21	6.5
2015-12-23	0	2.8	20	5
2015-12-24	0	3	22.5	4.5
2015-12-25	0	2.3	25	4.5
2015-12-26	0	3.6	21	8
2015-12-27	0	3.1	20	7
2015-12-28	0	7	22	1.5
2015-12-29	0	4	22	5
2015-12-30	0	4.9	22.5	6.5
2015-12-31	0	5.8	20	6
2016-01-01	0	3.2	13	4
2016-01-02	0	3.2	21	4
2016-01-03	0	3.2	17.5	6
2016-01-04	3	1.7	15	3.5
2016-01-05	0	1.3	18	2.5
2016-01-06	0	3.7	17	3
2016-01-07	0	4.35	18	3
2016-01-08	0	6.42	19	2
2016-01-09	0	2.83	17	1
2016-01-10	0	3.15	16	4
2016-01-11	0	4.45	18	3
2016-01-12	0	5.35	14	4
2016-01-13	3.5	1.25	8	5.5
2016-01-14	0	1.45	7	3
2016-01-15	0	0.3	19.5	3
2016-01-16	0	7.4	17	4
2016-01-17	0	5	21	1
2016-01-18	0	5.4	20	1.5
2016-01-19	0	5.4	16.5	-0.5
2016-01-20	0	4.2	17	1
2016-01-21	0	2.8	21	-0.5
2016-01-22	0	4.9	20	0
2016-01-23	0	5.2	18.5	-0.5
2016-01-24	0	3.2	20	-0.5
2016-01-25	0	5.4	23	4
2016-01-26	0	5.2	17.5	5
2016-01-27	0	3	18	4
2016-01-28	0	5.9	15	-4
2016-01-29	0	2.9	16	3
2016-01-30	0	3.9	19	4
2016-01-31	0	4	19	5
2016-02-01	0	4.2	23	4.5
2016-02-02	0	4.5	24	7
2016-02-03	0	7.7	20.5	9
2016-02-04	0	5.1	19	5
2016-02-05	0	3.2	22.5	-1.5
2016-02-06	0	5.3	16.5	1.5
2016-02-07	0	4.6	20.5	-0.5
2016-02-08	0	4.5	16	1
2016-02-09	0	4.6	12	-2
2016-02-10	0	2.9	14	0
2016-02-11	0	2.2	19.5	-3
2016-02-12	0	4.8	17	-3
2016-02-13	0	6.7	16	-4
2016-02-14	0	5.1	22	-1
2016-02-15	0	4.7	22	2
2016-02-16	0	4.8	22	2.5
2016-02-17	0	6	17	1.5
2016-02-18	0	8.2	23	0
2016-02-19	0	5.5	24.5	2
2016-02-20	0	5.5	22	3.5
2016-02-21	0	5.3	26	4.5
2016-02-22	0	6.8	25	6
2016-02-23	0	5.3	20	7
2016-02-24	0	4	22	1
2016-02-25	0	5.4	24	5
2016-02-26	0	4.9	22	6.5
2016-02-27	0.5	4.6	21	5
2016-02-28	0	4.6	21	5
2016-02-29	0	2.7	20	3.5
2016-03-01	0.5	3.3	18	5.5
2016-03-02	1.5	2.2	12	4.5
2016-03-03	0	0.5	18	4.5
2016-03-04	1.5	2.3	12	4.5
2016-03-05	0	1.1	18	0
2016-03-06	0	3.1	22	1.5
2016-03-07	0	6.4	20	5
2016-03-08	22	6.3	19	5
2016-03-09	3	4.4	10	6
2016-03-10	0	4.8	11.5	3
2016-03-11	0	NULO	21	0
2016-03-12	0	8.2	22.5	2
2016-03-13	0	9.1	26	3
2016-03-14	0	5	25.5	4
2016-03-15	0	6.1	21.5	7
2016-03-16	0	5.2	24	8
2016-03-17	0	6.7	24	6
2016-03-18	0	6	22	6
2016-03-19	0	4.3	21	8.5
2016-03-20	0	5.2	10	2.5
2016-03-21	0	2.8	16	1.5
2016-03-22	0	3.6	22	2
2016-03-23	1	4.1	22.5	4
2016-03-24	0	2.7	23	5
2016-03-25	0	2.9	23	4
2016-03-26	0	8.1	25	8.5
2016-03-27	0	6.2	25.5	6
2016-03-28	2	5.8	23.5	5
2016-03-29	0	5.9	21	8
2016-03-30	0	8.3	27.5	8.5
2016-03-31	0	7.3	22	7.5
2016-04-01	0	9	26.5	10
2016-04-02	0	9	25.5	4.5
2016-04-03	0	6.2	25.5	0.5
2016-04-04	0	5.2	25.5	3
2016-04-05	0	8.2	23.5	6.5
2016-04-06	0	8.2	27	7
2016-04-07	0	4.6	25	4
2016-04-08	0	9.3	26	6
2016-04-09	14.5	4.5	26	7
2016-04-10	0	8.7	25	8
2016-04-11	0	5.9	27.5	7.5
2016-04-12	0	6.7	27.5	7.5
2016-04-13	1.5	7	28	9
2016-04-14	0	7.6	26	7
2016-04-15	0	8.7	27	9.2
2016-04-16	0	7.5	26	7.5
2016-04-17	0	8	26	7.5
2016-04-18	19.5	7.4	26.5	9.5
2016-04-19	7.5	7.7	24	5.5
2016-04-20	28	4.8	20	5
2016-04-21	3	8.4	21.5	4
2016-04-22	0	5.2	21	5
2016-04-23	0	3.2	20	5
2016-04-24	0	2.5	21	4
2016-04-25	0	3.9	22	5
2016-04-26	0	5.4	24	6
2016-04-27	0	5.3	26.5	5.5
2016-04-28	0	9.5	27	6
2016-04-29	0	8.6	26	9.5
2016-04-30	0	9.5	26	8.5
2016-05-01	0	7.3	29	8.5
2016-05-02	0	8.3	30	9
2016-05-03	8.5	7.4	26	7.5
2016-05-04	0	8.8	24	9
2016-05-05	0	6.4	24.5	7.5
2016-05-06	0	7.2	25	7
2016-05-07	0	6.5	25.5	6
2016-05-08	1.5	1.04	28.5	6
2016-05-09	3.5	7.2	26	8
2016-05-10	10.5	4.2	26	7.5
2016-05-11	2.5	5.2	23	6.5
2016-05-12	0	5.8	22	7
2016-05-13	0	8.7	18.5	6.5
2016-05-14	3	1.9	22	4
2016-05-15	8	4.1	22	7.5
2016-05-16	0	3.5	21.5	8
2016-05-17	4	1.3	26	9
2016-05-18	0	8.7	24	9
2016-05-19	12.5	5.2	25.5	8
2016-05-20	3.5	6.7	26	7.5
2016-05-21	6.5	5.9	23	9
2016-05-22	1	3.4	27.5	9
2016-05-23	0.5	7.3	26	10
2016-05-24	2.5	3.9	27	8.5
2016-05-25	0	5.6	27	9.5
2016-05-26	0	8.5	25.5	8.5
2016-05-27	0	5.1	24	8
2016-05-28	0	5.6	22.5	8
2016-05-29	0	4.1	26	6
2016-05-30	6.5	4.7	23	7
2016-05-31	0	4.4	23	7
2016-06-01	0	3.2	22	8
2016-06-02	1.5	4.4	22.5	8
2016-06-03	2.5	3	21	7
2016-06-04	1	4.5	22.5	6
2016-06-05	0	5.7	21	4.5
2016-06-06	24	4.2	21	7
2016-06-07	5.5	4.6	21	7
2016-06-08	2	1.8	22	6
2016-06-09	0	5	22	8.5
2016-06-10	15	3.5	21	7.5
2016-06-11	4	2.3	19	9
2016-06-12	7	0.9	20.5	8
2016-06-13	7	4	19	7
2016-06-14	6	1.45	21	8.5
2016-06-15	1.5	4.35	22	9
2016-06-16	5	4	22	9
2016-06-17	3	5	22.5	8
2016-06-18	0	5.5	19	4
2016-06-19	0.5	4.6	19	4.5
2016-06-20	16	4.6	16	4.5
2016-06-21	10	0.5	16	8.5
2016-06-22	0	2.1	21	3
2016-06-23	0.5	5.3	19.5	4.5
2016-06-24	80	3.4	20.5	8
2016-06-25	8.5	4.5	19.5	8
2016-06-26	0	1.7	19	9
2016-06-27	0	2.75	20	6
2016-06-28	0	6.25	20	6
2016-06-29	0	5.6	21	6
2016-06-30	0	3.5	20	5
2016-07-01	7	3.6	21	6
2016-07-02	24	3.1	22	8
2016-07-03	0	1.08	22.5	7
2016-07-04	2.5	5	22	6.5
2016-07-05	7	4.45	21	7
2016-07-06	0	6.15	21	6.5
2016-07-07	1	3.5	22	8
2016-07-08	0	4.7	21	6
2016-07-09	0	5.6	22	5
2016-07-10	0	6.1	22.5	6
2016-07-11	10	3.65	21	8
2016-07-12	10	3.95	20	8.5
2016-07-13	0	4	20	3.5
2016-07-14	0.5	4.45	19	4
2016-07-15	0	1.95	22	4
2016-07-16	1.5	5.15	21	5
2016-07-17	2	4.45	18.5	5
2016-07-18	6	3.4	21.5	5.5
2016-07-19	4.5	6.2	17	7
2016-07-20	0.5	2.4	16	7.5
2016-07-21	17.5	2	19	6
2016-07-22	3	2.5	21	6
2016-07-23	16.5	4.1	20	6.5
2016-07-24	0	6.7	20	6
2016-07-25	2.5	2.7	21	5.5
2016-07-26	8.5	4.6	20	6.5
2016-07-27	0	4.3	21	7.5
2016-07-28	27.5	4.15	19.5	8
2016-07-29	0	4.05	20	5
2016-07-30	0	4.8	19	5
2016-07-31	0	5.2	20.5	6
2016-08-01	0	6	20.5	4
2016-08-02	6.5	6	20	6
2016-08-03	0	1.2	21	5
2016-08-04	0	5	19	5
2016-08-05	27.5	4.7	16	7
2016-08-06	10	1.8	13	9
2016-08-07	9.5	2.3	20	10
2016-08-08	7.5	4.6	17.5	9.5
2016-08-09	18	1.6	20	9
2016-08-10	4.5	5.9	22	9.5
2016-08-11	0	6.45	23	7
2016-08-12	0	6.45	22.5	7.5
2016-08-13	0	3.95	23	6
2016-08-14	0	9.35	22	6
2016-08-15	0	3.8	19.5	3.5
2016-08-16	0	5.9	17.5	6
2016-08-17	5.5	2.3	21	8
2016-08-18	24	3.6	21	8.5
2016-08-19	8.5	4.4	20	8
2016-08-20	9	0.7	21.5	7
2016-08-21	0.5	3.75	20.5	7
2016-08-22	0	5.75	19	3
2016-08-23	4	2.3	18	4.5
2016-08-24	10	3.5	18	7
2016-08-25	0	1.75	20	6
2016-08-26	3	4.15	21	6
2016-08-27	0	3.9	22	6
2016-08-28	0	4.6	23	6
2016-08-29	0	7	22	6
2016-08-30	0	5.6	21.5	4
2016-08-31	0	7.6	21	4
2016-09-01	0	6	20	6.5
2016-09-02	1	1.2	21	7
2016-09-03	3	4	20	8.5
2016-09-04	24.5	4.5	18	9
2016-09-05	27	5.8	21	9
2016-09-06	0	3.4	20	6.5
2016-09-07	0	5.1	19.5	3
2016-09-08	0	6.1	21	3.5
2016-09-09	0	5.5	21.5	4.5
2016-09-10	3	5.1	22.5	6.5
2016-09-11	0	5.1	22	7
2016-09-12	0	4.7	21	9
2016-09-13	0	3.8	21.5	6
2016-09-14	0	6.1	20	3
2016-09-15	0	3.6	36	6
2016-09-16	2.5	7	20	9
2016-09-17	0	1.8	21	6.5
2016-09-18	0	4.9	22	7
2016-09-19	1	5.6	19	5
2016-09-20	0	5.7	19	4
2016-09-21	0	3.4	17.5	5
2016-09-22	1.5	3.2	21.5	4.5
2016-09-23	2.5	3.4	20	5.5
2016-09-24	0	2.7	20	6
2016-09-25	0	2.8	21	6
2016-09-26	0	2.8	18	5
2016-09-27	13.5	3.05	15.5	8
2016-09-28	16.5	NULO	16.5	9
2016-09-29	0	1	18.5	9
2016-09-30	0	1.6	19	7.5
2016-10-01	0	5.4	18	5.5
2016-10-02	0	2.2	20	4
2016-10-03	0	1.4	24	5
2016-10-04	0	4.3	22	8
2016-10-05	0	3.9	22	6
2016-10-06	0	5.5	22	5
2016-10-07	0	5	19.5	4
2016-10-08	6	3.2	17	6
2016-10-09	1.5	2.2	12.5	8
2016-10-10	0	1.5	16	6
2016-10-11	0	3.7	19	6
2016-10-12	0	4.5	20	4
2016-10-13	0	2.2	17.5	4.5
2016-10-14	0	6	20	0.5
2016-10-15	0	4.8	20	2
2016-10-16	0	4.6	21	4
2016-10-17	0	3.6	23	4
2016-10-18	0	5.2	23	7
2016-10-19	0	5.1	19.5	5
2016-10-20	0	3.8	18	3
2016-10-21	0	3.9	18	4
2016-10-22	0	2.5	15	4
2016-10-23	0	2	17	5
2016-10-24	0	1.9	19	5.5
2016-10-25	0	4.2	16.5	4
2016-10-26	0	3.6	16.5	1
2016-10-27	0	3.9	13	1
2016-10-28	1.5	1.9	11	1.5
2016-10-29	0	NULO	15	0.5
2016-10-30	0	3.3	16.5	2
2016-10-31	0	2.4	16.5	4
2016-11-01	0	1.08	20	3
2016-11-02	0	1.06	20.5	6
2016-11-03	0	5.4	18	6
2016-11-04	0	2.8	15	6
2016-11-05	0	NULO	16	6.5
2016-11-06	0	3.6	20	2
2016-11-07	0	2.3	21	5
2016-11-08	25.5	3.1	19	5
2016-11-09	17	4.9	13	6
2016-11-10	9	1.7	16	5
2016-11-11	0	3	15.5	5
2016-11-12	0.5	1.9	15	5
2016-11-13	0	4.9	17	2.5
2016-11-14	0	1.8	20	4
2016-11-15	0	1.7	17	7
2016-11-16	3.5	1.9	13	7
2016-11-17	0	NULO	17	5
2016-11-18	0	2.1	18	5.5
2016-11-19	0	1.9	9	5
2016-11-20	0	NULO	11	3
2016-11-21	0	1.4	19	-1
2016-11-22	0	3	19	2
2016-11-23	0	4.6	18	2
2016-11-24	0	5.2	19	-2
2016-11-25	0	3.4	19	1
2016-11-26	0	3.1	19	2
2016-11-27	0	2.5	21	1.5
2016-11-28	0	3.8	22	4
2016-11-29	0	4.9	22	7.5
2016-11-30	0	5	20	6
2016-12-01	0	3	23	7
2016-12-02	0	3.6	23	5.5
2016-12-03	0	4.2	22	6
2016-12-04	0	5	21	6
2016-12-05	0	4.9	20	7
2016-12-06	0	4.6	21	5.5
2016-12-07	0	4.6	22	4.5
2016-12-08	0	4.6	22	5
2016-12-09	0	3.4	14	5
2016-12-10	0	1.4	16	6
2016-12-11	0	1	19	4
2016-12-12	0	4.1	21	3.5
2016-12-13	0	1.7	21	4
2016-12-14	0	6.5	21	3
2016-12-15	0	3	18	5
2016-12-16	0	3.7	22	3
2016-12-17	0	1.9	21	6
2016-12-18	0	3.8	21	4
2016-12-19	0	3.4	14	3
2016-12-20	0	1.7	14.5	5
2016-12-21	0	3.4	18	1.5
2016-12-22	0	2.6	18	2
2016-12-23	0	5.5	21	0.5
2016-12-24	0	3.6	22	2.5
2016-12-25	0	5.1	21	3
2016-12-26	0	4.2	20	5
2016-12-27	0	4	18	3
2016-12-28	0	5.3	21.5	1
2016-12-29	0.5	2.9	17	1.5
2016-12-30	0	5.5	13	4
2016-12-31	0	1	13	3
2017-01-01	0	4.2	20	5
2017-01-02	0	3.4	22	6
2017-01-03	0	4.4	21	2
2017-01-04	0	5.6	23	1.5
2017-01-05	0	5.1	24	4
2017-01-06	0	6.4	24	5
2017-01-07	0	5.6	21	2.5
2017-01-08	0	2.3	17	-4
2017-01-09	0	1.6	18	-2
2017-01-10	0	6.6	21	1
2017-01-11	0	4.5	21	1.5
2017-01-12	0	4.6	20	1.5
2017-01-13	0	4.9	18	1.5
2017-01-14	0	5.1	20	-2
2017-01-15	0	3.3	21	-2
2017-01-16	0	4.3	22	2
2017-01-17	0	2.6	21	2
2017-01-18	0	5.5	21	4
2017-01-19	0	5.3	22	4
2017-01-20	0	3	22	5
2017-01-21	0	7.1	23	4
2017-01-22	0	5.6	22	2
2017-01-23	0	3.6	21.5	0.5
2017-01-24	0	7.5	21	4
2017-01-25	0	6.6	23	2.5
2017-01-26	0	6.2	24	2.5
2017-01-27	0	7.1	23	3
2017-01-28	0	4.9	24	4
2017-01-29	0	5.4	26	-1
2017-01-30	0	3.1	18	1
2017-01-31	0	2.8	18	1.5
2017-02-01	0.5	5.4	21	3
2017-02-02	0	2.1	17	1
2017-02-03	0	4.3	18	0
2017-02-04	0	3.1	18	1
2017-02-05	0	2.3	18.5	1.5
2017-02-06	0	3.9	21	3
2017-02-07	0	3	22	4
2017-02-08	0	7.7	21	4
2017-02-09	0	7.2	17	6.5
2017-02-10	0	6.2	23	-1
2017-02-11	0	5.1	24	1.5
2017-02-12	0	6.7	24	4.5
2017-02-13	0	7.2	23	4.5
2017-02-14	1	3.1	22	5
2017-02-15	0	5.1	20	3
2017-02-16	0	5.6	22	6
2017-02-17	0	4.4	22	5
2017-02-18	0	6.4	23	4.5
2017-02-19	0	8.3	22	7
2017-02-20	0	5.1	23	6.5
2017-02-21	0	7	19	1
2017-02-22	0	5.1	21	1
2017-02-23	0	6.8	24	3
2017-02-24	0	7.8	24	1.5
2017-02-25	0	8.1	23	3
2017-02-26	0	4.3	23	6
2017-02-27	0	7.1	24	4
2017-02-28	0	8	24	4.5
2017-03-01	0	7.5	24	5
2017-03-02	0	7.4	17	-1
2017-03-03	0	5.5	21	0
2017-03-04	0	5.1	17	0.5
2017-03-05	0	3.9	19	4
2017-03-06	0	4.6	21	3
2017-03-07	0	5.4	21	4
2017-03-08	0	3.9	20	4
2017-03-09	13	3.9	21	2.5
2017-03-10	9	3.4	21	3.5
2017-03-11	13	3.3	21	4
2017-03-12	11.5	0.3	16.5	4
2017-03-13	9.5	2.3	16	3
2017-03-14	1.5	5.1	16	0.5
2017-03-15	8.5	1.8	16	4
2017-03-16	1	2.1	18.5	0.5
2017-03-17	0	2.7	20	1.5
2017-03-18	0	4.6	20	-2
2017-03-19	0	4.2	20	-2
2017-03-20	0	7.5	21	1
2017-03-21	0	5.8	21.5	2
2017-03-22	0	9	21	2.5
2017-03-23	0	8.1	24	0
2017-03-24	0	6.4	26	2
2017-03-25	0	7	23	6
2017-03-26	0	7.9	26	5
2017-03-27	0	6.3	26	5
2017-03-28	0	6.3	23	4.5
2017-03-29	0	5.6	25	6
2017-03-30	0	7.7	25	5
2017-03-31	0	6.2	25	7
2017-04-01	0	5.8	25	10
2017-04-02	0	9.9	25	8
2017-04-03	0	1.28	26	4
2017-04-04	0	9.4	27	6.5
2017-04-05	0	9.4	27	6.5
2017-04-06	3.5	8.7	24	4.5
2017-04-07	0	3.5	24	5.5
2017-04-08	0	5.2	23	7.5
2017-04-09	0	5.6	25	7
2017-04-10	0	6.2	25.5	8
2017-04-11	0	5.9	22.5	6
2017-04-12	0	5.4	19	2.5
2017-04-13	0	6.5	21	1
2017-04-14	0	3.5	22	1.5
2017-04-15	0	5.1	23.5	2
2017-04-16	7	5.8	24	3
2017-04-17	10	4.7	21	3
2017-04-18	8	4	20	3
2017-04-19	0	3	18	2
2017-04-20	0	4.9	21	0.5
2017-04-21	0	3.4	22	3
2017-04-22	0	6.6	24	3.5
2017-04-23	0	6	18	1
2017-04-24	2.5	5.9	24	5
2017-04-25	0	5.1	21.5	8
2017-04-26	0	6.3	26	6
2017-04-27	0	5.6	25	8
2017-04-28	0	1.05	26	11
2017-04-29	0	1	26	12
2017-04-30	0	9.5	26	14
2017-05-01	0.5	6.9	27.5	10
2017-05-02	0	6.8	26	11
2017-05-03	0	6	24	15.5
2017-05-04	6	5.5	19	9.5
2017-05-05	0	4.4	22	5
2017-05-06	0	5.4	24	9
2017-05-07	10	6.4	23	14
2017-05-08	29.5	3.8	22.5	11
2017-05-09	0	1	22	8
2017-05-10	0	6.1	25	9
2017-05-11	0	5.3	26	12
2017-05-12	10	8.6	23	12.5
2017-05-13	1.5	4.6	24	8
2017-05-14	0	4.9	22.5	10
2017-05-15	0	4.6	24.5	9.5
2017-05-16	0	6.2	26	10
2017-05-17	0	6.7	28	13
2017-05-18	6.5	9.6	28.5	11
2017-05-19	0	5.7	28	12
2017-05-20	0	1.02	27.5	15
2017-05-21	0	5.1	25	13.5
2017-05-22	0	6.7	28	9.5
2017-05-23	0	5.4	29	11
2017-05-24	0	6.4	26	12
2017-05-25	1.5	6.4	24	11.5
2017-05-26	0	4	25	9
2017-05-27	0.5	7.3	26	13
2017-05-28	2	7.1	23	12
2017-05-29	5	3	23	10
2017-05-30	0	3.3	19	10
2017-05-31	0	3	19	9
2017-06-01	35.5	3	17	10
2017-06-02	0	4.2	21	8
2017-06-03	0	1.02	24	10
2017-06-04	0	8.5	26	11.5
2017-06-05	3	7.7	25	9.5
2017-06-06	9	5	23	11
2017-06-07	2	4.9	23	6.5
2017-06-08	0	4.1	22.5	8
2017-06-09	0	5.9	23	7
2017-06-10	0	4.8	23.5	11
2017-06-11	0	5.1	25	13
2017-06-12	0	7.8	24	11
2017-06-13	0.5	5.8	21	7
2017-06-14	0	6.2	22	8.5
2017-06-15	0	5.8	21	8
2017-06-16	0	4.6	22	6.5
2017-06-17	0	6.6	24	11
2017-06-18	0	7	23.5	6.5
2017-06-19	0	6.9	21	7.5
2017-06-20	0	6	20	6
2017-06-21	0	6.8	20	7.5
2017-06-22	0	6.1	24	8
2017-06-23	0	8.1	24	6.5
2017-06-24	0	9	21	9.5
2017-06-25	5.5	4.7	21	10
2017-06-26	7	1.7	21	9
2017-06-27	0.5	2.3	17	9.5
2017-06-28	16	2.2	20	9
2017-06-29	13	3.5	21.5	9.5
2017-06-30	0	4.4	20	10
2017-07-01	14	6.6	19	6
2017-07-02	0	1.16	21	8.5
2017-07-03	11.5	7.2	21	7
2017-07-04	0	5.2	19	7
2017-07-05	0	3	18.5	6.5
2017-07-06	0	2.7	19	5.5
2017-07-07	10	3.4	18	9
2017-07-08	8	5.3	17	10.5
2017-07-09	21	0.8	16	9.5
2017-07-10	5.5	0.8	20	10
2017-07-11	9	3.5	17	9
2017-07-12	0	0.8	18	9
2017-07-13	20	4.1	21.5	8
2017-07-14	0	4.2	19.5	5.5
2017-07-15	0	7.4	20	5
2017-07-16	0	5	21	9.5
2017-07-17	4	7.2	21	9.5
2017-07-18	0	3.6	20	9.5
2017-07-19	0	3	21	8
2017-07-20	0.5	4	20	12
2017-07-21	0	1.5	21.5	9.5
2017-07-22	10	4.9	21	9.5
2017-07-23	0	3.6	20	11
2017-07-24	21.5	3.1	21	8.5
2017-07-25	12	5.3	18	8
2017-07-26	9.5	1.7	18.5	8
2017-07-27	3.5	2.1	20	10.5
2017-07-28	0	3.4	22	6
2017-07-29	7.5	3.8	23	8
2017-07-30	0	4.6	22	7
2017-07-31	0	6.4	20	9
2017-08-01	3.5	7.4	23	9.5
2017-08-02	0	2.8	22	8
2017-08-03	3.5	6.5	21	12
2017-08-04	1	6	20	7.5
2017-08-05	0	1.8	23	11
2017-08-06	3	4.9	23	9
2017-08-07	0	2.8	23	9
2017-08-08	0	7	20	10
2017-08-09	39	5.9	16	8
2017-08-10	6	NULO	16	9
2017-08-11	0	4.1	20	7
2017-08-12	2.5	5	19	10
2017-08-13	1	2.6	22	10
2017-08-14	10	4.5	22	8
2017-08-15	0.5	1.9	23	9.5
2017-08-16	13	4.2	21	9.5
2017-08-17	0	6.4	22	8
2017-08-18	0	4.8	21	6.5
2017-08-19	0	5	21	8
2017-08-20	0	6	21	7
2017-08-21	0	6.4	20	7.5
2017-08-22	0	5.8	21	7
2017-08-23	9.5	5.7	22	7
2017-08-24	0	5.1	21	7
2017-08-25	8.5	4.5	20	8
2017-08-26	0	4.5	22	10
2017-08-27	22.5	3.1	20	8
2017-08-28	11.5	4.5	19	9
2017-08-29	1.5	3.1	16	10
2017-08-30	0	3.2	19	10
2017-08-31	0	1.9	19	10
2017-09-01	4	0.02	18	9.5
2017-09-02	3.5	0.9	17.5	10
2017-09-03	1	1.6	17	9.5
2017-09-04	8.5	1.7	17.5	8
2017-09-05	32	0.9	19	9
2017-09-06	1.5	4.7	18	10
2017-09-07	2	0.6	15	9
2017-09-08	18.5	0.3	15	8
2017-09-09	4.5	0.2	15	9
2017-09-10	1	0.3	14.5	9
2017-09-11	0	0.6	17	1
2017-09-12	0	6.6	20	3
2017-09-13	0	4.8	23	5
2017-09-14	0	4.6	22	9
2017-09-15	0	7.1	23	9
2017-09-16	0.5	7.4	23.5	9.5
2017-09-17	0	4.9	21.5	9
2017-09-18	0	3.3	21	7.5
2017-09-19	0	4.4	23	7
2017-09-20	0	6	22	7.5
2017-09-21	2	6.2	23	8.5
2017-09-22	0	2.6	23	9
2017-09-23	5.5	3.8	22.5	8.5
2017-09-24	24	5	22	11
2017-09-25	13.5	5	21	10
2017-09-26	0	6.5	21	9.5
2017-09-27	10	3	19	10
2017-09-28	0.5	2.1	15	10
2017-09-29	2	0.8	11	9
2017-09-30	0	1.2	16	10
2017-10-01	2.5	NULO	17	9
2017-10-02	0	1.6	15	10
2017-10-03	2.5	1.8	15	8.5
2017-10-04	14.5	1	16	9
2017-10-05	1	0.9	15.5	7.5
2017-10-06	0	4.4	18	7
2017-10-07	0	5.3	22	3.5
2017-10-08	17.5	4.6	21	8.5
2017-10-09	0	3.2	21.5	9
2017-10-10	10.5	5.9	18	8
2017-10-11	2	3.6	14.5	8
2017-10-12	0.5	2.2	13	7
2017-10-13	0	1.1	16	8
2017-10-14	0	1.7	18	7
2017-10-15	0.5	3.3	20	8
2017-10-16	0	4.4	14	8
2017-10-17	0	6	15	7.5
2017-10-18	0	1.8	19.5	5
2017-10-19	0	4.4	22	7
2017-10-20	0	5.3	23	8
2017-10-21	0	6.1	23.5	6
2017-10-22	0	6.5	21	6
2017-10-23	0	5.1	15	6
2017-10-24	2	4.2	13	7
2017-10-25	0	0.9	11	3
2017-10-26	0	2.2	21.5	1
2017-10-27	0	4.5	21	4.5
2017-10-28	0	5.1	21	4.5
2017-10-29	0	4.1	22	7
2017-10-30	2.5	3.1	23	8
2017-10-31	0	4.8	21	9
2017-11-01	3	3.6	22	9.5
2017-11-02	0	2.6	21.5	8
2017-11-03	0	6.2	22	6.5
2017-11-04	0	5.3	22	8
2017-11-05	0	5.6	23	9
2017-11-06	0	6.1	23	4
2017-11-07	0	6.7	21	5
2017-11-08	0	5.9	20.2	7.5
2017-11-09	0	4.9	17	2
2017-11-10	0	5.4	17	3.5
2017-11-11	0	4.3	17	3
2017-11-12	0	4.4	19	2
2017-11-13	0	5	14	3
2017-11-14	0	4.3	15	5
2017-11-15	0	1.8	21	3.5
2017-11-16	0	2.9	19	2
2017-11-17	0	4.7	20	2
2017-11-18	0	5.4	22	3
2017-11-19	0	6.1	21	4
2017-11-20	0	2.9	20	4
2017-11-21	0	3.1	20	5
2017-11-22	0	4	21	4
2017-11-23	0	4.2	19	-1.5
2017-11-24	0	1.9	19	-1.5
2017-11-25	0	5.6	21	1
2017-11-26	0	3.9	17	2
2017-11-27	0	4.1	18	0
2017-11-28	0	3.2	18	1.5
2017-11-29	0	4.9	21	2
2017-11-30	0	4.9	16	-2
2017-12-01	0	3.6	19	-1
2017-12-02	0	4.4	21	1
2017-12-03	0	1.9	20	1
2017-12-04	0	3.6	20	2
2017-12-05	0	4.1	20	2
2017-12-06	0	3.5	20	2
2017-12-07	0	3.6	20	3
2017-12-08	0	3.7	16.5	5
2017-12-09	0	6.4	13	-1.5
2017-12-10	0	3.7	12	-6.5
2017-12-11	0	4.4	20	-4
2017-12-12	0	5.4	16	-2
2017-12-13	0	3.4	21	-1.5
2017-12-14	0	5.1	27	1
2017-12-15	0	6.1	23	4
2017-12-16	0	5.2	19	4
2017-12-17	0	5.8	23	6
2017-12-18	0	4.1	22	4.5
2017-12-19	0	4.1	22	6
2017-12-20	0	4.3	23	6
2017-12-21	0	5.1	22	7
2017-12-22	0	5.1	22	3
2017-12-23	0	6	17	4
2017-12-24	0	4.2	21	3
2017-12-25	0	4	20	-1
2017-12-26	0	4.3	21	2
2017-12-27	0	5.1	19	3
2017-12-28	0	4.3	19	1
2017-12-29	0	3.1	18	1
2017-12-30	0	2.9	19	2
2017-12-31	0	3	20	3
2018-01-01	0	3.6	14	-1
2018-01-02	0	2.5	19	-1
2018-01-03	0	3	18	1.5
2018-01-04	0	3.5	20	3.5
2018-01-05	0	2.2	19	4
2018-01-06	0	3.2	17	3
2018-01-07	0	4.3	22	0
2018-01-08	0	3.4	15	3.5
2018-01-09	0	5.3	20	-1
2018-01-10	0	3.6	23	1.5
2018-01-11	0	6.4	22.5	3
2018-01-12	0	4.1	21	-2
2018-01-13	0	4.1	17	-2
2018-01-14	0	4.2	16	-6
2018-01-15	0	3.1	19	-4
2018-01-16	0	5.2	16	1
2018-01-17	0	4.8	14	-3
2018-01-18	0	2.2	18	-2
2018-01-19	0	3	19	2
2018-01-20	0	4.3	20	3
2018-01-21	0	5.1	21.5	3.5
2018-01-22	0	4.9	22.5	4
2018-01-23	0	4.2	20	4
2018-01-24	0	4	13	2
2018-01-25	0	3	11	2.5
2018-01-26	7	3	17	2
2018-01-27	0	1.8	17.5	3
2018-01-28	0.5	2.6	11.5	5
2018-01-29	0	0.1	6	4
2018-01-30	0	1	12	-2.5
2018-01-31	0	3	18.5	1
2018-02-01	0	3.7	19	1.5
2018-02-02	0	5.1	19	4
2018-02-03	0	4.3	20	5
2018-02-04	0	5.3	21	5
2018-02-05	0	5.3	22	6
2018-02-06	0	3.9	22	7
2018-02-07	0	5.1	21	6
2018-02-08	0	4.3	16	5
2018-02-09	1.5	4.8	18	3
2018-02-10	0	2.2	17	4
2018-02-11	0	2.6	17	6
2018-02-12	0	2.9	18	6.5
2018-02-13	0	4.1	20	5
2018-02-14	0	4.2	16.5	2
2018-02-15	0	2.8	23	1
2018-02-16	0	4.9	22	2
2018-02-17	0	5.1	23	2
2018-02-18	0	6.2	22.5	3
2018-02-19	0	4.7	19	4
2018-02-20	0	4.2	21	6
2018-02-21	1.5	5.6	21	5.5
2018-02-22	0	3.9	21	6
2018-02-23	0	5.4	23	6
2018-02-24	0	4.8	24	7
2018-02-25	0	5.8	21.5	6.5
2018-02-26	0	6.1	21.5	9
2018-02-27	0	4.5	25	9
2018-02-28	0	6.5	25.5	7
2018-03-01	0	5.1	23	7
2018-03-02	0	7.5	23	2
2018-03-03	0	4.1	22	4
2018-03-04	0	9.4	23.5	6
2018-03-05	0	8.3	25	8
2018-03-06	0	7.5	23	6
2018-03-07	0	5.7	17	6
2018-03-08	0	1.8	21	6
2018-03-09	3	5.2	23	8
2018-03-10	0	6.1	24	7
2018-03-11	0	7.1	26.5	8
2018-03-12	0	6.6	22	8
2018-03-13	0	4.7	25.5	8
2018-03-14	2	5.5	22.5	6
2018-03-15	2.5	5.1	23	7
2018-03-16	0	5.6	24	8
2018-03-17	0	5.1	23	10
2018-03-18	0	4.8	21	8
2018-03-19	0	7.1	22	8
2018-03-20	0	7.2	23	9
2018-03-21	0	4.3	24	8
2018-03-22	0	4.8	23	9
2018-03-23	0	7	23.5	6
2018-03-24	0	8.5	24	4
2018-03-25	0	10.7	25	5
2018-03-26	0	8.4	26	8
2018-03-27	0	9.2	26	10
2018-03-28	0	6.3	24	8.5
2018-03-29	0	9.1	25	7
2018-03-30	0	3.5	22	8
2018-03-31	0	3.1	19	7
2018-04-01	0	3.4	23	6
2018-04-02	0	6.6	25.5	6
2018-04-03	7.5	8.1	25	9
2018-04-04	3	7.4	18	6.5
2018-04-05	0.5	3.2	23	7
2018-04-06	0	4.7	23	9
2018-04-07	0	4.8	23	8
2018-04-08	0	5.6	24	9
2018-04-09	3	4.1	25	8
2018-04-10	0	5.3	23	6
2018-04-11	0	4.1	20	5
2018-04-12	3.5	3.8	23	3.5
2018-04-13	0	4.1	23	8
2018-04-14	0	5.7	24	8.5
2018-04-15	0	6	20	6
2018-04-16	0	4.2	21	6.5
2018-04-17	0	6.9	24	6
2018-04-18	0	9.9	25	7.5
2018-04-19	0	9.9	21	6
2018-04-20	0	8.16	24	2
2018-04-21	0	7.1	23	7
2018-04-22	0	9.4	25	8.5
2018-04-23	0	5.5	24	8
2018-04-24	4	4.1	23	8
2018-04-25	5	3.6	21	6
2018-04-26	7	3.6	21	8
2018-04-27	0	3.1	21	10
2018-04-28	9.5	6.3	23	9.5
2018-04-29	16.5	5.8	24	10
2018-04-30	0	10.41	22	12
2018-05-01	3	5.1	23	7.5
2018-05-02	0.5	3.6	22	6.5
2018-05-03	0	5	24	8
2018-05-04	0	5.6	24	7
2018-05-05	0	6.1	24	8
2018-05-06	0	4.9	19	8
2018-05-07	0	6	19	5
2018-05-08	14.5	5.4	16	8.5
2018-05-09	0	0.8	21	7
2018-05-10	0	6.6	22	4
2018-05-11	0	2.8	25	7
2018-05-12	0	5.7	25	9
2018-05-13	0	7.1	25	8
2018-05-14	0	8.6	24	7
2018-05-15	0	6.9	23	7
2018-05-16	0	7.5	20	6
2018-05-17	0	5	25	6
2018-05-18	0	1	26.5	6
2018-05-19	0	8.7	27.5	10
2018-05-20	1	9.8	25	11.5
2018-05-21	0	3.8	21	7
2018-05-22	0	6	23	7.5
2018-05-23	0	6.3	21	6.5
2018-05-24	0	7.3	23	8
2018-05-25	0	8.1	23	6
2018-05-26	0	7	23	3.5
2018-05-27	0	1.01	26	3.5
2018-05-28	0	9.4	27	6
2018-05-29	0	8.5	27	8
2018-05-30	0	1.2	28	11
2018-05-31	0	1.18	24	10
2018-06-01	0	9.4	23	9
2018-06-02	0	8.6	21	6.5
2018-06-03	0	7.2	21	7
2018-06-04	0	7	21	5
2018-06-05	0	7.4	25	7
2018-06-06	0	6.9	25	12
2018-06-07	1	4.2	22	12
2018-06-08	0	2.6	22	8
2018-06-09	4	5.4	21	7.5
2018-06-10	0	3.9	22	6
2018-06-11	12	3.3	22	10
2018-06-12	15	4.1	20	10
2018-06-13	13.5	2.3	17	9
2018-06-14	11.5	3	18	10
2018-06-15	4	0.16	19	9
2018-06-16	2	0.3	21	8.5
2018-06-17	6	2.4	17	10
2018-06-18	0	4.8	18	9
2018-06-19	2	4.1	17.5	10
2018-06-20	0	3.5	19	9
2018-06-21	55	2.8	21	9
2018-06-22	3	1.27	20	8
2018-06-23	0.5	2.6	21	8
2018-06-24	1	1.9	21	9.5
2018-06-25	28	1.6	21	9
2018-06-26	2	0.6	19	10
2018-06-27	20	4.7	19	8
2018-06-28	6.5	3.6	16	7
2018-06-29	11	1.2	18	7
2018-06-30	0	3.3	21	5
2018-07-01	0	6	21	0
2018-07-02	0	4.3	22	5.5
2018-07-03	8	6	22	7
2018-07-04	29	4.6	21	7
2018-07-05	0	1.01	18	6
2018-07-06	0	6.4	17	8
2018-07-07	0	6.9	18	6
2018-07-08	0	5.5	18	6.5
2018-07-09	0	1.9	21	5
2018-07-10	0	6.6	19	5
2018-07-11	2	5.4	18	6
2018-07-12	0	1.5	19	5
2018-07-13	0	6.5	19	5
2018-07-14	0	5	21	6
2018-07-15	0	6.3	22	5
2018-07-16	0	4.1	23	6
2018-07-17	0	3.5	20	7
2018-07-18	0	3.3	21.5	5.5
2018-07-19	1	4.3	23	6.5
2018-07-20	8	7.7	21	9
2018-07-21	0	3.2	20	4.5
2018-07-22	0	5.4	23	4
2018-07-23	0	6.8	25	7
2018-07-24	0	5.2	24	11
2018-07-25	0	1.02	22.5	8
2018-07-26	1	7.1	23	7
2018-07-27	7	2.8	22	7
2018-07-28	0	2.6	22.5	7
2018-07-29	0	8	22	7
2018-07-30	0	7.1	22	6
2018-07-31	0	6.5	22	7
2018-08-01	0	4.9	20	6
2018-08-02	0	6.4	19	7
2018-08-03	0	3.9	18	9
2018-08-04	1	4	19	7
2018-08-05	0	1.7	20.5	8
2018-08-06	0	2.4	20	8
2018-08-07	0	4.7	22	8
2018-08-08	0	5.2	21	8
2018-08-09	6	3.7	20	6
2018-08-10	0	1.3	20	6
2018-08-11	43	3.2	23	9
2018-08-12	1.5	7.9	16	7
2018-08-13	29	1.7	20	9
2018-08-14	6	5	19	5
2018-08-15	43.5	1.8	21	8
2018-08-16	5.5	7.3	21	7
2018-08-17	0	6.6	20	5
2018-08-18	0	6.3	22.5	6
2018-08-19	0	5.7	22	7
2018-08-20	0	3.8	21	7
2018-08-21	0	5.4	16	8
2018-08-22	1	4.3	20	9
2018-08-23	0	4.7	21	9
2018-08-24	0	4.4	21	6
2018-08-25	3	3.6	21	6
2018-08-26	2	6.2	19	5
2018-08-27	3.5	1.1	21	6
2018-08-28	16.5	4.3	18	6
2018-08-29	0	3.6	19	8
2018-08-30	0	2.1	20.1	9
2018-08-31	0	4.8	21	6.5
2018-09-01	0.5	1.4	23	8.5
2018-09-02	49	3.7	23	8
2018-09-03	0	1.2	22	8
2018-09-04	0	5.6	21	7.5
2018-09-05	0	5.5	20	7
2018-09-06	8	3.8	17	10
2018-09-07	3.5	0.5	21	6.5
2018-09-08	0	3.7	21	7.5
2018-09-09	7	3.1	22	7
2018-09-10	6	3.9	21	8
2018-09-11	16	3.1	21	10
2018-09-12	33.5	4.6	22	10
2018-09-13	2	0.4	18.5	10
2018-09-14	1	1.9	22	8
2018-09-15	1	4.4	22	10
2018-09-16	5	3.6	19	9.5
2018-09-17	24.5	2	19	8
2018-09-18	0	2.2	20	7.5
2018-09-19	0	5.2	22	7
2018-09-20	0	4.8	23	7.5
2018-09-21	7.5	6.3	22.5	7
2018-09-22	0	3.9	22.5	9
2018-09-23	0	6.8	20	7
2018-09-24	0	5.3	21	6
2018-09-25	0	5	21	7.5
2018-09-26	0	3.5	21	7
2018-09-27	33	7.2	20	6
2018-09-28	0	3.3	18	5.5
2018-09-29	0	4.5	17	5
2018-09-30	0	4.4	18	4
2018-10-01	0	5.1	20	5
2018-10-02	0.5	4.8	18.5	6
2018-10-03	0	3.5	18	8
2018-10-04	0	3.5	18	9
2018-10-05	0	4.2	20	5
2018-10-06	0	5.9	21	6
2018-10-07	2	4.5	21	6.5
2018-10-08	16.5	2	21.5	8
2018-10-09	0	2.9	22	10
2018-10-10	6	4.4	20	9
2018-10-11	2	2.6	20	8
2018-10-12	0	3.6	21	7
2018-10-13	0	2.7	21.5	9
2018-10-14	7.5	4.5	22	11
2018-10-15	0	3.3	20	9
2018-10-16	0	3.2	18	7
2018-10-17	7	2.7	13	7
2018-10-18	1.5	0.4	14	8
2018-10-19	0	1.6	16	8.5
2018-10-20	7	2	16	9
2018-10-21	0.5	2.7	16	9
2018-10-22	0	1.9	20	8.5
2018-10-23	0	4	22	9
2018-10-24	0	5.1	24	9
2018-10-25	0	6.3	22	7
2018-10-26	0	3.3	23	9
2018-10-27	4	9.4	15	7.5
2018-10-28	0	0.3	14	8
2018-10-29	4	1.9	18	8
2018-10-30	3	3.1	18.5	8
2018-10-31	0	1.9	22	8
2018-11-01	7	3.5	19	8
2018-11-02	3	2.3	15	8
2018-11-03	1	1.9	16.5	8.5
2018-11-04	0	1.9	16.5	8.5
2018-11-05	0	1.1	19.5	6.5
2018-11-06	0	4.1	22	6
2018-11-07	0	4	22	7
2018-11-08	0	5.6	21	5.5
2018-11-09	0	5.4	21	6
2018-11-10	0	5.1	20	7
2018-11-11	6.5	7.8	21	8
2018-11-12	6	1.4	22.5	7
2018-11-13	28	3	16	6
2018-11-14	8	5.9	10	2.5
2018-11-15	0	0.4	17	1
2018-11-16	0	3	19	1
2018-11-17	0	4.8	21	3
2018-11-18	0	4	21	4.5
2018-11-19	0	4.6	23	4
2018-11-20	0	3	21	4
2018-11-21	0	3.5	22	4.5
2018-11-22	0	6	22	6
2018-11-23	0	3.8	23	7
2018-11-24	0	4.1	23	8
2018-11-25	0	4.1	24	8
2018-11-26	0	4.5	19	5
2018-11-27	0	2.2	19	7
2018-11-28	2.5	1	16	8
2018-11-29	7	2.7	16	7.5
2018-11-30	0	1.1	17	7.5
2018-12-01	0	2.1	22	7.5
2018-12-02	0	3.6	23	4
2018-12-03	0	3.5	24	5
2018-12-04	4	5.7	17	6
2018-12-05	0	2	13	5
2018-12-06	0	2.2	17	3
2018-12-07	0	2.9	20	4
2018-12-08	0	4.1	22	6
2018-12-09	0	3.6	19	5
2018-12-10	0	2.9	17	5.5
2018-12-11	0	1.5	17	3.5
2018-12-12	0	2.6	18	3.5
2018-12-13	0	2.2	19	3.5
2018-12-14	0	2.6	18	3.5
2018-12-15	0	4.3	20	0.5
2018-12-16	0	3	20.5	1.5
2018-12-17	0	4.7	21	2.5
2018-12-18	0	3.6	20.5	4
2018-12-19	0	4.1	20	1
2018-12-20	0	4.1	16	1
2018-12-21	0	5.3	17	0
2018-12-22	0	5.1	21	1
2018-12-23	0	3.7	20	1
2018-12-24	0	4.2	20	3
2018-12-25	0	4.9	20	3
2018-12-26	0	3.1	21	5
2018-12-27	0	4	19	5
2018-12-28	0	4.8	20	4
2018-12-29	0	1.5	23	6
2018-12-30	0	6.7	18	7
2018-12-31	0	3.8	18	7
2020-01-01	0	4.4	22	8
2020-01-02	0	4.1	21	9
2020-01-03	0	3.3	21	9
2020-01-04	0	4	21	1
2020-01-05	0	5.8	21	1
2020-01-06	0	6.3	23	5
2020-01-07	0	4.3	15	4
2020-01-08	0	4.2	21	0
2020-01-09	0	6.2	22	5
2020-01-10	0	5.8	21.5	6
2020-01-11	0	4.4	18	6
2020-01-12	0	NULO	21	6
2020-01-13	0	NULO	21	6
2020-01-14	0	3.7	22	6
2020-01-15	0	5	24	6
2020-01-16	0	5.2	23	2
2020-01-17	0	4.1	22	2
2020-01-18	9	3	16	4
2020-01-19	8	1	13	9
2020-01-20	0.5	0.9	18	7
2020-01-21	0	3.1	16	1
2020-01-22	1.5	4.3	19	4
2020-01-23	0	1.8	18	6
2020-01-24	0	1.9	15	6
2020-01-25	7	NULO	18	4
2020-01-26	0	NULO	19	8
2020-01-27	0	5.4	21	6
2020-01-28	0	7.1	21	8
2020-01-29	0	5.5	19	1.5
2020-01-30	0	5.2	19	6
2020-01-31	0	NULO	21	8
2020-02-01	1	2.4	17	4
2020-02-02	0	4.1	19	4
2020-02-03	0	3	19.5	8
2020-02-04	0	3.4	20	9
2020-02-05	0	1.8	15	10
2020-02-06	0	4.3	22	8.5
2020-02-07	0	6.6	24	8
2020-02-08	0	6.7	24	9
2020-02-09	0	6.4	25	9
2020-02-10	0	6.9	27	8
2020-02-11	0	7.2	26	9
2020-02-12	0	6.3	23	9
2020-02-13	0	4.8	23	7
2020-02-14	0	3.4	20	5
2020-02-15	0	5.6	22	5
2020-02-16	0	4.5	23	6
2020-02-17	0	9.3	25	6
2020-02-18	0	8.9	26	8.5
2020-02-19	0	7.1	24	5
2020-02-20	0	6.4	23	6
2020-02-21	0	3.6	18	7
2020-02-22	0	5.6	22	3
2020-02-23	0	6.4	26.5	8
2020-02-24	0	7.9	26	8
2020-02-25	0	6.5	23	11
2020-02-26	0	4.1	23	6.5
2020-02-27	0	5.6	23	6
2020-02-28	0	9.3	24	6
2020-02-29	0	NULO	25	6
2020-03-01	0	4.6	27	10
2020-03-02	0	9.6	24	11
2020-03-03	0	9.8	23	12
2020-03-04	0	7	26	9
2020-03-05	0	5.6	25	6
2020-03-06	0	4.9	24	4
2020-03-07	0	5.5	23	5
2020-03-08	0	8.1	23	6
2020-03-09	0	6.2	25	8
2020-03-10	0	6.3	26	7
2020-03-11	0	6.8	24	6.5
2020-03-12	0	7.6	25	9
2020-03-13	0	9	24	10
2020-03-14	2	5.6	24	9
2020-03-15	0	7.5	25	9
2020-03-16	6	2.8	22	7
2020-03-17	0	6.7	23	6.5
2020-03-18	0	6.1	24	8
2020-03-19	0	7.8	25	8
2020-03-20	0	5.1	25	9
2020-03-21	0	5.6	23	8.5
2020-03-22	0	6.6	24	8
2020-03-23	0	9.6	27	8
2020-03-24	0	11.6	28.5	10
2020-03-25	0	11.4	28	8
2020-03-26	0	13.1	28	10
2020-03-27	0	10.7	27.5	15.5
2020-03-28	0	6.6	27.5	9.5
2020-03-29	0	8.2	27	9
2020-03-30	0	8.6	28	9
2020-03-31	0	NULO	22	8
2020-04-01	0	5.6	25	8
2020-04-02	0.5	5	25	11
2020-04-03	2	4.1	26	10
2020-04-04	7	5.3	23.5	12
2020-04-05	0	5.6	26	9
2020-04-06	0	6	27	14
2020-04-07	0	2.8	24	13
2020-04-08	0	5.7	24	14
2020-04-09	3.5	3.6	25	13
2020-04-10	0	7.3	25	11
2020-04-11	0	10.6	27.5	14
2020-04-12	0	8.6	27	12.5
2020-04-13	0	7	28	11
2020-04-14	0	4.9	28	12
2020-04-15	0	0.1	26	9.5
2020-04-16	0	3.9	24	14
2020-04-17	0	6	26	12
2020-04-18	3	6.6	26	12
2020-04-19	1	4.9	27	11.5
2020-04-20	0	6.4	26	12
2020-04-21	0	7.9	26	13
2020-04-22	0	7	27	14
2020-04-23	5.5	5.5	26	13
2020-04-24	3	6	27	14
2020-04-25	3.5	0.7	22	13
2020-04-26	1.5	4.8	20	11
2020-04-27	0	7.2	23	14
2020-04-28	0	7.1	26	13
2020-04-29	0	4	25	12
2020-04-30	0	NULO	21	9
2020-05-01	3.5	3.6	23	7
2020-05-02	0	6.9	24	7
2020-05-03	0	8.8	26.5	7
2020-05-04	0	7.5	26	9
2020-05-05	0	8.1	27	9
2020-05-06	0	4.1	20	9.5
2020-05-07	7.5	4.4	20	8
2020-05-08	0	6.1	24	8
2020-05-09	11	3.7	21	8
2020-05-10	0	5.9	22	8
2020-05-11	1.5	3.8	22	10
2020-05-12	0	6.1	23	10
2020-05-13	0	5.5	24	13
2020-05-14	0	5.5	26	13
2020-05-15	0	4.3	25	14
2020-05-16	0	7.8	25	13
2020-05-17	0	6	24	11
2020-05-18	0	7.5	24	10
2020-05-19	0	10.2	27	9
2020-05-20	0	7	25	11
2020-05-21	0	5.1	26	14
2020-05-22	3	10.2	26	11
2020-05-23	2	5	27	10
2020-05-24	0	5.4	26	11
2020-05-25	0	8.8	27	11
2020-05-26	0	7.3	27	13
2020-05-27	0	5.4	23	12
2020-05-28	0	3.1	23	11
2020-05-29	0	3.5	21	6
2020-05-30	0	4.2	21	6
2020-05-31	0	NULO	19	6
2020-06-01	0	5.2	20	10
2020-06-02	0	5.3	23	12
2020-06-03	0	4.6	20	12
2020-06-04	0	5.6	21	12
2020-06-05	0	7	22	10
2020-06-06	0	3.4	24	8
2020-06-07	11.5	NULO	24	10
2020-06-08	0	NULO	23	10
2020-06-09	2	5.1	22	10
2020-06-10	0	4.8	22	10
2020-06-11	0	5.1	20	11
2020-06-12	0	5.4	18	10
2020-06-13	0	6.8	21	5
2020-06-14	0	7	23	4.5
2020-06-15	0	5.5	22	3
2020-06-16	0	4.3	23	3
2020-06-17	0	4.1	22	9
2020-06-18	0	5	23	9
2020-06-19	0	5.7	24	10
2020-06-20	0	6.9	24	10
2020-06-21	25	6.7	23	10
2020-06-22	3.5	NULO	24	10
2020-06-23	8.5	NULO	21	10
2020-06-24	1.5	4.1	21	10
2020-06-25	4	2.3	19	10
2020-06-26	11.5	NULO	19	11.5
2020-06-27	0	NULO	23	8
2020-06-28	0	5.4	23	10
2020-06-29	0	5.2	23	12
2020-06-30	2	NULO	22.5	12
2020-07-01	0	5.11	23	11
2020-07-02	0	7	23	8
2020-07-03	0	6.2	21	7
2020-07-04	0	5.9	22	8
2020-07-05	20	1.3	23	10
2020-07-06	7	1.5	22.5	10
2020-07-07	16.5	4.8	22	10
2020-07-08	16.5	6.6	22	11
2020-07-09	1	3.1	21	11
2020-07-10	0	6.05	21	7
2020-07-11	0	5.75	21	8
2020-07-12	0	4.2	22	9
2020-07-13	0	4.9	23	9
2020-07-14	0	5.9	24	10
2020-07-15	0	2.8	22	9
2020-07-16	0	7.7	23	9
2020-07-17	6	5	22	10
2020-07-18	0	5.5	21.5	9
2020-07-19	22	4.4	23	9
2020-07-20	1	3.9	24	8
2020-07-21	0	6.1	23	8
2020-07-22	0	5.8	24	8.5
2020-07-23	9	5.59	22	8
2020-07-24	5	1.61	23	9
2020-07-25	1	2	22	9
2020-07-26	2	5.5	22	11
2020-07-27	14	3.64	22	12
2020-07-28	14	2.86	20	11
2020-07-29	1.5	2.7	20	11
2020-07-30	0	3.9	21	9
2020-07-31	16	NULO	21	10
2020-08-01	3.6	3.2	19	10
2020-08-02	4.3	7.6	20	11
2020-08-03	0.5	3.7	22	9.5
2020-08-04	0	3.4	22	11
2020-08-05	0	5.6	22	8
2020-08-06	0	6.8	20	8.5
2020-08-07	3.5	4.7	18	9
2020-08-08	42	4.2	18	12
2020-08-09	2	3.8	19	11
2020-08-10	0	1.3	19	10
2020-08-11	0	6.7	20	9
2020-08-12	4	3.3	20	11.5
2020-08-13	0	6.6	22	8
2020-08-14	0	1.7	20	9
2020-08-15	0	5.4	20	7
2020-08-16	0	3.5	19	9
2020-08-17	0	4.1	20	7.5
2020-08-18	0	4.2	19	8
2020-08-19	6	1.5	19	8
2020-08-20	0	2.3	22	12
2020-08-21	11	6.7	23	9
2020-08-22	0	4.5	22	8
2020-08-23	0	3.9	21	9
2020-08-24	0.5	3.3	17	7
2020-08-25	0	1.5	18	12
2020-08-26	0	4.3	20	12
2020-08-27	17.5	5.4	23	12
2020-08-28	0	3.8	21	10
2020-08-29	0	2.4	21	11
2020-08-30	0	6.6	22	11
2020-08-31	0	NULO	21	13
2020-09-01	0	3.9	23	11
2020-09-02	0	7.1	23	9
2020-09-03	1.5	5.5	19	7.5
2020-09-04	1.5	0.5	15	11
2020-09-05	6.5	1	17	11
2020-09-06	6	2.5	17	12
2020-09-07	0	5	20	12
2020-09-08	24.5	4.5	21	13
2020-09-09	8	NULO	21	12
2020-09-10	3.5	NULO	20	12
2020-09-11	0	4.2	18	11
2020-09-12	0	1.5	20	10
2020-09-13	0	4.4	19	9.5
2020-09-14	1	1.4	17	9.5
2020-09-15	5	1.2	22	10
2020-09-16	2	4.2	19	11
2020-09-17	1.5	3.1	19	11
2020-09-18	2	1.2	15	12
2020-09-19	0	0.2	15	10.5
2020-09-20	0	3.4	19	9
2020-09-21	0	2.4	19	11
2020-09-22	0.5	2.7	21	9
2020-09-23	1.5	2.5	20	8
2020-09-24	9	3.2	18	9.5
2020-09-25	4.5	2.1	18	11
2020-09-26	0	1	17.5	9.5
2020-09-27	28	NULO	22	8.5
2020-09-28	23	NULO	22	9
2020-09-29	1.5	0.8	10.5	8
2020-09-30	0	NULO	18	3.5
2020-10-01	0	6.2	17	6.5
2020-10-02	0	4	17	3
2020-10-03	0	5.6	17	1
2020-10-04	0	4.7	16	7
2020-10-05	0	6.4	15	4
2020-10-06	0	4.6	18	2
2020-10-07	0	6.5	22	3.5
2020-10-08	0	4.1	22	6
2020-10-09	0	3.9	21.5	9
2020-10-10	0	5.4	23.6	8
2020-10-11	0	3.1	23	9
2020-10-12	9.5	2.5	21	9
2020-10-13	0	5.7	19	9
2020-10-14	0	5	20	6
2020-10-15	0	2.6	21	7.5
2020-10-16	2.5	2.3	21	5
2020-10-17	0	3.9	19	4
2020-10-18	0	5.4	21	8
2020-10-19	0	4	19	6
2020-10-20	0	4.7	20	7
2020-10-21	0	6.4	21	5
2020-10-22	0	6.6	23.5	6
2020-10-23	0	5.6	22	5
2020-10-24	0	5.2	19	5
2020-10-25	0	6.5	22	4
2020-10-26	0	5.8	23	6
2020-10-27	0	4.2	19	9
2020-10-28	0	4.3	24	7
2020-10-29	0	4.7	20	8
2020-10-30	0	4.3	20	8.5
2020-10-31	0	NULO	23.5	8.5
2020-11-01	0	2.7	16	7.5
2020-11-02	0	3.1	20	4
2020-11-03	0	3.2	12.5	6
2020-11-04	0	5	19	-1
2020-11-05	0	4	19	0
2020-11-06	0	3.3	21	3.5
2020-11-07	0	5.1	22	8
2020-11-08	0	4.7	23	8
2020-11-09	0	7.8	23	8
2020-11-10	0	6.7	23	8
2020-11-11	0	NULO	25	8.5
2020-11-12	0	NULO	20	8
2020-11-13	0	5	23.5	6
2020-11-14	0	NULO	24	8
2020-11-15	1.5	NULO	20	8
2020-11-16	0.5	1.9	14	6
2020-11-17	5	1.2	12.5	8
2020-11-18	0	0.8	11	4
2020-11-19	0	4.4	15	4
2020-11-20	0	1	14	7
2020-11-21	0	0.9	14	10.5
2020-11-22	0	5	17	3
2020-11-23	0	6.1	18	1
2020-11-24	0	4.8	22	6.5
2020-11-25	0	7.2	21	7.5
2020-11-26	0	6.4	22	7.5
2020-11-27	0	7.7	22	8
2020-11-28	0	5.6	24	8
2020-11-29	0	4.1	23	7
2020-11-30	0	NULO	23	7
2020-12-01	0	3.2	19	5
2020-12-02	0	2.7	20	6.5
2020-12-03	0	3.8	18	7
2020-12-04	0	3.6	19	8
2020-12-05	0	4.5	20	10
2020-12-06	0	3.5	20	7
2020-12-07	0	4	20	6
2020-12-08	0	1.4	23	6
2020-12-09	0	5.4	18	4
2020-12-10	0	4.7	23	7
2020-12-11	0	4.6	23	8.5
2020-12-12	0	5.2	21	8.5
2020-12-13	0	3.6	23	9
2020-12-14	0	6.7	20	7
2020-12-15	0	4	23	7
2020-12-16	0	3.7	16	7
2020-12-17	0	2	16.5	8
2020-12-18	0	4	21	6.5
2020-12-19	0	2	19	7
2020-12-20	0	2.8	21	6
2020-12-21	0	3.8	20	7
2020-12-22	0	2.7	21	7
2020-12-23	0	5.7	22	8
2020-12-24	0	2.9	21	7
2020-12-25	0	3.1	18	7
2020-12-26	0	3.8	19	2
2020-12-27	0	4.7	18	5
2020-12-28	0	5.2	17	3
2020-12-29	0	4.3	22.5	3
2020-12-30	0	4.8	16	7
2020-12-31	0	NULO	18	5
2021-01-01	0	NULO	19	5
2021-01-02	0	NULO	21	6
2021-01-03	0	5	23	9
2021-01-04	0	6	21	5
2021-01-05	0	4.4	21	5
2021-01-06	1	5.1	21	8
2021-01-07	0	1.7	25	5
2021-01-08	0	4.3	17	5
2021-01-09	14	4.1	17.5	5
2021-01-10	0	2.8	16	7.5
2021-01-11	0	3.6	13	5
2021-01-12	0	NULO	17	6
2021-01-13	0	NULO	19	6
2021-01-14	0	5.2	19	7
2021-01-15	0	3.8	21	7
2021-01-16	11.5	2.4	19	7
2021-01-17	0	5.3	18	8
2021-01-18	0	3.8	19	5
2021-01-19	0	NULO	19	6
2021-01-20	2.5	NULO	19	6
2021-01-21	0	3.3	23	5
2021-01-22	0	4.6	21	7
2021-01-23	0	2.3	21.5	10
2021-01-24	0	4.5	22	10
2021-01-25	0	5.2	24	10
2021-01-26	0	5	25	11
2021-01-27	0	4.1	20	11
2021-01-28	0	4.9	20	7
2021-01-29	0	7.3	19	6
2021-01-30	0	NULO	22	5
2021-01-31	0	NULO	19	5
2021-02-01	0	4	12.5	6
2021-02-02	0	5	21	0.5
2021-02-03	0	6.5	21	4
2021-02-04	0	7	24	6.5
2021-02-05	0	6.9	24	8.5
2021-02-06	0	6.6	25	8
2021-02-07	0	7.2	23	11
2021-02-08	0	6.6	24.5	9
2021-02-09	0	5	20	6.5
2021-02-10	0.5	2.8	20.5	8
2021-02-11	0	5.7	19	7
2021-02-12	0	5.6	18	7.5
2021-02-13	0	7.1	19	5
2021-02-14	0	8.1	19	5
2021-02-15	0	9.6	20	5
2021-02-16	0	8.6	22	6
2021-02-17	0	7.9	23	7.5
2021-02-18	0	8.7	25	7
2021-02-19	0	6.2	25	6
2021-02-20	0	6.2	22	6
2021-02-21	0	7.1	25	6
2021-02-22	0	6.6	21	7
2021-02-23	0	7.3	22	4.5
2021-02-24	0	7.1	22	6
2021-02-25	0	6.6	24	7
2021-02-26	0	7	27	7
2021-02-27	0	7.6	26	9
2021-02-28	0	NULO	28	10
2021-03-01	0	10.5	26	10
2021-03-02	0	4.8	26	10
2021-03-03	0	8	24	9
2021-03-04	0	10.1	25	10
2021-03-05	0	9.3	26	9.5
2021-03-06	0	4.8	21	6.5
2021-03-07	0	7.5	26	8
2021-03-08	0	6.4	26	8
2021-03-09	0	7.6	24	5
2021-03-10	0	8.2	23	5
2021-03-11	0	8.1	24	5
2021-03-12	0	8.7	25	9
2021-03-13	0	8	27	16
2021-03-14	0	6.6	25	12.5
2021-03-15	0	4.8	27	13
2021-03-16	0	8.8	26	11
2021-03-17	1.5	5.1	25	9
2021-03-18	0	4.8	24	5
2021-03-19	0	4.7	19	5
2021-03-20	0	6.4	22	7
2021-03-21	0	6.7	22	7
2021-03-22	0	7.7	23	7
2021-03-23	0	9.1	27	8
2021-03-24	0	11	26	9
2021-03-25	0	8.7	26	9
2021-03-26	0	8	27	12
2021-03-27	0	9.3	27	11.5
2021-03-28	0	6.6	29	11
2021-03-29	0	4.8	25	9
2021-03-30	0	9.1	23	9
2021-03-31	0	NULO	24	10
2021-04-01	0	0.4	13	8
2021-04-02	0	3.4	18	8
2021-04-03	0	7.7	22	3
2021-04-04	0	6.5	21	3
2021-04-05	0	5.4	24	5
2021-04-06	10.5	6.5	24	9
2021-04-07	0	6.4	24	7
2021-04-08	0	6.8	25.5	8
2021-04-09	0	9.2	22	10
2021-04-10	0	7	27	10
2021-04-11	0	6.7	26	13.5
2021-04-12	0	7.6	24.5	13
2021-04-13	0	2.3	24	12
2021-04-14	5	5.4	25	9
2021-04-15	0	2.9	25	9
2021-04-16	0	10.2	27.5	13
2021-04-17	3	5.5	28	15
2021-04-18	0	7.7	26	12
2021-04-19	0	10.3	26	12.5
2021-04-20	0	7	26.5	12
2021-04-21	0	7	24	8
2021-04-22	0	4.8	24	10
2021-04-23	0	8.2	26	14
2021-04-24	0	6.6	25	12
2021-04-25	0	7.1	25	10
2021-04-26	0	7.4	27	13
2021-04-27	0	8.7	28	14
2021-04-28	0	5.3	27	14
2021-04-29	1	6	26	13
2021-04-30	0	NULO	24	11
2021-05-01	7	3.8	23	14
2021-05-02	0.5	7.2	24	11
2021-05-03	0	8.3	25	14
2021-05-04	0	6.9	24	12
2021-05-05	0	6.5	21	11
2021-05-06	0	6.4	20	10
2021-05-07	0	7.9	19	11
2021-05-08	0.5	4.1	23	9
2021-05-09	0	5.9	26.5	16
2021-05-10	4	3.2	25	11.5
2021-05-11	12.5	4.6	22	12
2021-05-12	18.5	6.1	22	12
2021-05-13	2	0.9	13	12
2021-05-14	0	4.7	18	12
2021-05-15	9	4.8	22	11
2021-05-16	18	7.8	23	10
2021-05-17	2	5.4	22	11.5
2021-05-18	8.5	7.3	23	10
2021-05-19	0	7.2	23	11
2021-05-20	0	7	23	11
2021-05-21	0	7	19	9
2021-05-22	0	7	23	7
2021-05-23	0	6	23	8
2021-05-24	0	3.3	22	9
2021-05-25	0	5.4	24	11
2021-05-26	0	7.3	23	10
2021-05-27	0	7	24	7
2021-05-28	1	4.3	25	12
2021-05-29	2.5	6	24	11
2021-05-30	0	6.4	23	8
2021-05-31	23	NULO	23	9
2021-06-01	0	6.7	23	11
2021-06-02	31.5	4.8	22	11
2021-06-03	10.5	3.2	19	10
2021-06-04	10.5	2.8	19	11
2021-06-05	0	2.4	19	12
2021-06-06	0	5.3	21	12
2021-06-07	0	8.3	24	10
2021-06-08	0	5.7	25	10
2021-06-09	0	6.7	23	12.5
2021-06-10	0	6.1	20	8
2021-06-11	1	0.7	16	9
2021-06-12	2.5	3.3	17	11
2021-06-13	15.5	2.8	19	12
2021-06-14	8.5	2	20	12
2021-06-15	4.5	2.7	16	11
2021-06-16	0	5.8	19	10
2021-06-17	2	2.5	17	11
2021-06-18	17.5	3.9	18.5	10
2021-06-19	0	2.7	20	13
2021-06-20	3	5.2	23	13
2021-06-21	18.5	8.4	24	12
2021-06-22	30	0.5	21.5	13
2021-06-23	1	1.4	20	11
2021-06-24	18	7.6	20	11
2021-06-25	21	4	18	12
2021-06-26	0.5	3.9	19	11
2021-06-27	17	5.2	19	11
2021-06-28	11	1.6	16	11.5
2021-06-29	26	5.9	19	12
2021-06-30	10	NULO	16	11
2021-07-01	0.5	3.6	18	12
2021-07-02	6	1.2	18	12
2021-07-03	5.5	2.5	19	12
2021-07-04	4.5	4.5	21	11
2021-07-05	0	3.2	21	11
2021-07-06	4	3	20	11
2021-07-07	10	3	21	12
2021-07-08	8	NULO	20	12
2021-07-09	0	NULO	21	14
2021-07-10	0	6.4	21	12
2021-07-11	0	5.6	21	7.5
2021-07-12	0	4.7	21	7.5
2021-07-13	0	3.8	19	10
2021-07-14	0	4.7	17	7
2021-07-15	3	1.8	18	12
2021-07-16	4.5	4.9	21	12
2021-07-17	0	4.3	18	10
2021-07-18	0	5.9	19	7.5
2021-07-19	0	5.8	21	9
2021-07-20	1	1.3	22	10.5
2021-07-21	14	6.7	20	10
2021-07-22	0	5.8	21	9
2021-07-23	0	5.2	20	7
2021-07-24	0	5.2	25	7
2021-07-25	0	7.6	22.5	10
2021-07-26	0	5.6	22	9
2021-07-27	0	7.6	22	8
2021-07-28	0	2	21	9
2021-07-29	0	6	20	9.5
2021-07-30	0	4.7	18	12
2021-07-31	2	NULO	21.5	8
2021-08-01	0	2.7	21.5	9
2021-08-02	8	3.1	20	9.5
2021-08-03	33.5	3.1	18.5	12
2021-08-04	2	1.8	19	10
2021-08-05	0	2.6	20	10
2021-08-06	0	4.4	19.5	10
2021-08-07	0	5.2	21.5	10
2021-08-08	16	5	20	11
2021-08-09	0	5.5	20	9
2021-08-10	0	5.4	20.5	8
2021-08-11	0	4.4	21	9
2021-08-12	3	4.2	19	8.5
2021-08-13	0	3.1	21	9
2021-08-14	0	7.1	19	9
2021-08-15	0	4.9	21	11
2021-08-16	0	3.1	21	9
2021-08-17	0	3.3	20	10
2021-08-18	17.5	2.5	22	10
2021-08-19	0	8	21	11
2021-08-20	73	6.4	16	9
2021-08-21	11	2.6	17	10
2021-08-22	0	4.4	17.5	12
2021-08-23	0	4.3	16	9
2021-08-24	0	2.3	16.5	12
2021-08-25	4	2	16	12.5
2021-08-26	1	5.5	17	10
2021-08-27	0	3.9	18	8
2021-08-28	0	3.3	19	13
2021-08-29	18	3.2	22	13
2021-08-30	3.5	1.6	19	13
2021-08-31	48	NULO	20	13
2021-09-01	55.5	NULO	17	13
2021-09-02	12.5	NULO	18	12.5
2021-09-03	3.5	NULO	17	13
2021-09-04	0	3.4	21	10
2021-09-05	18.5	3.6	19	11
2021-09-06	17	1.7	18.5	13
2021-09-07	17.5	4.1	19	11
2021-09-08	18	3.2	18	10
2021-09-09	0	5	18	9
2021-09-10	0	4.4	18	11
2021-09-11	0	3.6	17	7.5
2021-09-12	1	3.5	17	12
2021-09-13	2	3.5	19	12
2021-09-14	0	4	20	12
2021-09-15	2	2.6	22	11
2021-09-16	0.5	3.4	21	12
2021-09-17	0	3.5	22	13
2021-09-18	17.5	6.5	19	12
2021-09-19	11	3	19	13
2021-09-20	1	4	22	10
2021-09-21	0	6.8	22	11
2021-09-22	1.5	3.7	17	11
2021-09-23	0	3	17	11
2021-09-24	0	4.4	20	9
2021-09-25	0	5.6	19	9
2021-09-26	0.5	2.2	19	9
2021-09-27	6	3.5	21	12
2021-09-28	24.5	5.3	19	10
2021-09-29	17	5.7	20	11
2021-09-30	3.5	NULO	20	10
2021-10-01	10.5	7.7	22	11
2021-10-02	0	2.1	20	13
2021-10-03	0	5.9	19	10
2021-10-04	0	5	19	10
2021-10-05	4	2	19	11
2021-10-06	0	2.9	17	10
2021-10-07	0	5.3	19	9
2021-10-08	0	4.8	20	8
2021-10-09	0	4.5	22.5	9
2021-10-10	0	6.5	26	11
2021-10-11	0	NULO	24	12
2021-10-12	0	NULO	25	12
2021-10-13	0	8	20	10
2021-10-14	0	5.7	23	12
2021-10-15	0	5	22	10
2021-10-16	2.5	8.8	16	11
2021-10-17	0.5	0.5	15	11
2021-10-18	0	0.5	19	7.5
2021-10-19	0	3.8	24	9
2021-10-20	0	2.7	20	10
2021-10-21	0	2.6	16	11
2021-10-22	0	1.1	17	13
2021-10-23	49	NULO	21	8.5
2021-10-24	7	NULO	19	11.5
2021-10-25	0	NULO	21	10
2021-10-26	0	3.7	22	14
2021-10-27	0.5	5.9	24.5	12.5
2021-10-28	1.5	6.8	20	10
2021-10-29	0	0.3	20	10
2021-10-30	0	10	21	9
2021-10-31	0	NULO	20	8
2021-11-01	0	6.8	19	9
2021-11-02	0	5.5	18	8
2021-11-03	0	6.1	22	6.5
2021-11-04	0	2.6	19	8
2021-11-05	0	4.1	18	5
2021-11-06	0	4.2	18	5
2021-11-07	0	5.1	19	5.5
2021-11-08	0	6.4	20	7.5
2021-11-09	0	4.2	20	5
2021-11-10	0	7	22	7
2021-11-11	0	4.6	19	8
2021-11-12	0	4.4	16	5.5
2021-11-13	0	3.4	13	6
2021-11-14	0	4.3	16	4
2021-11-15	0	5	16	4.5
2021-11-16	0	3.5	20	5
2021-11-17	0	5.7	21	7.5
2021-11-18	0	3.7	19	7.5
2021-11-19	0.5	1.9	15	10
2021-11-20	0	2.7	18	6
2021-11-21	0	2.7	18	8
2021-11-22	0	2.5	16	8
2021-11-23	1	3.8	16.5	10
2021-11-24	0	3.1	22	8
2021-11-25	0	3.9	18	9
2021-11-26	0	2.9	18	10
2021-11-27	0	4.4	21	7.5
2021-11-28	0	2.5	18	7.5
2021-11-29	0	4.7	21	6
2021-11-30	0	NULO	21	7
2021-12-01	0	5.8	18	8
2021-12-02	0	4.3	18	9
2021-12-03	0	4.1	20	6
2021-12-04	0	4	19	6
2021-12-05	0	5.2	22	7.5
2021-12-06	0	3	21	8
2021-12-07	0	5.4	23	7
2021-12-08	0	4.4	21	9
2021-12-09	0	5.4	21	10
2021-12-10	0	5.7	23	8
2021-12-11	0	6.1	20	7
2021-12-12	0	3.9	19.5	10
2021-12-13	0	3.6	20	7
2021-12-14	0	3.8	20	7
2021-12-15	0	6.5	22	7
2021-12-16	0	4.2	21	8
2021-12-17	0	3.1	20	8
2021-12-18	6	2.5	18	9
2021-12-19	2	5.5	19	8
2021-12-20	0	NULO	16.5	10
2021-12-21	0	NULO	19	7
2021-12-22	0	2.2	20	5
2021-12-23	0	5.2	21	6
2021-12-24	0	4.7	22	8
2021-12-25	0	6.5	22	7
2021-12-26	0	5.5	22	7
2021-12-27	0	7.2	25	8
2021-12-28	0	6.7	22	7
2021-12-29	0	5.5	21	7
2021-12-30	0	NULO	24	7
2021-12-31	0	NULO	23	7
2022-01-01	0	5.7	23	8
2022-01-02	0	3.8	18	8
2022-01-03	0	4.2	21	3
2022-01-04	0	5.8	22	7.5
2022-01-05	0	6	24	9
2022-01-06	1	3.6	22	9
2022-01-07	0	4	22	8
2022-01-08	0	3.6	19	8
2022-01-09	0	5.7	19	8
2022-01-10	0	2.1	11	8
2022-01-11	0	0.4	15	7
2022-01-12	0	5.4	19	5
2022-01-13	6	NULO	16	5
2022-01-14	0	NULO	20	6
2022-01-15	0	3.5	19	6.5
2022-01-16	0	4.1	19	5
2022-01-17	0	2	17	8
2022-01-18	0	3.3	19	6.5
2022-01-19	0	4.3	20	7
2022-01-20	0	3	19	7
2022-01-21	1.5	3.5	16	9
2022-01-22	0	NULO	18	9
2022-01-23	0	NULO	21	7
2022-01-24	0	5.4	19	10
2022-01-25	0	3	19	9
2022-01-26	0	5.3	21	9.5
2022-01-27	0	4.1	20	9
2022-01-28	0	4	20	8
2022-01-29	0	3.6	19	3
2022-01-30	0	4.9	19	8
2022-01-31	0	NULO	19	8
2022-02-01	0	6.7	21	8
2022-02-02	0	4.6	22	10
2022-02-03	0	3.1	21	9
2022-02-04	2.5	6.3	21	9
2022-02-05	0.5	1.6	22	9
2022-02-06	1.5	4.7	21	6.5
2022-02-07	0.5	0.5	16	7
2022-02-08	2.5	1.9	16	7
2022-02-09	0	4.5	17	5
2022-02-10	0	4.9	17	5
2022-02-11	0	7.9	18	7
2022-02-12	0	2	19	6.5
2022-02-13	0	2.8	16	5
2022-02-14	2	3.3	18	6
2022-02-15	3	4.5	19	7
2022-02-16	0	4.2	20	7
2022-02-17	0	8.2	23	7
2022-02-18	0	5.5	24	9
2022-02-19	0	4.6	21	10
2022-02-20	0	4.6	21	10
2022-02-21	0	7.5	25	10
2022-02-22	0	8.8	23	11
2022-02-23	0	10.4	23	10
2022-02-24	0	7.1	24	8
2022-02-25	0	4.2	20	7
2022-02-26	0	6.3	22	8
2022-02-27	0	6.7	19	8
2022-02-28	0	NULO	19	2.5
2022-03-01	0	6.3	20	7
2022-03-02	0	8.1	24	7
2022-03-03	0	8.3	24	7
2022-03-04	0	8.3	24	7
2022-03-05	0	7.1	25	9
2022-03-06	3	6	23	10
2022-03-07	0	6.3	21	11
2022-03-08	0	6.8	22	11.5
2022-03-09	0	9.6	23	12
2022-03-10	0	9.6	24	11
2022-03-11	0	8.3	26	10
2022-03-12	0	4.3	22.5	8
2022-03-13	0	8.3	24	6
2022-03-14	5	4.8	23	11
2022-03-15	1	3.8	19	10
2022-03-16	19	5.5	22	9
2022-03-17	0.5	5.2	22	11
2022-03-18	0	4.9	24	10
2022-03-19	0	3.1	21	10
2022-03-20	0	4.9	22	10
2022-03-21	0	6.1	23	12
2022-03-22	0	6.4	19	11
2022-03-23	0	8	23	12
2022-03-24	0	6.5	23	10.5
2022-03-25	0	6.9	20	6
2022-03-26	0	7.4	21	7
2022-03-27	0	7.8	23	6
2022-03-28	0	9.4	23	10
2022-03-29	0	8.8	27	11
2022-03-30	0	11.8	29	14
2022-03-31	0	NULO	29	12
2022-04-01	0	9.7	27.5	12
2022-04-02	0	8.3	27	13
2022-04-03	0	8.7	27	11.5
2022-04-04	0	9.3	27	14
2022-04-05	0	9.2	26	14
2022-04-06	0	10.1	28	11.5
2022-04-07	0	5	16	12
2022-04-08	0	4.9	21	8
2022-04-09	11	4.1	21	9
2022-04-10	17.5	7.9	24	10
2022-04-11	20	6.7	25	11
2022-04-12	0	3.9	22	13
2022-04-13	0	4.9	26	12
2022-04-14	0	6	23	12.5
2022-04-15	0	5.9	26	15
2022-04-16	0	9.2	25.5	14
2022-04-17	0	10.2	28.5	13
2022-04-18	0	6.9	26	13
2022-04-19	0	5.9	24	11
2022-04-20	0	NULO	22	13
2022-04-21	10	NULO	23	12.5
2022-04-22	0	7.8	21	12
2022-04-23	0	NULO	24	10
2022-04-24	0	NULO	25	11
2022-04-25	0	6.6	24	9
2022-04-26	3	4.4	16	11
2022-04-27	0	7.1	20	6.5
2022-04-28	0	3.7	23	10
2022-04-29	0	7	26	12
2022-04-30	0	NULO	26	14
2022-05-01	5	2.9	22	15
2022-05-02	0	8.9	26	14
2022-05-03	0	7.6	25	14
2022-05-04	0	8.7	27	12
2022-05-05	0	7.3	27	15
2022-05-06	0	7	26	14
2022-05-07	0	5.6	26	13
2022-05-08	0	5.8	27	14
2022-05-09	0	10.6	27	13
2022-05-10	0	7.7	25	12
2022-05-11	0	5.4	20	11.5
2022-05-12	0	6.8	22	6
2022-05-13	0	11.6	26	7
2022-05-14	0	9.7	27	8
2022-05-15	0	10.7	24	10
2022-05-16	0	9	24	7
2022-05-17	0	10	22.5	10
2022-05-18	0	9	25	12
2022-05-19	0	8.7	27	14
2022-05-20	0	8.3	28	14
2022-05-21	0	6	27	17
2022-05-22	0	4.8	24	14
2022-05-23	0	4.2	25	12
2022-05-24	10.5	3.9	25	12
2022-05-25	0	9.4	25	11
2022-05-26	0	7.6	22	10
2022-05-27	0	7	21	12
2022-05-28	0	6	22	12
2022-05-29	3	6.6	24	11
2022-05-30	0	4.4	23	14
2022-05-31	0	NULO	23	11
2022-06-01	0	6.5	20	11
2022-06-02	0	3.5	20	12
2022-06-03	0	7.9	22	8
2022-06-04	0	7.7	24	9
2022-06-05	0	10.3	25	11
2022-06-06	0	10	26	12.5
2022-06-07	0	9	27	12
2022-06-08	8.5	5.8	23	13
2022-06-09	1.5	3.7	20	13
2022-06-10	0	5.5	22.5	9
2022-06-11	0	6	22	11
2022-06-12	0	5.7	21	11
2022-06-13	0	5.3	20	12
2022-06-14	2	2.6	18	11
2022-06-15	0	4.1	18	14
2022-06-16	0	7.3	19	12
2022-06-17	1.5	6	19	8.5
2022-06-18	0	4	19	11
2022-06-19	0	2.2	17.5	11
2022-06-20	3.5	4.6	18	9
2022-06-21	60	13.2	18	10
2022-06-22	2	1.9	17	12
2022-06-23	0	5.1	19	10
2022-06-24	0	3.8	21	9
2022-06-25	7.5	4.7	21	11.5
2022-06-26	0	7	21	10
2022-06-27	2	4	19	13
2022-06-28	0	6.6	20	12
2022-06-29	0	7	22	9
2022-06-30	0	NULO	22	9
2022-07-01	0	4	24	12
2022-07-02	0	6.6	23	13
2022-07-03	0	7.9	23	10
2022-07-04	1	2.5	19	13.5
2022-07-05	0	5	21.5	11.5
2022-07-06	0	9.7	21	10
2022-07-07	0	8.3	22	12
2022-07-08	0	6	21.5	12
2022-07-09	22	7.2	22	10
2022-07-10	0	3.8	22	12.5
2022-07-11	0	1.9	21	12
2022-07-12	16.5	1.9	21	11
2022-07-13	0	4.7	21	12
2022-07-14	3	4	21	11
2022-07-15	16.5	1.5	18	12
2022-07-16	1.5	1.7	19	10
2022-07-17	4	7.5	21.5	10
2022-07-18	0	6.2	19	11
2022-07-19	0	6.7	22	10
2022-07-20	0	3	21	9
2022-07-21	0	4.2	21	10
2022-07-22	0	6.5	23	11
2022-07-23	13.5	5.2	21	11
2022-07-24	0.5	4.2	21	9
2022-07-25	1	4.3	20	9
2022-07-26	8	3	21.5	11
2022-07-27	56	8	20	11
2022-07-28	1	1.6	18	10
2022-07-29	0	3.9	18	11
2022-07-30	0	7.5	19	9
2022-07-31	0	NULO	18	9
2022-08-01	0	2	18	11
2022-08-02	5	2.8	19	11
2022-08-03	0	5.1	23	9
2022-08-04	0	7.1	21	12
2022-08-05	0	5.9	21	10
2022-08-06	0	5.4	20	10
2022-08-07	0	5	19	11
2022-08-08	0	4.7	18	11
2022-08-09	2	3.5	19	11
2022-08-10	0	3.5	20	10
2022-08-11	0	7	22	9.5
2022-08-12	0	2.3	22	10
2022-08-13	31.5	5.5	22	10
2022-08-14	6.5	3.7	19	10
2022-08-15	5.5	4.8	20	12
2022-08-16	13	2.9	22	11
2022-08-17	11	3.3	20	11.5
2022-08-18	0	6	20	11
2022-08-19	0	5	20	10
2022-08-20	12	3	20	13
2022-08-21	0	6.3	21	14
2022-08-22	1.5	3.8	22	11
2022-08-23	0	1.4	21	12
2022-08-24	0	3	21	10
2022-08-25	8	7	20	11
2022-08-26	0	2	20	13
2022-08-27	0	2	22	13
2022-08-28	0	3.8	23.5	12
2022-08-29	30	4.8	19	12
2022-08-30	5	1.4	19	12
2022-08-31	0	NULO	20	12
2022-09-01	0	5.5	19	10
2022-09-02	0	2.7	18	13
2022-09-03	6.5	2.5	19	14
2022-09-04	0	4	18	12
2022-09-05	20	4.8	20	14
2022-09-06	10.5	3.4	20	13
2022-09-07	1.5	3.3	20	14
2022-09-08	0	2.5	18	13.5
2022-09-09	0	5.3	21	9
2022-09-10	0	7.4	21.5	10
2022-09-11	0	5.6	20	12
2022-09-12	1	4.7	17	12
2022-09-13	0	4	19	12
2022-09-14	0	2.9	17	11.5
2022-09-15	0	4.1	18	12
2022-09-16	1	2.6	17	13
2022-09-17	0	3.7	18	12
2022-09-18	0	3.1	19	14
2022-09-19	0	6.6	19	13.5
2022-09-20	0	4	18	13
2022-09-21	0	5	19	9
2022-09-22	0	5	17	11
2022-09-23	0	3.8	18	12
2022-09-24	0	4.1	21	10
2022-09-25	0	2.8	19	11
2022-09-26	2	3.3	17	14
2022-09-27	0	1.4	15	11
2022-09-28	0	2.8	16	12
2022-09-29	0	2	13	9
2022-09-30	0	NULO	18	6.5
2022-10-01	0	5.7	20	8
2022-10-02	0	6.4	21	8
2022-10-03	0	4.2	20	6
2022-10-04	3	2.8	19	10
2022-10-05	3	2	17	13
2022-10-06	0	4	17	14
2022-10-07	0	3.2	17.5	8
2022-10-08	0	2.6	14	12.5
2022-10-09	1	1.2	14	12
2022-10-10	0.5	1.5	13.5	11
2022-10-11	1.5	1	17	13
2022-10-12	0	5.1	21	12
2022-10-13	0	5.2	20	9
2022-10-14	0	5	21	10
2022-10-15	0	5	23	9
2022-10-16	0	4.3	24	10
2022-10-17	0	3.6	23	13
2022-10-18	0	1	16	14
2022-10-19	0	4.3	13	11
2022-10-20	0	1.5	19	8
2022-10-21	0	4.1	21	10
2022-10-22	0	5.4	24	10
2022-10-23	0	4.7	21	12
2022-10-24	2	4.7	26	13.5
2022-10-25	0	3.2	20	12.5
2022-10-26	0	5.4	23	14
2022-10-27	1	3.9	24	14
2022-10-28	1.5	4.2	26	14
2022-10-29	3	3.4	21	14
2022-10-30	0	4.3	20	13
2022-10-31	0	NULO	20	13
2022-11-01	0	6	22	12
2022-11-02	0	4.8	22	11
2022-11-03	0	5.5	23	11
2022-11-04	3	1.7	22.5	9
2022-11-05	0	5	23	11
2022-11-06	0	4	22	11
2022-11-07	0	4.8	19	6
2022-11-08	0	4.7	17	8
2022-11-09	0	4.2	18	7.5
2022-11-10	0	6.3	21	8
2022-11-11	0	3.9	25	9.5
2022-11-12	0	3.6	18	10
2022-11-13	0	4	23	9
2022-11-14	0	4.7	23	12
2022-11-15	0	4.9	19	12
2022-11-16	0	5	20	11
2022-11-17	0	3.5	18	8
2022-11-18	0	7.3	20	10
2022-11-19	0.5	0.3	23	12
2022-11-20	0	4	20	10
2022-11-21	0	1.6	17	9
2022-11-22	0	4.8	20	10
2022-11-23	0	2.3	20	9
2022-11-24	0	2.9	19	12
2022-11-25	0	4.8	22	11
2022-11-26	1.5	NULO	23	12
2022-11-27	11	NULO	20	11
2022-11-28	3	2.7	19	11.5
2022-11-29	0	2.6	20	11
2022-11-30	0	NULO	18	11
2022-12-01	0	4.7	16	11
2022-12-02	0	3.4	22	8
2022-12-03	0	4.6	17	8
2022-12-04	0	3.8	17	6
2022-12-05	0	4.6	22	7.5
2022-12-06	0	5.2	21	10
2022-12-07	0	5.4	21	8.5
2022-12-08	0	5.3	21	6
2022-12-09	0	3.9	21	7
2022-12-10	0	4.4	21	7.5
2022-12-11	0	5.4	20	8
2022-12-12	0	5	21	8.5
2022-12-13	0	3.6	22	9.5
2022-12-14	0	5.4	23	9
2022-12-15	0	4.4	21	11
2022-12-16	0	4.3	21	9
2022-12-17	0	4.1	20	10
2022-12-18	0	4	23	7
2022-12-19	0	6.6	22	9
2022-12-20	0	4.3	18	9
2022-12-21	0	3.3	19	5
2022-12-22	0	5.8	20	9
2022-12-23	0	3.6	17	10
2022-12-24	4.5	2.5	17	8.5
2022-12-25	12.5	2.5	13	10
2022-12-26	0	2.4	15	8
2022-12-27	0	2.2	16	5
2022-12-28	0	5.1	18	6
2022-12-29	0	4.7	19	6
2022-12-30	1	2	16	7
2022-12-31	0	NULO	20	11
2023-01-01	0	3.7	20	9
2023-01-02	0	5	19	11
2023-01-03	0	4.7	21	11
2023-01-04	0	3.8	22	9
2023-01-05	0	5.2	24	7
2023-01-06	0	4.7	19	6
2023-01-07	0	5.3	20	7
2023-01-08	0	4	19	7
2023-01-09	0	4.8	21	5
2023-01-10	0	2.9	18	9
2023-01-11	1.5	0.2	19	8
2023-01-12	0	7.4	19	7
2023-01-13	0	5.2	15	4.5
2023-01-14	0	5	20	3
2023-01-15	0	4.1	21	6.5
2023-01-16	0	5.4	22.5	7
2023-01-17	0	6	23	8.5
2023-01-18	0	6.5	24	10
2023-01-19	0	4.6	24	10
2023-01-20	0	4.4	23	10
2023-01-21	0	6	24	10
2023-01-22	0	4.1	23	9
2023-01-23	0	5.1	23	8
2023-01-24	0	5.8	24	9
2023-01-25	0	4	23	9
2023-01-26	0	4.7	23	7
2023-01-27	0	5.2	22	6
2023-01-28	0	6.1	22	7
2023-01-29	0	7	22	9
2023-01-30	0	5.7	23	10
2023-01-31	0	NULO	24	8
2023-02-01	0	6	23	5
2023-02-02	0	5.9	23	6
2023-02-03	0	4.1	23	8
2023-02-04	0	5.9	22	3.5
2023-02-05	0	7.1	22	7
2023-02-06	0	6	22	5
2023-02-07	0	6.6	23	8
2023-02-08	0	3.4	21	8
2023-02-09	0	3.9	22	7
2023-02-10	0	3	20	10
2023-02-11	0	3.1	19	9
2023-02-12	0	5.9	22	8
2023-02-13	0	5.7	24	10
2023-02-14	0	6.8	23	12
2023-02-15	0	7.6	25	12
2023-02-16	0	6.4	26.5	12
2023-02-17	0	5.1	25	7
2023-02-18	0	5.1	25	8
2023-02-19	0	6.4	25	9
2023-02-20	0	7.2	24	10
2023-02-21	0	10	23	10
2023-02-22	0	6.3	22	10
2023-02-23	0	7.5	26	8
2023-02-24	0	7.9	24	8
2023-02-25	0	7.1	23	9
2023-02-26	0	7.9	24	12
2023-02-27	0	8.1	25	12
2023-02-28	0	NULO	28	13
2023-03-01	0	8.1	28	12
2023-03-02	0	7.1	27	12
2023-03-03	0	8	27	12
2023-03-04	0	8.1	27	11
2023-03-05	0	8.1	27	12
2023-03-06	0	9.1	26	12
2023-03-07	0	8.4	26	11
2023-03-08	0	6.6	25	9.5
2023-03-09	0	6.6	25	10
2023-03-10	0	9	25	10
2023-03-11	0	11.4	25	10
2023-03-12	0	3.6	25	12
2023-03-13	0	3.8	24	10
2023-03-14	2.5	5.7	23	10
2023-03-15	5.5	1.2	25	11
2023-03-16	0	4.3	19	10
2023-03-17	0	5	21	10
2023-03-18	2	4	19	11
2023-03-19	0	3.3	19	8
2023-03-20	0	5	21	9
2023-03-21	0	6.7	23	11
2023-03-22	0	9.1	24	12
2023-03-23	0	7.9	24	12
2023-03-24	1	7	28	12
2023-03-25	0	6	27	12
2023-03-26	7	6.8	26	12
2023-03-27	3	5.8	25	12
2023-03-28	0.5	5.9	23	12
2023-03-29	3	4.9	24	14
2023-03-30	0	7.1	25	11
2023-03-31	0	NULO	25	12
2023-04-01	0	7.2	27	12
2023-04-02	0	10.2	28	14
2023-04-03	0	7.7	29	15
2023-04-04	0	8.1	28	15
2023-04-05	0	6.5	25	13
2023-04-06	0	6	29	13
2023-04-07	1.5	6.2	27	13
2023-04-08	8.5	4.4	20	13
2023-04-09	2.5	4.9	22	12
2023-04-10	1.5	4.5	20	10
2023-04-11	1	5	19	13
2023-04-12	0	4.7	21	10
2023-04-13	12.5	7.4	22	12.5
2023-04-14	0	7.4	24	11
2023-04-15	0	7	24	11
2023-04-16	0	5.5	20	11
2023-04-17	0	5.2	23	11
2023-04-18	0	7.8	25	15
2023-04-19	5.5	7.5	26.5	15
2023-04-20	0	8.5	27	14
2023-04-21	1	5.7	26	14
2023-04-22	3	5.3	26	12
2023-04-23	0	8	25	15
2023-04-24	1	5.5	25	11
2023-04-25	0	9.8	27	15
2023-04-26	0	9.7	27	15
2023-04-27	3.5	4.5	27	13
2023-04-28	0	7.3	25	13
2023-04-29	0	6.7	22	12
2023-04-30	0	NULO	25	10
2023-05-01	0	7	26	14.5
2023-05-02	0	10	27	14
2023-05-03	0	8	25	15
2023-05-04	0	7	25	17
2023-05-05	0	7.4	26.5	14
2023-05-06	0	9.2	26	14
2023-05-07	0	6.4	27	13
2023-05-08	4.5	5.5	27	13
2023-05-09	0	7	26	12
2023-05-10	1.5	6.1	25	13
2023-05-11	7	7.9	26	13.5
2023-05-12	16	13.5	26	13
2023-05-13	26.5	10.7	24	14
2023-05-14	3	4.8	22	12
2023-05-15	0	6.3	21	10
2023-05-16	4.5	6.2	22	10
2023-05-17	16	5.6	23	10
2023-05-18	0	8.4	24	12
2023-05-19	0	4	22	12
2023-05-20	0	7.6	22	13
2023-05-21	0	6.2	24	12
2023-05-22	1	3.2	21	11
2023-05-23	1.5	5.5	25	11
2023-05-24	0	3.4	23	13
2023-05-25	0	6.9	24	11
2023-05-26	0	8.7	24	13
2023-05-27	0	8	25	14
2023-05-28	7	4	23	14
2023-05-29	8	4	22	14
2023-05-30	0	7	24	13
2023-05-31	0	NULO	26	12
2023-06-01	0	7	27	16
2023-06-02	0	8	27	15
2023-06-03	0	6.5	26	15
2023-06-04	0	8.1	27	16
2023-06-05	0	5.1	26	16
2023-06-06	6.5	0.8	25	15
2023-06-07	0	10.3	25	15
2023-06-08	0	6	26	14
2023-06-09	0	10.3	28	16
2023-06-10	0	8.7	27	15
2023-06-11	0	10.7	27	16
2023-06-12	0	10.4	28	16
2023-06-13	0	12.7	27	12
2023-06-14	0	10.7	27	15
2023-06-15	0	12.5	28.5	15
2023-06-16	0	9	28.5	17
2023-06-17	0	9.5	27.5	14
2023-06-18	0	10.3	28	14
2023-06-19	0	9.2	27	12
2023-06-20	0	11	27	13
2023-06-21	0	11.6	26	13
2023-06-22	0	10.4	24	15
2023-06-23	0	12	23	11
2023-06-24	1.5	7.5	23	15
2023-06-25	1.5	3.5	21	13
2023-06-26	0	5.5	26	13
2023-06-27	0	8	22	10
2023-06-28	0	4.5	20	11
2023-06-29	0	4	20	13
2023-06-30	1.2	NULO	22	15
2023-07-01	8	13	22	13
2023-07-02	0	NULO	23	14
2023-07-03	22	NULO	22	12
2023-07-04	0	4.4	23	13
2023-07-05	0	3.6	22	15
2023-07-06	23	5.4	20	12
2023-07-07	4	4.6	23	15
2023-07-08	0	6.4	23	14
2023-07-09	0	5	23	13
2023-07-10	20.5	8.5	22	14
2023-07-11	0	6	23	13
2023-07-12	2	5.5	23	15
2023-07-13	0	6.5	23	12
2023-07-14	0	5.4	23	13
2023-07-15	0	6	23	13
2023-07-16	0	7.6	24	11
2023-07-17	0	6.3	21	11
2023-07-18	0	7.7	23	10
2023-07-19	0	6.6	22	11
2023-07-20	0	8.4	23	10
2023-07-21	0	4.5	23	12
2023-07-22	0	5.1	21	12
2023-07-23	0	3.7	20	12
2023-07-24	0	2.3	24	13
2023-07-25	0	3.9	20	14
2023-07-26	0	7.5	22	9
2023-07-27	3	2.7	19	13
2023-07-28	12	2.3	21	12
2023-07-29	0	7	22	15
2023-07-30	0	1.2	17	14
2023-07-31	0	NULO	21	14
2023-08-01	0	5.3	22	15
2023-08-02	0	8.8	22	12
2023-08-03	0	2.9	20	12
2023-08-04	0	6.1	22	15
2023-08-05	7.5	3.7	21	13
2023-08-06	10.5	8.5	24	14
2023-08-07	0	9	24	12
2023-08-08	0	7	26	13
2023-08-09	7	7.7	26	15
2023-08-10	32.5	14.8	24	16
2023-08-11	23	13	23	13
2023-08-12	0	6.6	23	12
2023-08-13	2	5.4	22	14
2023-08-14	0	6	19	13
2023-08-15	0	3	15	13
2023-08-16	2.5	1.5	17	13
2023-08-17	9.5	3.1	18	14
2023-08-18	1	3	21	14
2023-08-19	22	9.4	21	15
2023-08-20	0	5	18	12
2023-08-21	2.5	6.5	21	13
2023-08-22	0	5.7	21	11
2023-08-23	2	2.9	17	13
2023-08-24	2	2.8	16	12
2023-08-25	0	4.6	19	11
2023-08-26	0	5	19	11
2023-08-27	0	3.8	20	14
2023-08-28	0	4.2	22	12
2023-08-29	0	7.6	23	11
2023-08-30	0	4.4	22	11
2023-08-31	0	NULO	20	16
2023-09-01	0	3.6	22	13
2023-09-02	0	6.2	22	12
2023-09-03	0	5.9	22	12
2023-09-04	0	5.3	23	13
2023-09-05	0	6.7	22	11
2023-09-06	21.5	5.8	22	12
2023-09-07	0	7	22	12
2023-09-08	0	6.6	20	11
2023-09-09	0	6.2	20	9
2023-09-10	0	5.5	22	11
2023-09-11	0	7.7	20	11
2023-09-12	0	6	22	10
2023-09-13	0	4.7	24	11
2023-09-14	0	4.1	24	13
2023-09-15	8.5	5.7	23	13
2023-09-16	0	4	23	12
2023-09-17	7.5	4.9	22	12
2023-09-18	0	4.9	23	12
2023-09-19	0	4.5	24	12
2023-09-20	0	4.8	24	11.5
2023-09-21	0	5.2	23	11
2023-09-22	0	5.8	23	11
2023-09-23	0	7.4	23	15
2023-09-24	0	8	25	10
2023-09-25	0	5	23	10
2023-09-26	0	4.7	20	11
2023-09-27	0	10.8	23	10
2023-09-28	0	5.2	22	9
2023-09-29	0	5.7	23	10
2023-09-30	0	NULO	23	10
2023-10-01	0	4.1	22	13
2023-10-02	0	5.9	22	12
2023-10-03	7	2.4	22	11
2023-10-04	0	5.6	23	12
2023-10-05	0	5	24	13
2023-10-06	0	5	22	10
2023-10-07	2	2.69	25	15
2023-10-08	0	NULO	18	15
2023-10-09	9	NULO	18	14
2023-10-10	0	4	17	15
2023-10-11	0	4.4	20	14
2023-10-12	0	3.3	24	15
2023-10-13	0	4.3	23	13
2023-10-14	0	1	22	14
2023-10-15	0	2	15	14
2023-10-16	0	4.8	16	12
2023-10-17	0	5.45	19	8
2023-10-18	0	5.55	23	8
2023-10-19	0	6.1	23	11
2023-10-20	0	5.5	24	11
2023-10-21	0	6.6	26	13
2023-10-22	0	4	25	13
2023-10-23	0	2.7	22	14
2023-10-24	0	6	23	13
2023-10-25	8	3	20	15
2023-10-26	0	5	21	15
2023-10-27	0	7	19	12
2023-10-28	0	6	21	10.5
2023-10-29	0	4	23	11
2023-10-30	0	3	16	9
2023-10-31	0	NULO	21	8.5
2023-11-01	0	3.8	19	8
2023-11-02	0	2.4	19	7
2023-11-03	0	5.8	20	9
2023-11-04	0	5.4	20	8
2023-11-05	0	4.3	23	9
2023-11-06	0	4.3	25	9
2023-11-07	0	4.4	26	13
2023-11-08	0	4.4	24	14
2023-11-09	1	2.9	25	16
2023-11-10	1.5	4.2	23	11.5
2023-11-11	0	4	19	12
2023-11-12	0	4.4	27	10
2023-11-13	0	4	21	12
2023-11-14	0	3.8	16	10
2023-11-15	0	5.8	21	8
2023-11-16	0	5.4	23	4
2023-11-17	0	7.6	25	9
2023-11-18	0	5	22	9
2023-11-19	0	6	24	11
2023-11-20	0	6	26	10
2023-11-21	7.5	4.1	15	10
2023-11-22	14.5	3.3	15	8
2023-11-23	0	4.6	16	11
2023-11-24	0	4	22	10
2023-11-25	0	4.5	20	10
2023-11-26	0	3.5	22	9.5
2023-11-27	4.5	4.5	20	12
2023-11-28	0	3	16	11
2023-11-29	0	2	21	12
2023-11-30	0	NULO	20	13
2023-12-01	0	5	22	13
2023-12-02	0.5	2.5	19	14
2023-12-03	2	2	19	12
2023-12-04	0	NULO	15	12
2023-12-05	0	NULO	16	8
2023-12-06	0	1.9	15	12
2023-12-07	11.5	0.8	17	12
2023-12-08	0	3.9	20	9
2023-12-09	1	3.1	20	9
2023-12-10	0	2.8	14	11
2023-12-11	1	1.2	14	10
2023-12-12	4	2.5	19	7
2023-12-13	0	2.5	16	8.5
2023-12-14	0	NULO	16	9
2023-12-15	0	NULO	16	12
2023-12-16	0	3.2	16	9
2023-12-17	0	4.4	18	7
2023-12-18	0	5	17	6
2023-12-19	0	5.6	20	2.5
2023-12-20	0	2.5	20	7.5
2023-12-21	0	7.5	21	7
2023-12-22	0	5.9	21	6
2023-12-23	0	5.1	21	8
2023-12-24	0	3	19	8.5
2023-12-25	0	3	19	9
2023-12-26	0	1	14	10
2023-12-27	0	0.3	12	11
2023-12-28	0	4.7	14	4
2023-12-29	0	3	15	8
2023-12-30	0	3.8	17	6
2023-12-31	0	NULO	20	6
2024-01-01	0	3	20	7
2024-01-02	0	4	18	7
2024-01-03	0	6	22	8
2024-01-04	0	6.6	20	10
2024-01-05	0	5.1	20	11
2024-01-06	0	4.3	20	10
2024-01-07	0	3.8	18	9
2024-01-08	0	6.2	20	13
2024-01-09	0	4.8	21	11
2024-01-10	0	6.2	22	12
2024-01-11	0	3	22	13
2024-01-12	0	5	23	12
2024-01-13	0	6	22	12
2024-01-14	0	7.9	26	12
2024-01-15	0	8.1	25	11
2024-01-16	0	5	19	11
2024-01-17	0	5	23	11
2024-01-18	0	2	23	11
2024-01-19	0	6	22	11
2024-01-20	2	7.9	19	11
2024-01-21	1	1.7	17	10
2024-01-22	0	2.7	19	11
2024-01-23	0	6.7	22	10
2024-01-24	0	6	22	14
2024-01-25	0	5.6	23	10
2024-01-26	0	7.4	23	12
2024-01-27	0	4	21	9
2024-01-28	0	4	19	6.5
2024-01-29	0	4.5	19	8
2024-01-30	0	5.7	19	8
2024-01-31	0	NULO	22	11
2024-02-01	0	2	17	9
2024-02-02	0	7.2	22	9
2024-02-03	0	9	22	10
2024-02-04	0	8	22	9
2024-02-05	0	5.8	19	9
2024-02-06	0	9	22	7
2024-02-07	0	7.2	26	9
2024-02-08	0	8	28	11
2024-02-09	0	9	26	11
2024-02-10	0	8.6	26	12
2024-02-11	0	6.1	25	12
2024-02-12	0	7.3	25	10
2024-02-13	0	3.4	19	10
2024-02-14	0	5	23	8.5
2024-02-15	0	6.6	22	9
2024-02-16	23	9	21	11
2024-02-17	2.5	1.5	NULO	NULO
2024-02-18	0	6.4	17	6
2024-02-19	0	4.6	22	5
2024-02-20	0	7.8	21	8.5
2024-02-21	0	8	25	8
2024-02-22	0	8.5	27	10
2024-02-23	0	8	26	11
2024-02-24	0	8.8	27	11
2024-02-25	0	7	25	11
2024-02-26	0	10.2	28	11
2024-02-27	0	9	25	12
2024-02-28	0	8	26	12
2024-02-29	0	NULO	26	13
2024-03-01	0	8.2	26	12
2024-03-02	0	8.2	27	11
2024-03-03	0	7	26.5	11
2024-03-04	0	7.8	26	12
2024-03-05	0	7.2	26	10
2024-03-06	0	7	25	11.5
2024-03-07	0	7	26	11
2024-03-08	0	7	25	11
2024-03-09	0	7	25	12
2024-03-10	0	5	30	11
2024-03-11	2	NULO	26	11
2024-03-12	0	NULO	25	11
2024-03-13	0	9	26	11
2024-03-14	0	9	25	11
2024-03-15	0	4	26	12
2024-03-16	0	4	27	13
2024-03-17	0	16.1	27	14
2024-03-18	0	7.7	27	13
2024-03-19	0.5	5.7	27	12
2024-03-20	0.5	3.5	24	14
2024-03-21	0	8	25	14
2024-03-22	0	8	25	13
2024-03-23	0	9	26	12
2024-03-24	0	5	26	10
2024-03-25	0	NULO	27	12
2024-03-26	0	12	27	13
2024-03-27	0	8	25	10
2024-03-28	0	8	26	10
2024-03-29	0	9	27	8
2024-03-30	0	10	27	10
2024-03-31	0	NULO	27	15
2024-04-01	0	9.8	28	14
2024-04-02	0	9.3	28	15
2024-04-03	0	7.59	26	12
2024-04-04	0	5.11	24	12
2024-04-05	0	8	27	11
2024-04-06	0	10	27	14
2024-04-07	0	8.8	29	13
2024-04-08	0	7.2	26	15
2024-04-09	0	9	27	14
2024-04-10	0	9	27	11
2024-04-11	0	6.9	20	8
2024-04-12	0	8.1	23	8
2024-04-13	0	9.4	25	12
2024-04-14	0	10.1	28	12
2024-04-15	0	11.1	31	14
2024-04-16	0	10.4	31	16
2024-04-17	0	9.3	29	16
2024-04-18	0	6.7	27	16
2024-04-19	2.5	3.9	26	14
2024-04-20	10.5	5.5	25	14
2024-04-21	0	7.6	22	13
2024-04-22	10	4	22	13
2024-04-23	0	5	23	12
2024-04-24	0	8	26	13
2024-04-25	0	7	26	14
2024-04-26	0	7	27	15
2024-04-27	0	9	26	14
2024-04-28	0	9	26	14
2024-04-29	0	9	27	15
2024-04-30	0	NULO	27	14
2024-05-01	0	7	26	15
2024-05-02	2.5	7.5	27	14
2024-05-03	10	6	30	15
2024-05-04	1	8	30	15
2024-05-05	0	9	29	15
2024-05-06	0	9	30	16
2024-05-07	0	8.1	30	17
2024-05-08	0	8.9	31	17
2024-05-09	0	8	30	20
2024-05-10	0	5	30	14
2024-05-11	0	15	30	14
2024-05-12	0	9	30	15
2024-05-13	1.5	12.5	30	16
2024-05-14	0	3	29	15
2024-05-15	0	6	26	17
2024-05-16	0	6	29	15
2024-05-17	0	7	29	15
2024-05-18	0	6	30	14
2024-05-19	0	8	28	14
2024-05-20	0	12	29	14
2024-05-21	0	11	29	14
2024-05-22	3	6	29	17
2024-05-23	2	1	29	17
2024-05-24	0	15	28	17
2024-05-25	0	9	29	16
2024-05-26	0	9	28	16
2024-05-27	0	11	28	15
2024-05-28	0	8	29	15
2024-05-29	0	4.4	25	15
2024-05-30	0	8.6	26	14
2024-05-31	0	NULO	27	13
2024-06-01	0	12	28	15
2024-06-02	0	12	29	15
2024-06-03	0	12	29	15
2024-06-04	11	10	28	16
2024-06-05	0	15	28	15
2024-06-06	0	10	26	14
2024-06-07	0	7	26	12
2024-06-08	0	7	26	13
2024-06-09	0	7	27	14
2024-06-10	0	9	26	13
2024-06-11	0	7	22	13
2024-06-12	0	7.3	24	15
2024-06-13	0	6.7	26	11.5
2024-06-14	0	6	24	15
2024-06-15	0	7	22	13
2024-06-16	0	8	19	12
2024-06-17	0	9	26	9
2024-06-18	0	8	26	11
2024-06-19	18	3	21	15
2024-06-20	17.5	4.5	20	16
2024-06-21	6	1	NULO	NULO
2024-06-22	3.5	2.5	19	13
2024-06-23	7.5	3.5	19	15
2024-06-24	31	4	21	15
2024-06-25	7	2	16	14
2024-06-26	19	5	20	15
2024-06-27	30	7	19	15
2024-06-28	16	NULO	18	15
2024-06-29	0	NULO	22	14
2024-06-30	58	NULO	15	14
2024-07-01	19	3	18	15
2024-07-02	0	5	20	15
2024-07-03	0	2.1	20	14
2024-07-04	0	5.9	24	14
2024-07-05	0	7.9	22	11
2024-07-06	0	4.1	22	12
2024-07-07	0	8.6	26	12
2024-07-08	0	7.4	24	13
2024-07-09	17	4	19	15
2024-07-10	8.5	1.5	15	14
2024-07-11	6	1	17	15
2024-07-12	0	4.7	19	14
2024-07-13	0	5.3	20	12
2024-07-14	0	6	21	13
2024-07-15	8	3	21	12
2024-07-16	6	3	19	15
2024-07-17	8	5	23	14
2024-07-18	16.5	2.5	20	15
2024-07-19	13	4	19	15
2024-07-20	0	12.9	19	12
2024-07-21	0	4.1	20	13
2024-07-22	20	4	19	12
2024-07-23	3	1	20	15
2024-07-24	2	1	20	16
2024-07-25	0	5.4	23	14
2024-07-26	26	11.6	23	13
2024-07-27	5.5	5.5	21	13
2024-07-28	7.5	6.5	21	13
2024-07-29	1	5	20	13
2024-07-30	0	7	21	13
2024-07-31	0	NULO	20	11
2024-08-01	11	7	22	11
2024-08-02	0	5	20	12
2024-08-03	0	6	22	12
2024-08-04	0	6	22	11
2024-08-05	12	4	21	11
2024-08-06	0	3.9	20	12
2024-08-07	41.5	14.6	24	14
2024-08-08	0	6.6	23	12
2024-08-09	1	6.4	22	13
2024-08-10	0	4	19	12
2024-08-11	0	3	19	15
2024-08-12	7.5	4.5	19	15
2024-08-13	0	3	21	16
2024-08-14	0	4	21	12
2024-08-15	0	7	22	14
2024-08-16	16	3	21	14
2024-08-17	1	4	21	13
2024-08-18	0	7	20	10
2024-08-19	0	7	20	11
2024-08-20	0	5.7	20	11
2024-08-21	0	6.3	20	10
2024-08-22	0	6	19	10
2024-08-23	0	4	21	14
2024-08-24	0	4	22	12
2024-08-25	0	6.9	21	11
2024-08-26	0	7.1	21	11.5
2024-08-27	0	6	20	10.5
2024-08-28	2	4	23	13
2024-08-29	22.5	8.5	23	15
2024-08-30	3	2	22	14
2024-08-31	3	NULO	23	13
2024-09-01	0	7	20	13
2024-09-02	0	2	22	14
2024-09-03	20	4.4	22	12
2024-09-04	0	3.3	21	12
2024-09-05	0	4	24	12.5
2024-09-06	16.5	3.8	21	14
2024-09-07	5	1	20	14
2024-09-08	0	2	24	12
2024-09-09	3	4	19	12
2024-09-10	9	3	21	15
2024-09-11	0	5	22	16
2024-09-12	10	5	25	16
2024-09-13	7	3	24	16
2024-09-14	31	14	23	16
2024-09-15	0	4	22	15
2024-09-16	6.5	3.5	23	15
2024-09-17	3.5	2.5	20	15
2024-09-18	0	4	22	16
2024-09-19	0	3.4	22	14
2024-09-20	0	8.6	23	13
2024-09-21	0	3	22	11
2024-09-22	0	4	20	12
2024-09-23	0	4	20	11
2024-09-24	0	3	20	14
2024-09-25	0	6	20	14
2024-09-26	16	2	17	11
2024-09-27	3	1	16	14
2024-09-28	1.5	1.5	17	14
2024-09-29	0	4	18	14
2024-09-30	0	NULO	20	14
2024-10-01	3	2	17	12
2024-10-02	0	2	NULO	NULO
2024-10-03	0	1	16	9
2024-10-04	0	1	19	13
2024-10-05	25.5	5.5	19	12
2024-10-06	5.5	2.5	18	11
2024-10-07	1	1	16	14
2024-10-08	0	3.7	17	10
2024-10-09	0	5.6	20	9.5
2024-10-10	0	5	22	7
2024-10-11	0	7.7	16	5
2024-10-12	0	4	18	5
2024-10-13	0	4	19	5
2024-10-14	0	4	20	11
2024-10-15	0	6	23	10
2024-10-16	0	4.8	21	10
2024-10-17	0	5.2	17	9
2024-10-18	0	6	17	9
2024-10-19	0	1	16	12
2024-10-20	14	2	13	12
2024-10-21	12.5	0.5	16	13.5
2024-10-22	0	6	18	12
2024-10-23	0	3	18	7
2024-10-24	0	5.3	20	10
2024-10-25	0	4.7	20	10
2024-10-26	0	3.8	15	11
2024-10-27	0	0.6	17	11
2024-10-28	2	2.6	18	11.5
2024-10-29	0	3	18	10
2024-10-30	0	2.8	20	12
2024-10-31	0	NULO	20	12
2024-11-01	0	4	20	10
2024-11-02	5	4	21	11
2024-11-03	5.5	2.5	22	12
2024-11-04	0	3.8	23	12
2024-11-05	0	6.2	20	12.5
2024-11-06	0	4	24	13
2024-11-07	0	4	22	12
2024-11-08	0	7	23	11
2024-11-09	0	7	21	9
2024-11-10	0	6	21	8
2024-11-11	0	7	20	9
2024-11-12	0	6	23	9
2024-11-13	0	5.3	20	10
2024-11-14	0	5.7	15	9
2024-11-15	0	4	23	7
2024-11-16	0	6	22	11
2024-11-17	0	6	24	10
2024-11-18	0	5	24	11
2024-11-19	0	4	22	12
2024-11-20	7.5	2.5	19	12
2024-11-21	0	3	17	11
2024-11-22	0	4	17	5
2024-11-23	0	6	20	5
2024-11-24	0	6	24	6
2024-11-25	0	6	23	5
2024-11-26	0	6	24	5
2024-11-27	0	6.8	23	10
2024-11-28	0	6.2	23	10
2024-11-29	0	6	23	10
2024-11-30	0	NULO	22	10
2024-12-01	0	7	20	8
2024-12-02	0	5	19	7
2024-12-03	0	4	20	4
2024-12-04	0	5	22	9
2024-12-05	0	4	21	10
2024-12-06	0	4	20	7
2024-12-07	0	7	22	10
2024-12-08	0	4	23	11
2024-12-09	0	4.8	22	10
2024-12-10	0	6.2	23	11
2024-12-11	0	4	22	8
2024-12-12	0	3	22	9
2024-12-13	0	4	21	9
2024-12-14	0	5	21	9
2024-12-15	0	8	21	8
2024-12-16	0	3.6	18	7
2024-12-17	0	5.4	20	3
2024-12-18	0.5	3.3	19	8
2024-12-19	0	4.2	14	11
2024-12-20	0	8	15	7
2024-12-21	0	8	14	8
2024-12-22	9	NULO	16	7
2024-12-23	0	NULO	17	7
2024-12-24	0	3	17	7
2024-12-25	0	3	16	8
2024-12-26	0	4	20	5.5
2024-12-27	0	6	20	8
2024-12-28	0	7	22	8
2024-12-29	0	6	21	8
2024-12-30	0	6	22	8
2024-12-31	0	NULO	22	9
2025-01-01	0	4.2	20	8
2025-01-02	0	3.1	18	7
2025-01-03	0	5	17	5
2025-01-04	0	3	18	6
2025-01-05	0	3	21	9
2025-01-06	0	4	19	9
2025-01-07	0	3	18	8
2025-01-08	0	3	19	8
2025-01-09	0	3	18	7
2025-01-10	13	6	19	8
2025-01-11	0	2	15	12
2025-01-12	0	2	16	11
2025-01-13	0	4.4	20	7
2025-01-14	2.5	4.1	20	9
2025-01-15	0	5	21	10
2025-01-16	0	2.8	20	9
2025-01-17	0	3.6	22	11
2025-01-18	0	4.6	22	10
2025-01-19	0	3.8	22	10
2025-01-20	0	5.2	19	10
2025-01-21	0	5	22	12
2025-01-22	0	6	23	10
2025-01-23	0	6	22	9
2025-01-24	0	4	20	4
2025-01-25	0	3.8	21	4
2025-01-26	0	7.2	21	9
2025-01-27	0	7	22	9
2025-01-28	0	9	25	9
2025-01-29	0	6	23	12
2025-01-30	0	6	22	11.5
2025-01-31	0	NULO	22	10
2025-02-01	2.5	2.5	20	10
2025-02-02	1	4	22	10
2025-02-03	1	3	19	10
2025-02-04	3	3	19	8
2025-02-05	0	6	19	8
2025-02-06	0	6	20	9
2025-02-07	0	6	21	8
2025-02-08	0	7	20	9
2025-02-09	0	6	22	9
2025-02-10	0	7	24	9
2025-02-11	0	6	24	10
2025-02-12	0	6	22	10
2025-02-13	0	4	20	11
2025-02-14	0	4	22	8
2025-02-15	0	4	23	10
2025-02-16	0	3.4	15	10
2025-02-17	0	3.6	20	9
2025-02-18	7.5	3.5	21	12
2025-02-19	1	1	15	11
2025-02-20	0	4	19	8
2025-02-21	8	3	20	11
2025-02-22	1	4	21	10
2025-02-23	0	6	23	10
2025-02-24	0	6	21	10
2025-02-25	0	7	23	6
2025-02-26	0	NULO	26	11
2025-02-27	0	7	24	13
2025-02-28	0	NULO	24	8
2025-03-01	0	14	26	11
2025-03-02	0	6.6	27	12
2025-03-03	0	7.4	27	15
2025-03-04	0	9	26	14
2025-03-05	0	6	25	10
2025-03-06	0	7	24	11
2025-03-07	0	8	26	12
2025-03-08	0	8	27	12
2025-03-09	0	7	27	13
2025-03-10	0	7	25	11
2025-03-11	0	8	27	12
2025-03-12	0	8	26	13
2025-03-13	0	9	27	10
2025-03-14	0	7	27	12
2025-03-15	0	12	27	13
2025-03-16	0	6	24	11
2025-03-17	0	8	23	5
2025-03-18	0	9	25	11
2025-03-19	0	8	27	12
2025-03-20	0	5	18	9
2025-03-21	4.5	6.5	22	8
2025-03-22	0	4	21	12
2025-03-23	0	5	25	12
2025-03-24	0	6	26	11
2025-03-25	0	5	23	11
2025-03-26	4	7	25	12
2025-03-27	0	6	22	14
2025-03-28	0	8	25	12
2025-03-29	0	9	26	11
2025-03-30	0	8.3	27	12
2025-03-31	0	NULO	27	15
2025-04-01	0	7	28	15
2025-04-02	0	9	27	15
2025-04-03	0	11	27	13
2025-04-04	0	11	27	15
2025-04-05	0	10	27	13
2025-04-06	0	10	26	10
2025-04-07	0	7	24	14
2025-04-08	0	7	24	11
2025-04-09	0	7	22	9
2025-04-10	0	10	22	8
2025-04-11	0	7	22	4
2025-04-12	0	8	19	7
2025-04-13	0	9	22	5
2025-04-14	0	9	24	5
2025-04-15	0	7	22	6
2025-04-16	0	9	23	7
2025-04-17	0	9	28	8
2025-04-18	0	8	27	10
2025-04-19	0	10	29	6
2025-04-20	0	5	27	11
2025-04-21	0	6	27	12
2025-04-22	0	7	26	13
2025-04-23	0	7	27	13
2025-04-24	0	8	28	16
2025-04-25	0	4	26	13
2025-04-26	0	7	24	13
2025-04-27	0	11	23	11
2025-04-28	0	8	25	9
2025-04-29	0	2	27	10
2025-04-30	0	NULO	NULO	NULO
2025-06-01	27	6	21	15
2025-06-02	6.5	5.5	21	15
2025-06-03	21	11	22	15
2025-06-04	0	8	21	13
2025-06-05	0	8	22	14
2025-06-06	0	7	21	15
2025-06-07	0	7	22	16
2025-06-08	0	6	25	17
2025-06-09	0	7	26	15
2025-06-10	0	6	27	15
2025-06-11	8	10	24	13
2025-06-12	23	5	22	12
2025-06-13	11	6	22	13
2025-06-14	14	4	21	11
2025-06-15	12.5	3.5	19	11
2025-06-16	15.5	3.5	18	13
2025-06-17	1	NULO	18	10
2025-06-18	3	NULO	17	11
2025-06-19	30	4	17	12
2025-06-20	7	NULO	15	9
2025-06-21	10	NULO	15	9
2025-06-22	34.5	3.5	14	10
2025-06-23	2.3	2.3	15	10
2025-06-24	1.5	2.5	15	9
2025-06-25	0	3	15	11
2025-06-26	11	5	16	11
2025-06-27	0	3	17	10
2025-06-28	2	6	20	12
2025-06-29	17	2	20	8
2025-06-30	0	NULO	27	8
2025-07-01	7	5	17	12
2025-07-02	7	4	20	12
2025-07-03	0	8	20	13
2025-07-04	0	7	22	14
2025-07-05	0	7	23	13
2025-07-06	1	5	25	13
2025-07-07	6	5	21	14
2025-07-08	0	5	20	10
2025-07-09	0.5	5.5	19	12
2025-07-10	27	4	19	13
2025-07-11	2	5	22	12
2025-07-12	1	3	20	14
2025-07-13	2	7	21	13
2025-07-14	9.5	4.5	22	12
2025-07-15	8.5	3.5	21	12
2025-07-16	0	6	19	12
2025-07-17	2.5	4.5	23	15
2025-07-18	1.5	7.5	21	15
2025-07-19	3	4	22	14
2025-07-20	0	4	19	13
2025-07-21	0	5	19	11
2025-07-22	0	7	23	15
2025-07-23	0	8	22	10
2025-07-24	26	NULO	21	13
2025-07-25	0	NULO	22	13
2025-07-26	1	6	20	14
2025-07-27	0	2	18	10
2025-07-28	0	5	17	11
2025-07-29	0	6	17	12
2025-07-30	0	6	18	14
2025-07-31	0	NULO	19	13
2025-08-01	0	6	19	13
2025-08-02	0	6	21	9
2025-08-03	0	7	22	9
2025-08-04	0	7	22	12
2025-08-05	0	6	23	13
2025-08-06	1.5	2.5	22	10
2025-08-07	18	7	19	13
2025-08-08	0	5	20	14
2025-08-09	0	4	25	15
2025-08-10	4.5	3.5	22	14
2025-08-11	25	6	22	15
2025-08-12	0	4	21	15
2025-08-13	0	7	21	14
2025-08-14	1.5	3.5	21	14
2025-08-15	18.5	5.5	19	13
2025-08-16	0	8	22	14
2025-08-17	0	7	20	14
2025-08-18	0	6	20	14
2025-08-19	0	7	21	14
2025-08-20	0	3	21	13
2025-08-21	17.5	3.5	22	11
2025-08-22	0	4	19	13
2025-08-23	23	5	21	14
2025-08-24	0.5	4.5	21	15
2025-08-25	1	3	22	15
2025-08-26	0	9	21	14
2025-08-27	0	7	20	14
2025-08-28	0	3	21	13
2025-08-29	0	3	21	14
2025-08-30	4	5	20	12
2025-08-31	0	NULO	20	13
2025-09-01	5.85	3.85	21	14
2025-09-02	43	8	20	10
2025-09-03	0	3	22	13
2025-09-04	21.5	3.5	19	13
2025-09-05	1	NULO	20	11
2025-09-06	0.5	NULO	21	14
2025-09-07	0	7	22	14
2025-09-08	0	7	23	15
2025-09-09	0	5	23	14
2025-09-10	0	4	22	13
2025-09-11	0	4	20	12
2025-09-12	0	5	18	11
2025-09-13	0	NULO	20	12
2025-09-14	0	NULO	21	12
2025-09-15	0	4	22	13
2025-09-16	2.5	4.5	19	10
2025-09-17	1.5	4.5	20	10
2025-09-18	0	6	20	11
2025-09-19	0	6	19	11
2025-09-20	0	4	20	11
2025-09-21	0	7	18	12
2025-09-22	0	7	19	12
2025-09-23	0	7	21	12
2025-09-24	0	4	21	12
2025-09-25	0	3	21	13
2025-09-26	15	2	22	13
2025-09-27	6.5	13.5	22	13
2025-09-28	0	3	20	12
2025-09-29	0.5	3.5	18	11
2025-09-30	0	NULO	21	11
