COMISIÓN NACIONAL DEL AGUA
COORDINACIÓN GENERAL DEL SERVICIO METEOROLÓGICO NACIONAL
BASE DE DATOS CLIMATOLÓGICA NACIONAL 

REGISTRO DIARIO HISTÓRICO
EMISIÓN   : 11/09/2026 

DATOS DISPONIBLES EN LA BASE DE DATOS A: SEPTEMBER DE 2026; 
CON LA INFORMACIÓN SUMINISTRADA POR LAS UNIDADES ADMINISTRATIVAS 

 ESTACIÓN   : 13117 
 NOMBRE     : SAN AGUSTIN TLAXIACA ALTO PANUCO 
 ESTADO     : HIDALGO 
 MUNICIPIO  : SAN AGUSTÍN TLAXIACA 
 SITUACIÓN  : SUSPENDIDA 
 U. ADMNVA. : DIRECCIÓN LOCAL HIDALGO 
 CVE-OMM    :   
 LATITUD    : 20.11472222 ° 
 LONGITUD   : -98.88611111 ° 
 ALTITUD    : 2360 msnm 




FECHA		PRECIP	EVAP	TMAX	TMIN
		(mm)	(mm)	(°C )	(°C)
1980-05-04	0	NULO	26	12
1980-05-05	1	NULO	24.5	12
1980-05-06	15.3	4.9	24.5	11.5
1980-05-07	6	5.4	24	12.5
1980-05-08	1.1	5	26	10.5
1980-05-09	0	4.9	27	12
1980-05-10	0.5	7.4	28.5	14
1980-05-11	13.8	6.3	27.5	14
1980-05-12	5	5.5	26.5	13
1980-05-13	0	7	27	13
1980-05-14	18.5	5.4	29	14
1980-05-15	0	3	27	14
1980-05-16	9.5	7.9	29.5	16
1980-05-17	3.8	7.5	24	13
1980-05-18	0.3	5.7	29	14
1980-05-19	4	7.3	29	14
1980-05-20	0	3.6	28.5	13
1980-05-21	0	8.6	29	13
1980-05-22	0.1	5.7	29	12.5
1980-05-23	0	6.6	28	12
1980-05-24	0.5	5.8	27.5	16
1980-05-25	15	8	24	16.5
1980-05-26	0	5.9	28	11
1980-05-27	0	6.8	25	12.5
1980-05-28	0	6	26	10.5
1980-05-29	0	4.7	26.5	10.5
1980-05-30	0	5.2	28	11.5
1980-05-31	0	5.2	28	8.5
1980-06-01	0	7.5	22	6
1980-06-02	0	7	27	13.5
1980-06-03	0	7.4	25	9
1980-06-04	0	2.4	24	11
1980-06-05	2.2	2.8	24.5	10
1980-06-06	1	3.7	24.5	12
1980-06-07	0	8.4	28	14.5
1980-06-08	0	6	27.5	13.5
1980-06-09	0	7.7	27.5	12.5
1980-06-10	0	6.1	25	8
1980-06-11	0	7.5	25	12.5
1980-06-12	0	4.4	28	13.5
1980-06-13	0	4.8	24	10.5
1980-06-14	0	5.3	25.5	10.5
1980-06-15	0	7.9	25.5	12.5
1980-06-16	0	6.6	26.5	15
1980-06-17	0	7	26.5	12
1980-06-18	2.5	5.1	25.5	15
1980-06-19	0.1	3.9	22.5	10
1980-06-20	0	3.7	21.5	14
1980-06-21	1.5	2.1	21.5	14.5
1980-06-22	9.9	2.3	22.5	14
1980-06-23	0	2.4	22.5	15.5
1980-06-24	0	9.2	21	15.5
1980-06-25	9.3	3.4	20.5	11
1980-06-26	0	7.9	24	10.5
1980-06-27	0	2	24	10
1980-06-28	3.4	3.5	24	11
1980-06-29	0.1	9.2	25	11
1980-06-30	21	6	24	11
1980-07-01	0	9.2	25	9.5
1980-07-02	0	9.9	20.5	12
1980-07-03	0	3.3	24	15
1980-07-04	2.7	2.5	24.5	13
1980-07-05	0	5.8	20.5	13.5
1980-07-06	1	5.5	22	12.5
1980-07-07	0	4.5	24.5	13
1980-07-08	0	5.1	20.5	15
1980-07-09	0.5	3.2	24.5	11
1980-07-10	8	5	25	9.5
1980-07-11	0	9.7	20.5	12.5
1980-07-12	0	4.6	26	13.5
1980-07-13	0	6.1	20.5	14.5
1980-07-14	0	7.1	20	14.5
1980-07-15	0	9.1	20	14
1980-07-16	0	6.7	20.5	14.5
1980-07-17	0	5.2	25.5	10
1980-07-18	9.3	3.3	26	14
1980-07-19	16	5.9	25	13
1980-07-20	21.5	5.9	28.5	14.5
1980-07-21	0.9	5.2	22	14.5
1980-07-22	0	5.2	27.5	12.5
1980-07-23	0	5.1	28	12
1980-07-24	0	5.5	28	14.5
1980-07-25	0	4.1	24	14.5
1980-07-26	0	4.1	25	13
1980-07-27	0	4.3	26	12
1980-07-28	0	6	24.5	13.5
1980-07-29	9.9	5.2	25	9
1980-07-30	0	5.9	25	10
1980-07-31	0	7.1	30	12
1980-08-01	0	3.2	28.5	10.5
1980-08-02	0	3.3	28	10.5
1980-08-03	11	7.6	30.5	13
1980-08-04	1	1.1	30.5	13.5
1980-08-05	0	4.8	30.5	14
1980-08-06	12	7	30	15.5
1980-08-07	7	9.5	30	15
1980-08-08	0	7.7	21.5	15
1980-08-09	0	5.6	24.5	10.5
1980-08-10	2	8.4	30.5	15.5
1980-08-11	2	1.7	28.5	13.5
1980-08-12	0	5.3	27.5	14
1980-08-13	4	3.7	25	12.5
1980-08-14	12	2	25.5	10.5
1980-08-15	5	8.3	26.5	11.5
1980-08-16	0	6.5	24.5	12.5
1980-08-17	6	6.2	24.5	10.5
1980-08-18	4	3.7	26.5	12
1980-08-19	0	2.1	25	13
1980-08-20	2	1.8	24	10.5
1980-08-21	0	2.8	25.5	10.5
1980-08-22	0	2.7	28	12
1980-08-23	0	5	30	13
1980-08-24	5	4.9	28.5	12.5
1980-08-25	0	4.7	29.5	13.5
1980-08-26	0	5.3	26	14
1980-08-27	0	5.1	28.5	14.5
1980-08-28	0	4.6	27.5	10.5
1980-08-29	0	5.1	25	13
1980-08-30	0	5	28	12
1980-08-31	0	3.7	27	12.5
1980-09-01	13	4.2	22	12
1980-09-02	0	6.9	22	10
1980-09-03	0	5.2	23	10
1980-09-04	3	5.9	21	11
1980-09-05	6	2.9	22	10
1980-09-06	0	8.1	21.5	10
1980-09-07	0	6.9	21	11
1980-09-08	0	4.8	22.5	10
1980-09-09	0	8.4	22	10
1980-09-10	0	5.7	22	9
1980-09-11	0	4.9	21	9.5
1980-09-12	0	5.1	22	8
1980-09-13	0	4.9	20	7
1980-09-14	0.3	3.7	23.5	6
1980-09-15	0	6.7	24	11
1980-09-16	0	5.4	24	7
1980-09-17	0	4.7	23	10
1980-09-18	0	3.9	22	11
1980-09-19	1	2.1	22	10.5
1980-09-20	0	3.1	21.5	10
1980-09-21	0	5.1	22.5	11.5
1980-09-22	0	4.9	22	9
1980-09-23	5	4.8	23	10.5
1980-09-24	20	5	24	9
1980-09-25	8	2.9	20.5	11
1980-09-26	4	4.5	20.5	11
1980-09-27	5	4.1	21	11.5
1980-09-28	0	5.4	22	6
1980-09-29	0	6.2	28	7.5
1980-09-30	0	5.8	22	8
1980-10-01	0	2.3	24	8
1980-10-02	0	4.6	21	10
1980-10-03	0	5	22.5	9
1980-10-04	0	7	23	8
1980-10-05	0	3.9	22	11
1980-10-06	0	7	20	11
1980-10-07	0	1.7	22	9
1980-10-08	0	4.3	20	8
1980-10-09	0	1.5	23	7
1980-10-10	0	4	25	9
1980-10-11	0	4.6	24	12
1980-10-12	0	2.3	25	11
1980-10-13	0	8.2	19	11
1980-10-14	0	6.2	25	9
1980-10-15	0	2.1	22	7
1980-10-16	9	5.2	20	8
1980-10-17	9	4.1	28	7
1980-10-18	0	4.5	27	10
1980-10-19	0	8.1	25	8.5
1980-10-20	9	6.2	22	9
1980-10-21	0	7.6	20.5	7
1980-10-22	0	7.5	24	9
1980-10-23	0	4.8	25	8
1980-10-24	0	3	23	7
1980-10-25	0	3.5	23	9
1980-10-26	0	4.2	25	11
1980-10-27	5.1	4.7	25	12
1980-10-28	2	2.1	25	10.5
1980-10-29	2.5	2.8	25	9
1980-10-30	0.1	1.5	15.5	7
1980-10-31	0.1	6.6	12	7.5
1980-11-01	0	2.9	24	7.5
1980-11-02	0	4.2	23	10.5
1980-11-03	0	3.7	24	7
1980-11-04	0	3.9	19	11
1980-11-05	0	1.5	15.5	10
1980-11-06	0	4.9	23	11.5
1980-11-07	0	1.1	22	13
1980-11-08	0	4.9	23	13
1980-11-09	0	2.6	20.5	7
1980-11-10	0	6.5	23	8
1980-11-11	0	2.2	25	7
1980-11-12	0	3.1	22	10
1980-11-13	0	7.5	21	12
1980-11-14	0	4.8	20.5	7
1980-11-15	0	3.2	20.5	8
1980-11-16	0	4.7	26	10
1980-11-17	0	8.6	25	8
1980-11-18	0	3.1	25	10.5
1980-11-19	0	1.4	24	8
1980-11-20	0	1.1	20.5	10
1980-11-21	3.5	4.1	19	8
1980-11-22	0	2.7	19	8.5
1980-11-23	0	2.2	20.5	8
1980-11-24	0	2	25	9
1980-11-25	0	2.2	20.5	9
1980-11-26	0	2.7	25	10
1980-11-27	0	5.2	20.5	11
1980-11-28	0	5.2	20.5	12
1980-11-29	0	2	20.5	6
1980-11-30	0	5	20	7
1980-12-01	0	2.7	20.5	8
1980-12-02	0	4.8	25	10.5
1980-12-03	0	3.3	19	5
1980-12-04	0	2	20.5	7
1980-12-05	0	1.8	23	5
1980-12-06	0	3.2	23	4.5
1980-12-07	0	4.7	20.5	10
1980-12-08	0	5.3	20.5	5
1980-12-09	0	4.8	20.5	10
1980-12-10	0	2	20.5	6
1980-12-11	0	1	20	3
1980-12-12	0	2.3	20.5	1.5
1980-12-13	0	2.5	22	4
1980-12-14	0	4.2	20	9.5
1980-12-15	0	2.9	19	3
1980-12-16	0	2	22	4
1980-12-17	0	3.9	20	-1
1980-12-18	0	3.4	20	-1
1980-12-19	0	3.6	21	-1
1980-12-20	0	1.6	17.5	-1
1980-12-21	0	4.1	18	2.5
1980-12-22	0	4.8	20	0
1980-12-23	0	4.6	22	4
1980-12-24	0	3.6	19	10
1980-12-25	0	2.7	20	9
1980-12-26	0	1.3	20	-3
1980-12-27	0	1.3	18	0
1980-12-28	0	3	19.5	0
1980-12-29	0	2.2	20.5	1.5
1980-12-30	0	3.4	16.5	3
1980-12-31	0	3.2	18	2.5
1981-01-01	0	1.5	18.5	0
1981-01-02	0	3.8	11.5	3.5
1981-01-03	0	3.5	14.5	0
1981-01-04	0	1.1	18.5	6
1981-01-05	0	3.6	18.5	0
1981-01-06	0	3	21.5	1
1981-01-07	0	2.7	20.5	7
1981-01-08	0	3.4	20.5	7.5
1981-01-09	0	1.7	18.5	8
1981-01-10	0	4.8	22.5	2
1981-01-11	0	1.1	15	3
1981-01-12	0.1	2.1	15.5	5
1981-01-13	0	1.1	17.5	5.5
1981-01-14	0	4.4	20	5
1981-01-15	0	1.5	19	2
1981-01-16	1.4	1.9	18.5	2.5
1981-01-17	20	3.8	10	2.5
1981-01-18	0	1	15	-4
1981-01-19	0	1.5	17.5	1.5
1981-01-20	0	1.2	20	2
1981-01-21	0	2.7	19	4
1981-01-22	0	4.3	18.5	1.5
1981-01-23	0	3.1	15	0
1981-01-24	0	1.9	18	2.5
1981-01-25	0	4.8	18.5	3
1981-01-26	0	4.1	25	6
1981-01-27	0	4.6	21.5	6.5
1981-01-28	0	2.3	23.5	7
1981-01-29	0	3.7	24.5	5
1981-01-30	0	5.2	23.5	6
1981-01-31	0	3.5	25	5
1981-02-01	0	5.2	25	6.5
1981-02-02	0	3.3	25	7
1981-02-03	0	2.2	20	4
1981-02-04	0	5.6	20.5	3.5
1981-02-05	0	1.1	21.5	10
1981-02-06	0	4.6	24.5	8.5
1981-02-07	0	4.3	25	7
1981-02-08	0	4.6	20.5	8
1981-02-09	0	2.1	15	8
1981-02-10	0	2.8	20.5	5
1981-02-11	0	2	20	8.5
1981-02-12	0	3.8	20	10.5
1981-02-13	0	2	19	3
1981-02-14	0	1.4	15	4
1981-02-15	0	1.3	20.5	2.5
1981-02-16	0	6.8	19	5
1981-02-17	0	2	20.5	7
1981-02-18	0	4.7	24.5	5
1981-02-19	0	6.8	20.5	10
1981-02-20	0	2.9	19	5
1981-02-21	0	3	25	10
1981-02-22	5	7.8	15.1	8.5
1981-02-23	0	4.2	20.5	8
1981-02-24	21.5	4.8	25	8
1981-02-25	0	1.3	25	8
1981-02-26	0	5.7	20.5	5
1981-02-27	0	2	20.5	9
1981-02-28	0	5.2	26.5	8
1981-03-01	0	6.8	20.5	13.5
1981-03-02	0	3.8	22	7
1981-03-03	0	4.1	20	8
1981-03-04	0	3.2	25	10.5
1981-03-05	0	5.7	25	10
1981-03-06	0	5.8	25.5	9
1981-03-07	0.9	7.5	20.5	7
1981-03-08	0	3.4	25	8.5
1981-03-09	0	4.8	20.5	11
1981-03-10	5	8.9	21	9
1981-03-11	20	5	20.5	8
1981-03-12	3	3.1	23	10
1981-03-13	0	3.5	25	13
1981-03-14	0	6.3	26	10
1981-03-15	0	7.6	25	15
1981-03-16	10.8	6.6	19	14
1981-03-17	0	2.5	23	8
1981-03-18	0	5	19	8
1981-03-19	0	2	22	6
1981-03-20	0	4.5	27	5
1981-03-21	0	7.1	28	12
1981-03-22	0	8.8	20.5	9
1981-03-23	0	3.9	24	10
1981-03-24	0	5.2	25	6
1981-03-25	0	5.9	20.5	5
1981-03-26	0	3.9	28	8
1981-03-27	0	3.7	29	12
1981-03-28	0	5.7	28.5	6
1981-03-29	0	4	30	10
1981-03-30	0	5.9	28	11
1981-03-31	0	5.6	30	9
1981-04-01	0	6.9	25	10
1981-04-02	0	9.1	29	10
1981-04-03	0	5.3	30	12
1981-04-04	0	5.7	25	15
1981-04-05	0	6.5	21	10
1981-04-06	0	5.2	23.5	4.5
1981-04-07	0	4.8	20.5	6.5
1981-04-08	0	3	27.5	10
1981-04-09	0	1.6	25	6.5
1981-04-10	0	4.9	25	8
1981-04-11	8.7	7.3	23.5	11
1981-04-12	9.8	7	20	8
1981-04-13	4.8	4.1	22	4.5
1981-04-14	2.5	5.1	23	4.5
1981-04-15	0	4.5	25	7.5
1981-04-16	3.4	6.4	22	8
1981-04-17	1.3	4	20	10.5
1981-04-18	0	3	23.5	9.5
1981-04-19	0	3.9	26	13.5
1981-04-20	0	6.9	27	11
1981-04-21	0	7.3	27	10
1981-04-22	0	8.8	23	11
1981-04-23	0	5.5	28	9
1981-04-24	0	9.3	29	12
1981-04-25	0	6.7	26	10
1981-04-26	0	5.1	25	10.5
1981-04-27	0	4.4	20	8
1981-04-28	21.5	4.6	21	9
1981-04-29	3	5.3	30	10
1981-04-30	5.2	3	27	10
1981-05-01	13.5	5.7	25	12
1981-05-02	5.1	4.1	23.5	12.5
1981-05-03	0	3.3	25	13.5
1981-05-04	0	6.1	26.5	13.5
1981-05-05	0	7.5	27	14.5
1981-05-06	0	7.5	29	10
1981-05-07	0	7.1	26	13
1981-05-08	0	7.4	29.5	14
1981-05-09	0	7.8	30	15
1981-05-10	0	4.8	23	17
1981-05-11	0	4.7	26	12
1981-05-12	0	7.5	26	13
1981-05-13	0	3.2	27	6
1981-05-14	0	3.8	29	10
1981-05-15	0.4	9	30	14
1981-05-16	0.2	8.8	22.5	17
1981-05-17	0	3.5	30	14.5
1981-05-18	0	8.8	27	15
1981-05-19	7.5	3.5	26	13
1981-05-20	3.1	8.3	24	14
1981-05-21	6.3	9.4	30	12
1981-05-22	18.7	8.4	25	14
1981-05-23	0	4.8	20.5	15
1981-05-24	3.7	3.8	27	14
1981-05-25	0	8	25	15
1981-05-26	2	4.9	27	15
1981-05-27	6	10.1	23	12
1981-05-28	0	5.1	26	12
1981-05-29	18.4	9.9	25.5	14
1981-05-30	3	10.6	23	13.5
1981-05-31	0	7.7	27	12
1981-06-01	0	4.1	24	10
1981-06-02	0	3	26	13.5
1981-06-03	0	3	30	14
1981-06-04	0	4.1	28	12
1981-06-05	0	7.9	28	15
1981-06-06	0	9.2	25	12
1981-06-07	0	8.2	20	12.5
1981-06-08	15	3.8	27	5
1981-06-09	10.3	7.8	30	7
1981-06-10	5	8.9	29	13
1981-06-11	0	7.8	27	10
1981-06-12	0	6.2	23	12
1981-06-13	2	6.2	27	9
1981-06-14	7	6.8	17	12
1981-06-15	6	1	20	6
1981-06-16	16	2.7	26	11
1981-06-17	0	5.7	23	12
1981-06-18	22.3	2.8	24	12.5
1981-06-19	10.4	3.8	26	13
1981-06-20	8.7	5	21.5	13
1981-06-21	5	3.4	23	13.5
1981-06-22	18.3	3.7	22.5	10
1981-06-23	0	3.2	21.5	12
1981-06-24	1.2	2.8	21	15
1981-06-25	7.2	2.7	18	14.5
1981-06-26	0.8	2.4	20	13.5
1981-06-27	0	3.6	21	15
1981-06-28	0	4	22.5	15
1981-06-29	0	4.2	23	13
1981-06-30	5.5	4.3	20	14
1981-07-01	13.1	4.2	19.5	13
1981-07-02	1.4	2.9	25	14
1981-07-03	0	4.4	21	12
1981-07-04	0	1.7	30	14
1981-07-05	0	6.5	25	13
1981-07-06	4.3	2.5	27	11
1981-07-07	18.9	3.2	26	13
1981-07-08	3.2	8.5	21	12
1981-07-09	0	5.2	30	11
1981-07-10	0	3.9	27	13
1981-07-11	2.5	5.3	30	12
1981-07-12	0	6.9	28	13
1981-07-13	3.1	5.4	20	6
1981-07-14	1.5	1	30	12
1981-07-15	0	4.3	25	14
1981-07-16	0	4.5	24	12
1981-07-17	15.9	4.3	30	11
1981-07-18	9.1	4.3	26.5	13
1981-07-19	0	8.1	29	11
1981-07-20	0	5.6	24	12
1981-07-21	1	6.5	25	10
1981-07-22	20	4.1	25	11
1981-07-23	0	4.1	29	12
1981-07-24	0	7.6	27	14
1981-07-25	0	5.2	22	10
1981-07-26	0	4.1	25	12
1981-07-27	0	2.9	24	11
1981-07-28	5	3	26	10
1981-07-29	0	4.9	30	12
1981-07-30	0	7.8	27	16
1981-07-31	0	3.4	28	11
1981-08-01	0	4.3	22.5	14
1981-08-02	0	4.6	23	8
1981-08-03	0	4.6	23	11
1981-08-04	2.5	5.2	24	11
1981-08-05	0	5	23.5	9.5
1981-08-06	0	6.7	24	7
1981-08-07	0	4.1	24	10
1981-08-08	0	3.2	23.5	11.5
1981-08-09	0	2.9	23	11.5
1981-08-10	0	3.1	27	13.5
1981-08-11	0	6.4	26	7
1981-08-12	0	5.1	27	10
1981-08-13	0	6.9	26	12
1981-08-14	0	6.6	30	13
1981-08-15	0	5.3	23.5	15
1981-08-16	0	3.6	24.5	10
1981-08-17	0	2.6	27	11
1981-08-18	0	4.1	25.5	12
1981-08-19	0	4.5	22	11
1981-08-20	0	3.2	25	8.5
1981-08-21	4.8	3.4	23	11.5
1981-08-22	2	2.8	23	13
1981-08-23	0	3.4	21	13
1981-08-24	0	3.7	20	12
1981-08-25	1.7	5.5	22.5	9.5
1981-08-26	6.3	4.2	30	11.5
1981-08-27	8.3	8.5	30	12
1981-08-28	20	7.8	27	13
1981-08-29	0	5.2	30	14
1981-08-30	0	7.5	23	12
1981-08-31	0	4.2	25	14
1981-09-01	0	5.8	25.5	14.5
1981-09-02	0	4.5	24.5	13.5
1981-09-03	0	5.7	22.5	14.5
1981-09-04	0	2.4	20	14
1981-09-05	0	1.3	22.5	13.5
1981-09-06	0	4.2	22	14.5
1981-09-07	0	3.7	21.5	11
1981-09-08	0	6.4	26	10
1981-09-09	0	2.9	30	15
1981-09-10	0	6	30	16
1981-09-11	0	4.2	25	16
1981-09-12	0	4.6	27	14
1981-09-13	0	4.8	22	7
1981-09-14	0	2.5	26	9
1981-09-15	0	4.4	25.5	10
1981-09-16	0	7	20	7
1981-09-17	0	5.2	30	10
1981-09-18	10.3	8.9	20	14
1981-09-19	2	4.6	30	10
1981-09-20	0	6.4	23	14
1981-09-21	0	3.8	26	11
1981-09-22	0	4.3	23	14
1981-09-23	0	3.1	22	11
1981-09-24	0	4.1	24	10
1981-09-25	0	5.9	27	12
1981-09-26	0	4.2	26	14
1981-09-27	4	8.4	30	13
1981-09-28	5	8.4	28	15
1981-09-29	4	5	32	12
1981-09-30	10	5.2	25	15
1981-10-01	0	4.8	28	14
1981-10-02	0.4	3.2	19.5	16
1981-10-03	0	6.1	19	10
1981-10-04	0	3.8	21.5	9.5
1981-10-05	22	3.6	28	13
1981-10-06	0	7.2	30	12
1981-10-07	0	7.4	25	16
1981-10-08	3.4	5	22	14
1981-10-09	0	5	25	10
1981-10-10	6.2	8.2	23	9
1981-10-11	5	3.4	22	11.5
1981-10-12	12.2	6.3	22	13.5
1981-10-13	1.3	4.7	26	12
1981-10-14	0	1.8	28	13
1981-10-15	0	5.9	28	14
1981-10-16	0	4.3	26	14
1981-10-17	0	4.4	23.5	11
1981-10-18	0	7.6	30	10
1981-10-19	0	2.9	20	15
1981-10-20	5.6	2.5	23	12
1981-10-21	0	2.2	26	7
1981-10-22	0	3.9	25	5
1981-10-23	0	4.2	22.5	9
1981-10-24	6.9	4.3	22	10
1981-10-25	0	3.8	24	10
1981-10-26	0	2	17	12
1981-10-27	0	1.5	20	8.5
1981-10-28	0	3.7	22.5	9
1981-10-29	18.2	1.9	21.5	11
1981-10-30	12.6	2.6	25	7
1981-10-31	0	4.8	27	5
1981-11-01	0	4.7	17	7
1981-11-02	0	2.1	22	8
1981-11-03	0	3	19	10
1981-11-04	0	2.7	23	6
1981-11-05	0	3.3	26	9
1981-11-06	0	4.8	20.5	13
1981-11-07	0	2.8	21	7.5
1981-11-08	0	2.4	26	7
1981-11-09	0	4.5	25	12
1981-11-10	0	4.9	30	11
1981-11-11	0	5	20	14
1981-11-12	0	2.9	22	12
1981-11-13	0	6.3	20	9
1981-11-14	0	3.1	19	10
1981-11-15	0	3.6	26	5
1981-11-16	0	3.4	19	10
1981-11-17	0	2.9	20	6
1981-11-18	0	2	28	7
1981-11-19	0	7.1	25	10
1981-11-20	0	2.7	19	6
1981-11-21	0	4.7	21	5
1981-11-22	0	3.5	25	6.5
1981-11-23	0	4.8	22	8
1981-11-24	0	2.8	28	6
1981-11-25	0	4.1	30	14
1981-11-26	0	6.9	25	15
1981-11-27	0	4.8	24	13
1981-11-28	0	4.1	26	8
1981-11-29	0	4.2	26	10
1981-11-30	0	2.3	22	9
1981-12-01	0	7.4	23	9
1981-12-02	0	2.4	30	15
1981-12-03	0	3.2	26	14
1981-12-04	0	3.8	22	17
1981-12-05	2.6	6.2	21	10
1981-12-06	0	3.1	28	6
1981-12-07	0	4.6	19.1	11
1981-12-08	0	2	23	6
1981-12-09	0	4.4	28	13
1981-12-10	6.5	4.8	19	6
1981-12-11	0	1.1	20	7
1981-12-12	0	3.8	21	5
1981-12-13	0	3.7	21	7
1981-12-14	0	3.7	23	6
1981-12-15	0	1.9	22	5
1981-12-16	0	4	24	10
1981-12-17	0	4.2	23	7
1981-12-18	0	3.2	25	8
1981-12-19	0	2.8	30	9
1981-12-20	0	6.4	23	11
1981-12-21	0	3.4	22	14
1981-12-22	0	3	28	9
1981-12-23	0	4.3	23	11
1981-12-24	0	3.5	25	7.5
1981-12-25	0	2.9	29	7
1981-12-26	0	3.3	30	14
1981-12-27	0	3.6	22	15
1981-12-28	0	3.9	29	6
1981-12-29	0	2.7	26	12
1981-12-30	0	4.4	16	7
1981-12-31	0	2.7	25	5
1982-01-01	0	4.4	22	6
1982-01-02	0	4.3	26	5
1982-01-03	0	3.5	25	7
1982-01-04	0	3.8	21	5
1982-01-05	0	4.6	23	6
1982-01-06	0	4	24	7.5
1982-01-07	0	3.6	22	5.5
1982-01-08	0	3.8	20	6.5
1982-01-09	0	4.3	20	6
1982-01-10	0	4.3	28	4
1982-01-11	0	3.6	28	9
1982-01-12	0	3.4	21	9
1982-01-13	0	4.7	30	6
1982-01-14	0	4.3	25	9
1982-01-15	0	2.4	16	10
1982-01-16	0	3.4	24	9
1982-01-17	0	3.4	26	9
1982-01-18	0	3.6	24	6
1982-01-19	0	4.8	24	7
1982-01-20	0	4.4	26	6
1982-01-21	0	3.2	30	9
1982-01-22	0	3.3	26	15
1982-01-23	0	4.2	22	11
1982-01-24	0	2.5	30	8
1982-01-25	0	5.9	22	12
1982-01-26	0	4.7	24	5
1982-01-27	0	3.2	23	7
1982-01-28	0	7.2	22	12
1982-01-29	0	5.5	25	7
1982-01-30	0	3.9	28	9
1982-01-31	0	3.4	23	10
1982-02-01	0	6.7	28	5
1982-02-02	0	3.3	26	8
1982-02-03	0	2.8	22	9
1982-02-04	0	2.1	25	10
1982-02-05	0	5	19	7
1982-02-06	0	3.1	20	5
1982-02-07	0	4	30	6
1982-02-08	3.6	6.9	25	10
1982-02-09	0	4	26	10
1982-02-10	0	4.4	26	7
1982-02-11	0	4.7	28	8
1982-02-12	0	5.3	16	9
1982-02-13	0	4.3	22.5	-4
1982-02-14	0	4.5	24	9
1982-02-15	0	5	20	6
1982-02-16	0	4.9	19	7
1982-02-17	0	3.8	25	9
1982-02-18	0	5.2	25	8
1982-02-19	0	2.1	23	9
1982-02-20	0	7.1	21	6
1982-02-21	0	5.7	21.5	8
1982-02-22	0	4.1	21	6
1982-02-23	0	5.6	23.5	4
1982-02-24	0	5.7	25	6
1982-02-25	1.6	4	25	7
1982-02-26	7.6	4.2	20	8
1982-02-27	0	2.5	21	7
1982-02-28	6.9	3.5	21	8
1982-03-01	5.8	2.7	16.5	11.5
1982-03-02	0	4.3	19	4
1982-03-03	0	5.1	23	5
1982-03-04	0	2.5	25	8
1982-03-05	0	5.4	25	10
1982-03-06	0	6.4	28	6
1982-03-07	0	8	22	7
1982-03-08	0	6.4	27	15
1982-03-09	0	4.4	24	9
1982-03-10	0	6	28	8
1982-03-11	0	4.4	26	10
1982-03-12	0	3.1	30	14
1982-03-13	0	3.5	24	6
1982-03-14	0	5.5	29	11
1982-03-15	0	5.7	22	12
1982-03-16	0	9.7	30	10
1982-03-17	0	6	23	14
1982-03-18	0	9.4	30	8
1982-03-19	0	7.3	25	6
1982-03-20	1.4	8.5	29	12
1982-03-21	5.2	8.1	27	12
1982-03-22	10.1	3	25	10
1982-03-23	0	6.8	23	10
1982-03-24	0	6.7	27	7
1982-03-25	0	6.3	28	11
1982-03-26	0	2.8	30	10
1982-03-27	0	7.3	29	12
1982-03-28	0	6.8	29	15
1982-03-29	0	6.7	28	15.5
1982-03-30	0	4.6	28	14.5
1982-03-31	0	5.1	27	10
1982-04-01	0	7.1	26	6
1982-04-02	0	7.3	25	10
1982-04-03	0	4.5	28	16
1982-04-04	0	8.5	22	15
1982-04-05	0	7.9	30	10
1982-04-06	0	9.1	29	17
1982-04-07	0	9	30	12
1982-04-08	0	8.7	17	15
1982-04-09	0	8.5	26	8
1982-04-10	0	9.3	30	12
1982-04-11	0	6.5	21	15
1982-04-12	0	8.4	30	11
1982-04-13	0	10	28	13
1982-04-14	0	7	18.1	14
1982-04-15	0	5.7	31	7
1982-04-16	0	10.6	26	12
1982-04-17	0	10.1	21	13
1982-04-18	0	8.9	16	12
1982-04-19	0	10.4	30	8
1982-04-20	0	8.2	30	11
1982-04-21	0	5	22	12
1982-04-22	0	3.6	23	8
1982-04-23	0	6.3	27	9
1982-04-24	0	5.4	30	10
1982-04-25	0	5.7	22	15
1982-04-26	0	4.9	26	12
1982-04-27	0	3.4	19	8
1982-04-28	0	4.7	30	6
1982-04-29	16	3.4	25	14
1982-04-30	0	5.2	28	13
1982-06-01	0	NULO	19	15
1982-06-02	0	NULO	30	6
1982-06-03	0	NULO	30	14
1982-06-04	0	NULO	23	16
1982-06-05	0	NULO	27	13
1982-06-06	0	NULO	19	14
1982-06-07	0	NULO	22	6
1982-06-08	0	NULO	30	7
1982-06-09	0	NULO	23	10
1982-06-10	0	NULO	26	8
1982-06-11	7.5	NULO	23	10
1982-06-12	0	2	30	6
1982-06-13	0	4.6	23	8
1982-06-14	0	8.1	27	12
1982-06-15	0	6.1	30	10
1982-06-16	0	6	29	14
1982-06-17	0	8.9	31	5
1982-06-18	0	9	30	14
1982-06-19	0	4.5	24	14
1982-06-20	4	3.2	22	12
1982-06-21	0	7.4	27	8
1982-06-22	0	7.6	30	10
1982-06-23	0	10.2	27	12
1982-06-24	0	9.7	27.5	14
1982-06-25	0	6.2	22	10
1982-06-26	0	5.6	30	10
1982-06-27	0	8.4	25	17
1982-06-28	0	4.2	25	14
1982-06-29	5.7	4.1	27	16
1982-06-30	0	3.2	26	14
1982-07-01	0	3	28	11
1982-07-02	0	5.2	27	14
1982-07-03	0	4.1	28	11
1982-07-04	5	3.4	29	13
1982-07-05	5.2	3	30	14
1982-07-06	0	9.2	26	16
1982-07-07	0	6.7	25	14
1982-07-08	0	7.6	24	12
1982-07-09	0	3.4	27	10
1982-07-10	0	3.1	23	13
1982-07-11	0	5.7	21	10
1982-07-12	0	8.4	28	8
1982-07-13	0	5.4	30	14
1982-07-14	0	7.5	25	16
1982-07-15	0	5.3	27	11
1982-07-16	0	5.2	30	12
1982-07-17	0	8.6	26	17
1982-07-18	12.3	5.4	30	13
1982-07-19	0	8.7	25	14
1982-07-20	0	5.5	25	10
1982-07-21	0	5.3	24	12
1982-07-22	0	4.2	26	6
1982-07-23	0	4.3	30	11
1982-07-24	5	9.2	27	15
1982-07-25	2	4.8	26	12
1982-07-26	7.6	3.4	22	13
1982-07-27	0	6.1	30	11
1982-07-28	0	6.2	26	15
1982-07-29	0	4.8	25	11
1982-07-30	0	6	28	12
1982-07-31	0	5.3	19	13
1982-08-01	0	4.7	25	12
1982-08-02	0	4.2	30	14
1982-08-03	3.1	8.5	25	15
1982-08-04	0	4.5	30.5	14.5
1982-08-05	0	6.4	25	15
1982-08-06	1	4.9	28	14
1982-08-07	0	5.2	29	12
1982-08-08	0	4.2	30	16
1982-08-09	0	5.1	26	17
1982-08-10	0	4.2	21	12
1982-08-11	0	5.3	30	11
1982-08-12	0	4.7	26	14
1982-08-13	0	7.9	22	11
1982-08-14	31.3	3.8	25	10
1982-08-15	0	6.9	30	15
1982-08-16	0	7.3	25	11
1982-08-17	0	4.8	22	15
1982-08-18	6	3.2	20	9
1982-08-19	0	3.6	30	6
1982-08-20	0	8.2	26	12
1982-08-21	0	5.8	19	11
1982-08-22	0	2.5	20	10
1982-08-23	0	3.1	30	7
1982-08-24	0	7.1	18.1	15
1982-08-25	0	3.5	22	10
1982-08-26	0	4.3	26	12
1982-08-27	0	5.5	21	9
1982-08-28	0	5.6	25	7
1982-08-29	0	6.8	21	10
1982-08-30	0	5.8	23	9
1982-08-31	0	4.3	19	7
1982-09-01	0	NULO	21	9
1982-09-02	0	NULO	26	13
1982-09-03	0	NULO	30	11
1982-09-04	2.3	NULO	26	12
1982-09-05	0	NULO	22	14
1982-09-06	0	NULO	26	10.5
1982-09-07	0	NULO	23	12
1982-09-08	3	NULO	22	11
1982-09-09	0	NULO	21	9
1982-09-10	0	2.3	29	11
1982-09-11	0	7.2	28	12.5
1982-09-12	0	5.3	28	13
1982-09-13	0	9.3	27	15
1982-09-14	0	4.3	29	15.5
1982-09-15	0	4.4	23	14
1982-09-16	0	6.1	21	11
1982-09-17	0	3.9	30	9
1982-09-18	0	7.2	20.5	15
1982-09-19	7	2	21	12.5
1982-09-20	3	2.9	23.5	10.5
1982-09-21	4	3.1	23	13
1982-09-22	0	5.4	26	12
1982-09-23	0	3	25	11
1982-09-24	0	4	21	10
1982-09-25	0	4.8	23	8.5
1982-09-26	0	6.6	21.5	11
1982-09-27	0	5.9	26.5	9
1982-09-28	0	6.9	26	10
1982-09-29	0	6.9	26.5	11.5
1982-09-30	0	6	25.5	11
1982-10-01	0	3.9	22	12.5
1982-10-02	0	3.5	22.5	11
1982-10-03	0	2.2	22	11
1982-10-04	0	3.5	21	11.5
1982-10-05	0	3.2	24	11
1982-10-06	0	4.5	19	12.5
1982-10-07	1	2.3	20	7
1982-10-08	0	2.3	27.5	7
1982-10-09	4.1	4	25	10.5
1982-10-10	6.2	3.8	23	15.5
1982-10-11	5.1	3.1	24	14
1982-10-12	4.3	4.6	23	14
1982-10-13	0	3.9	22	12
1982-10-14	0	3.8	25	13
1982-10-15	0	1.7	20	11
1982-10-16	0	1.2	21	10.5
1982-10-17	0	4.4	21	12
1982-10-18	0	3.8	24	10.5
1982-10-19	0	4.5	24	11
1982-10-20	0	4.7	26	8
1982-10-21	0	3.2	20	8
1982-10-22	1.1	3.2	20.5	11
1982-10-23	0	2.8	20	7
1982-10-24	0	2.5	18.5	8
1982-10-25	0	2	20	4
1982-10-26	0	4.4	21	5
1982-10-27	0	4.5	21	6
1982-10-28	0	NULO	15	7
1982-10-29	0	NULO	16	10
1982-10-30	0	NULO	15.5	10
1982-10-31	0	NULO	20	10.5
1982-11-01	0	NULO	24	9
1982-11-02	0	NULO	24	8
1982-11-03	0	NULO	15	11
1982-11-04	0	NULO	12	10
1982-11-05	0	NULO	14	10
1982-11-06	0	NULO	20	0
1982-11-07	0	NULO	20	-1.5
1982-11-08	0	1.4	24	1
1982-11-09	0	6	23.5	2
1982-11-10	0	4.2	23	2
1982-11-11	0	3.3	25	6
1982-11-12	0	6.5	23.5	4
1982-11-13	0	4.9	17	7
1982-11-14	0	1	24	7.5
1982-11-15	0	2.5	20	9
1982-11-16	0	5.7	23	8
1982-11-17	0	4.2	25	12
1982-11-18	0	4.4	25	11
1982-11-19	0	3.7	23.5	11
1982-11-20	0	3.9	24	10
1982-11-21	0	4.1	24	7
1982-11-22	0	3.4	20	6
1982-11-23	0	4.3	23.5	9
1982-11-24	0	2.4	21	6
1982-11-25	0	5.6	21	4
1982-11-26	0	3	23	3
1982-11-27	0	2.9	21	5
1982-11-28	5.3	3.7	25	10
1982-11-29	0	2.6	24	9
1982-11-30	0	3	23	10
1982-12-01	0	1.5	23	10
1982-12-02	0	4.7	22	9
1982-12-03	0	6	21	8
1982-12-04	0	4.2	24	7
1982-12-05	0	6.3	23	3
1982-12-06	0	3.3	19.5	5
1982-12-07	0	2.7	20	5
1982-12-08	0	3.1	20	5
1982-12-09	0	2.6	20	4
1982-12-10	0	2.8	29	5
1982-12-11	0	4.1	25	9
1982-12-12	0	4	19	7
1982-12-13	0	1.4	20	7.5
1982-12-14	0	1.3	15	9
1982-12-15	0	1.7	16	10
1982-12-16	0	1.5	17	8
1982-12-17	0	1.9	20	3
1982-12-18	0	3	20	2
1982-12-19	0	3.2	19	3
1982-12-20	0	4.8	20	5
1982-12-21	0	3.9	22	6
1982-12-22	0	4	21	5
1982-12-23	0	5.2	25	6
1982-12-24	0	NULO	24.5	6
1982-12-25	0	NULO	20	8
1982-12-26	0	NULO	22	5
1982-12-27	0	NULO	23.5	7
1982-12-28	0	NULO	24	10
1982-12-29	3.8	NULO	21	9.5
1982-12-30	0	3.6	22	9
1982-12-31	0	3	22.5	9.5
1983-01-01	0	1.3	19	9.5
1983-01-02	0	2.6	19	9.5
1983-01-03	0	3.2	16	3
1983-01-04	0	1.7	20	5
1983-01-05	1.4	3	19	8.5
1983-01-06	0	1.8	19	5
1983-01-07	0	2.8	20	4
1983-01-08	0	3.5	23	7
1983-01-09	0	3.8	21	8
1983-01-10	0	3.4	20	6
1983-01-11	0	2.6	18	5
1983-01-12	0	2.6	11	5
1983-01-13	0	1.2	14	2
1983-01-14	1.3	1.9	20	2
1983-01-15	0	1.3	16	5
1983-01-16	3.3	1.2	13.5	4
1983-01-17	0	1.7	19	5.5
1983-01-18	34.9	1.1	16	9
1983-01-19	5	7.5	16	7
1983-01-20	0	6.3	15	8
1983-01-21	0	5.1	21	5
1983-01-22	0	4.6	15	7
1983-01-23	0	3.7	19	3
1983-01-24	0	3.7	12	2
1983-01-25	0	5	21	1
1983-01-26	0	2.3	20	0
1983-01-27	0	4.5	21	2
1983-01-28	0	5.6	18	12
1983-01-29	0	5.2	22	8
1983-01-30	0	4.7	21	9
1983-01-31	0	3.2	16	11
1983-02-01	0	NULO	24	4
1983-02-02	0	NULO	25	4.5
1983-02-03	0	NULO	26	0
1983-02-04	0	NULO	23	5
1983-02-05	0	NULO	25	7
1983-02-06	0	NULO	24	4
1983-02-07	0	NULO	25	7
1983-02-08	0	NULO	22	9
1983-02-09	0	NULO	22	5
1983-02-10	0	NULO	23	4
1983-02-11	0.5	NULO	22	4
1983-02-12	0	NULO	19	1
1983-02-13	0	NULO	19.5	0
1983-02-14	0	NULO	25	2
1983-02-15	0	NULO	20	9
1983-02-16	0	NULO	19	0
1983-02-17	0	4.5	24	0
1983-02-18	0	5.7	21	7.5
1983-02-19	0	5.6	21	8
1983-02-20	0	5.7	22	2
1983-02-21	0	6.9	22	3
1983-02-22	0	5.1	21	5
1983-02-23	0	4.3	21.5	8
1983-02-24	2.1	5.1	24	9
1983-02-25	0	5.3	24	7.5
1983-02-26	0	4.7	23	6
1983-02-27	0	4.2	25	5
1983-02-28	0	6.8	20	8
1983-03-01	0	6.3	25	8
1983-03-02	0	5.4	26	6
1983-03-03	0	4.6	26	8
1983-03-04	0	NULO	23.5	2
1983-03-05	0	NULO	22	1
1983-03-06	0	NULO	26	8
1983-03-07	0	NULO	22	4.5
1983-03-08	0	NULO	25	4
1983-03-09	0	NULO	25	4
1983-03-10	0	NULO	22	5
1983-03-11	0	NULO	23.5	5
1983-03-12	1.3	NULO	18	6.5
1983-03-13	8.4	NULO	20	2
1983-03-14	0	NULO	20	2
1983-03-15	0	NULO	24	0
1983-03-16	0	NULO	20	0
1983-03-17	0	NULO	29	0
1983-03-18	0	NULO	29	3
1983-03-19	0	NULO	29.5	9
1983-03-20	0	NULO	29	11
1983-03-21	0	NULO	25	15
1983-03-22	0	7.7	29.5	8
1983-03-23	0	8.7	27	14
1983-03-24	0	8.3	27	10
1983-03-25	0	7.1	30	7
1983-03-26	0	10.1	27	11
1983-03-27	0	7.2	25	2
1983-03-28	0	5	24.5	2
1983-03-29	0	4.9	25	7
1983-03-30	0	5.7	21	11
1983-03-31	0	5	25	2
1983-04-01	0	8.3	27	10
1983-04-02	0	8.2	26	4
1983-04-03	0	7.6	27	9.5
1983-04-04	0	7.7	23	13
1983-04-05	0	6	30	12
1983-04-06	0	10.8	28	13
1983-04-07	0	8.2	27	15
1983-04-08	0	7.3	26	11
1983-04-09	0	6.4	27	13
1983-04-10	0	7.5	25	12.5
1983-04-11	0	6.1	29	8
1983-04-12	0	9.6	30	12
1983-04-13	0	9.6	30	7
1983-04-14	0	9.3	27	8
1983-04-15	0	7.9	25	5
1983-04-16	0	5.1	25	8
1983-04-17	0	6.5	26.5	10
1983-04-18	0	6.4	28	9
1983-04-19	0	8.1	30	12
1983-04-20	0	9.3	30	13
1983-04-21	0	NULO	32	14
1983-04-22	0	NULO	33	10
1983-04-23	0	NULO	31	15
1983-04-24	0	NULO	27	6
1983-04-25	0	NULO	30	9
1983-04-26	0	NULO	30	15
1983-04-27	0	NULO	29	16
1983-04-28	0	NULO	30	14
1983-04-29	0	NULO	30	14
1983-04-30	0	7.7	31	14
1983-05-01	0	7.2	30	15
1983-05-02	0	10.7	33	15
1983-05-03	0	8.9	29	16
1983-05-04	0	9.8	29	10
1983-05-05	0	7.9	31.5	10
1983-05-06	0	9.7	31.5	14.5
1983-05-07	0	9.3	32.5	16
1983-05-08	1.4	5.5	28.5	12
1983-05-09	0.3	6.7	31	15
1983-05-10	0	NULO	30	14.5
1983-05-11	0	NULO	30	15.5
1983-05-12	0	NULO	30	18.5
1983-05-13	0	NULO	30	14.5
1983-05-14	0	NULO	30	13
1983-05-15	0	NULO	32	12
1983-05-16	0	NULO	30	10
1983-05-17	0	NULO	31	16
1983-05-18	0	NULO	30	17
1983-05-19	6.7	NULO	32	13
1983-05-20	20	NULO	30	15
1983-05-21	0.8	NULO	30	12
1983-05-22	0	NULO	29	14.5
1983-05-23	0	NULO	26	15
1983-05-24	0	NULO	26	14
1983-05-25	20	NULO	23	13
1983-05-26	14.5	NULO	24	7
1983-05-27	0	NULO	23	8
1983-05-28	0	NULO	25	9
1983-05-29	0	NULO	27	10
1983-05-30	0	NULO	28	13
1983-05-31	0	NULO	27	15
1983-06-01	0	NULO	29	7
1983-06-02	0	NULO	31	13
1983-06-03	0	NULO	29	11
1983-06-04	0	NULO	30	9
1983-06-05	0	NULO	30	9
1983-06-06	5	NULO	33	12
1983-06-07	0	NULO	30	12
1983-06-08	0	NULO	29	9
1983-06-09	0	NULO	32	11
1983-06-10	0	NULO	30	7.5
1983-06-11	0	NULO	30	7
1983-06-12	0	NULO	30	7
1983-06-13	0	NULO	30	9
1983-06-14	0	NULO	28	8.5
1983-06-15	0	NULO	25	9
1983-06-16	0	NULO	24	8
1983-06-17	0	NULO	31	6
1983-06-18	0	NULO	31	10
1983-06-19	0	NULO	29	6
1983-06-20	0	NULO	31	8
1983-06-21	0	NULO	32	6
1983-06-22	0	NULO	32	5
1983-06-23	0	NULO	32	6
1983-06-24	0	NULO	34	10
1983-06-25	5.8	NULO	34	10
1983-06-26	0	NULO	33	12
1983-06-27	0	NULO	31	6
1983-06-28	0	NULO	29	5
1983-06-29	0	NULO	28	5
1983-06-30	6	NULO	23	12
1983-07-01	15.1	4.9	26	8
1983-07-02	0	4.3	25	10
1983-07-03	0	5.4	25	10
1983-07-04	0	6.8	25	11
1983-07-05	0	6.3	25	10
1983-07-06	0	7.1	25	9
1983-07-07	0	6.3	25	5
1983-07-08	0	4.9	25	4
1983-07-09	0	3.7	22	5
1983-07-10	2.2	4.8	24	5
1983-07-11	1.9	3.7	25	9
1983-07-12	2	5.8	24	11
1983-07-13	12	5.8	25	10
1983-07-14	1.5	2.8	18	10
1983-07-15	3	4.2	25	10
1983-07-16	16.4	3.2	20.5	10
1983-07-17	2.2	2.3	18	11
1983-07-18	0	2.3	17	9
1983-07-19	0	4	24	7
1983-07-20	0	5.7	24	9
1983-07-21	0	4.6	24	9
1983-07-22	0	5.9	24	6
1983-07-23	0	5.1	25	8
1983-07-24	0	5.7	27	6.5
1983-07-25	0	5.7	25	5
1983-07-26	0	5.2	26	6
1983-07-27	13	5.8	25	5
1983-07-28	0	4.9	25	9
1983-07-29	0	5.3	25	5
1983-07-30	0	5.8	25	6
1983-07-31	0	4.8	24	12
1983-08-01	0	NULO	26	7.5
1983-08-02	0	NULO	25	5
1983-08-03	10.7	NULO	24	11
1983-08-04	4	NULO	19	10
1983-08-05	4	NULO	20	5
1983-08-06	8	NULO	20	8
1983-08-07	0	NULO	24	9
1983-08-08	0	NULO	24	8
1983-08-09	0	NULO	24	8
1983-08-10	0	NULO	25	8
1983-08-11	10.5	NULO	20	10
1983-08-12	0	NULO	21	6
1983-08-13	0	NULO	25	7
1983-08-14	0	NULO	24	9
1983-08-15	0	NULO	21	9
1983-08-16	0	NULO	25	5.5
1983-08-17	0	NULO	27	7.5
1983-08-18	0	NULO	27.5	5
1983-08-19	0	8.6	27	6
1983-08-20	0	6	26	9
1983-08-21	0	9.6	20	6
1983-08-22	0	4.3	26	5
1983-08-23	0	7.1	26	6
1983-08-24	0	8.2	25	5
1983-08-25	0	5.9	25	6
1983-08-26	0	5.7	25	8
1983-08-27	0	6.8	26.5	5
1983-08-28	0	6.9	26	5
1983-08-29	0	5.6	26	4
1983-08-30	0	7.1	28	7
1983-08-31	0	7.1	27	5
1983-09-01	0	4.4	24.5	6
1983-09-02	0	5.1	25.5	8
1983-09-03	0	3.8	23	11
1983-09-04	0	4.3	27	8
1983-09-05	0	3	26	9
1983-09-06	2.5	3.1	25.5	8
1983-09-07	2.2	5.1	25.5	7
1983-09-08	31.8	5.9	26	11
1983-09-09	12.4	5.8	25	11
1983-09-10	11.7	4	22.5	10
1983-09-11	0.9	3.9	23	10
1983-09-12	3	5	24	10
1983-09-13	0.7	3.4	22	10
1983-09-14	0	3.9	23	7.5
1983-09-15	0	3.8	23	8
1983-09-16	15.6	4.8	23	10
1983-09-17	1.6	3.5	22	7
1983-09-18	1	3.4	23	10
1983-09-19	2	7.1	28	10
1983-09-20	3	4.4	25	8
1983-09-21	0	2.8	21	8
1983-09-22	0	2.9	22.5	3
1983-09-23	0.5	2.3	23	5
1983-09-24	1.1	2.6	24.5	9
1983-09-25	2	5	20	9.5
1983-09-26	11	2.3	20	9
1983-09-27	4	2.4	20	8
1983-09-28	0	4.7	21	4
1983-09-29	0	3	22	5
1983-09-30	0	4.2	24	3
1983-10-01	0	3.8	22	6
1983-10-02	0	3.2	24	5
1983-10-03	0	5.9	25	5
1983-10-04	0	4.5	25	4
1983-10-05	0	3.9	25	4
1983-10-06	0	1.4	17.5	4
1983-10-07	0	5.3	25	6
1983-10-08	0	5.2	27	5
1983-10-09	0	5.7	25	2
1983-10-10	0	5.4	25.5	5
1983-10-11	2.5	5	27	5
1983-10-12	0	4.2	25	4
1983-10-13	0	3.8	24	5
1983-10-14	0	3.7	23	7
1983-10-15	0	3.8	24	7
1983-10-16	0	4.4	24	5
1983-10-17	0	4.8	25	5
1983-10-18	0	4.6	24	8
1983-10-19	0	2.2	22	8
1983-10-20	0	4.3	24.5	4
1983-10-21	0	4.6	24.5	5
1983-10-22	1	2.2	20	5
1983-10-23	0	2.9	23.5	8
1983-10-24	0	3.2	24	5
1983-10-25	0	1.4	17.5	5
1983-10-26	0	1.1	17	-1
1983-10-27	0	1.1	15	-1
1983-10-28	0	3	22	3
1983-10-29	0	3.5	23	3
1983-10-30	0	2.3	19	4
1983-10-31	0	1.4	18	3
1983-11-01	0	4	24	6
1983-11-02	0	4.3	25	4.5
1983-11-03	0	3.2	22	2
1983-11-04	0	4.6	24	3
1983-11-05	16.7	3.8	23.5	5
1983-11-06	0.3	1.9	21	9.5
1983-11-07	7	3.2	23	8
1983-11-08	3.5	1.1	20.5	8
1983-11-09	0	3.2	20	9
1983-11-10	0	4.9	23	5
1983-11-11	0	4.1	23	3
1983-11-12	0	4	22	3
1983-11-13	0	5	24	5
1983-11-14	0	4.6	25	6
1983-11-15	0	5.5	22	5
1983-11-16	0	2.4	23	4
1983-11-17	0	4.7	22.5	4
1983-11-18	0	4.9	23	5
1983-11-19	0	4.1	22	7
1983-11-20	0	3.7	26	3
1983-11-21	0	NULO	25	6
1983-11-22	0	NULO	24.5	7
1983-11-23	3.5	NULO	25	9
1983-11-24	0	NULO	24.5	4
1983-11-25	0	NULO	25	3.5
1983-11-26	0	7	24.5	6
1983-11-27	0	4.2	23.5	9
1983-11-28	0	4.1	24	3
1983-11-29	0	4	25	5
1983-11-30	0	3.1	25	5
1983-12-01	0	4.1	23	4
1983-12-02	0	5.4	26	4
1983-12-03	0	3.8	25	7
1983-12-04	0	3.8	26	8
1983-12-05	0	4.7	24	8
1983-12-06	0	2.6	21	7
1983-12-07	0	3	24	4
1983-12-08	0	5	24.5	4
1983-12-09	0	3	23	5
1983-12-10	0	4.8	25	5
1983-12-11	0	4.4	23	3
1983-12-12	0	3.1	24	6
1983-12-13	0	4.5	24.5	5
1983-12-14	0	4.1	24	6.5
1983-12-15	0	4.2	25	4
1983-12-16	0	5.2	21	4
1983-12-17	0	3.9	19.5	0
1983-12-18	0	3.1	23	4
1983-12-19	0	2.2	19	1
1983-12-20	0	4.4	22.5	3
1983-12-21	0	3.9	19	5
1983-12-22	0	4.2	23	4.5
1983-12-23	0	4.9	24	5
1983-12-24	0	3.2	20	0
1983-12-25	0	4.2	23.5	0
1983-12-26	0	4.7	24	4.5
1983-12-27	0	5.2	24	5
1983-12-28	0	3.9	23	3
1983-12-29	0	3.6	16.5	5
1983-12-30	0	2.3	14	-5
1983-12-31	0	2.5	18	-7
1984-01-01	0	3.5	24	-5
1984-01-02	0	3.1	20	-4
1984-01-03	1	1	17	-4
1984-01-04	0	1.7	18	1
1984-01-05	0	3.9	22	1
1984-01-06	0	3.7	23	2
1984-01-07	0	4.4	24.5	3
1984-01-08	0	NULO	23.5	4
1984-01-09	0	NULO	17	6
1984-01-10	0	NULO	20	1
1984-01-11	5.3	NULO	20	2
1984-01-12	0	NULO	20	0
1984-01-13	0	NULO	20	0
1984-01-14	0	4.3	22	2
1984-01-15	0	3.5	25	4
1984-01-16	0	3.3	24	4
1984-01-17	0	6.4	24.5	4
1984-01-18	0	5.9	22	4
1984-01-19	0	2.4	20	2
1984-01-20	0	4.4	24	5
1984-01-21	0	2.1	18	2
1984-01-22	0	3.7	23	0
1984-01-23	0	5.3	23	5
1984-01-24	0	4.4	22	4
1984-01-25	0	3.9	20	4
1984-01-26	0	5.9	24	2
1984-01-27	0	5.3	23	0
1984-01-28	0	3.7	22.5	1
1984-01-29	0	2.8	25	3
1984-01-30	4	3.7	23	6
1984-01-31	0	2.4	20	5
1984-02-01	0	4.9	20	3
1984-02-02	0	4.1	25	3
1984-02-03	0	3.5	23	0
1984-02-04	0	3.5	22	1
1984-02-05	0	4.6	23	2
1984-02-06	0	1.7	15	0
1984-02-07	2	2.4	20	0.5
1984-02-08	3.5	2.4	15	0
1984-02-09	0	2.6	18	0
1984-02-10	0	2.9	20	1
1984-02-11	0	3.8	22.5	4
1984-02-12	0	2.6	21	6
1984-02-13	0	3.2	22	3
1984-02-14	0	4.3	25	1
1984-02-15	0	4.1	25	4
1984-02-16	0	5.3	23	2
1984-02-17	0	6.1	25	1
1984-02-18	11.5	5.4	27	5
1984-02-19	2	4.8	24	6
1984-02-20	0	5.9	22	5
1984-02-21	0	5.8	20	9
1984-02-22	0	4.7	25	6
1984-02-23	0	6.4	26	6
1984-02-24	0	2.8	24	5
1984-02-25	0	5.9	25	1
1984-02-26	0	5.9	26	1
1984-02-27	0	4.3	24	1
1984-02-28	0	2.4	24	-5
1984-02-29	0	2.2	18	-4
1984-03-01	0	6.8	24	1
1984-03-02	0	6.6	24	1
1984-03-03	0	3.9	26	5
1984-03-04	0	8.1	26	6
1984-03-05	0	5.1	25	5
1984-03-06	0	4.1	23	5
1984-03-07	0	6.3	26	7
1984-03-08	0	7.3	24	1
1984-03-09	0	6.4	28	4
1984-03-10	0	8.8	27	5
1984-03-11	0	4.6	26	1
1984-03-12	0.3	4.5	27	6
1984-03-13	15.2	4.2	25	6
1984-03-14	3	4.2	24	6
1984-03-15	0	5.5	24	5
1984-03-16	0	5.9	25	4
1984-03-17	0	7.3	25	4
1984-03-18	0	7.3	27	3
1984-03-19	0	7.6	28	7
1984-03-20	0	6.1	22.5	5
1984-03-21	3.8	2.8	23.5	6
1984-03-22	0.2	4.9	22	8
1984-03-23	0	6.2	26	5
1984-03-24	0	3.1	22	5
1984-03-25	0	9.2	30	7
1984-03-26	0	8.2	30	8
1984-03-27	0	8.9	30	7
1984-03-28	0	9.7	31	5
1984-03-29	0	8.8	29	5
1984-03-30	0	8.2	30	9
1984-03-31	0	9.2	30	10
1984-04-01	0	8.9	31	7
1984-04-02	0	9.3	30	10
1984-04-03	0	9.4	30	8
1984-04-04	0	6.9	28	7
1984-04-05	0	7.6	28.5	3
1984-04-06	0	7.5	31	10
1984-04-07	0	9.6	31	10
1984-04-08	0	NULO	29	12
1984-04-09	0	NULO	30.5	10
1984-04-10	0	NULO	28	11
1984-04-11	0	NULO	30	9.5
1984-04-12	0	NULO	30	10
1984-04-13	0	NULO	30	6
1984-04-14	0	NULO	30	5
1984-04-15	0	NULO	22	5
1984-04-16	0	NULO	24	3
1984-04-17	0	NULO	26	4
1984-04-18	0	NULO	28	7
1984-04-19	0	NULO	29	5
1984-04-20	0	NULO	30	10
1984-04-21	0	NULO	30	10
1984-04-22	0	NULO	28	8
1984-04-23	0	NULO	31	9
1984-04-24	0	NULO	30	9
1984-04-25	0	7.7	32	10
1984-04-26	0	10	32	9
1984-04-27	0	10.2	34	8
1984-04-28	0	10.6	33	15
1984-04-29	0	10.4	32	13
1984-04-30	0	9.5	30	10
1984-05-01	6	4.5	30	12
1984-05-02	0	5.5	30	12
1984-05-03	0	6.1	29	10
1984-05-04	1	7.5	30	9
1984-05-05	0	7.8	31	10
1984-05-06	1	8.4	30	11
1984-05-07	0	7.7	30	9
1984-05-08	0	3.7	20	9
1984-05-09	0	5.1	25	5
1984-05-10	0	6.8	25	5
1984-05-11	0	5.6	26	7
1984-05-12	5	2.7	20	7
1984-05-13	3	4.4	24	4
1984-05-14	6	3.7	22	6
1984-05-15	6	4.4	20	5
1984-05-16	11	8.2	25	3
1984-05-17	0	4.9	22	4
1984-05-18	0	5.3	24	5
1984-05-19	0	4.2	25	8
1984-05-20	0	5.7	25	9
1984-05-21	0	8.2	25	9
1984-05-22	0	8.6	27	9
1984-05-23	0	10.3	29	7
1984-05-24	0	7.1	25	7
1984-05-25	0	6.9	26	5
1984-05-26	0	6.8	25	5
1984-05-27	0	5.7	25	6
1984-05-28	5	3.6	22	4
1984-05-29	3	1.4	15	7
1984-05-30	0	1.6	15	4
1984-05-31	0	3.5	20	3
1984-06-01	0	4.6	24	3
1984-06-02	0	4.5	26	5
1984-06-03	5	5.2	26	9
1984-06-04	10	4.9	25	8
1984-06-05	5.5	5.5	20	8
1984-06-06	0	3.5	25	9
1984-06-07	0	4.1	26	10
1984-06-08	0	5.3	27	8
1984-06-09	0	5.3	25	8
1984-06-10	4.5	7.2	24	7
1984-06-11	3	4	23	8
1984-06-12	0	3.9	21	8
1984-06-13	0	5.9	24	7
1984-06-14	0	7.2	24	9
1984-06-15	0	4.8	25	8
1984-06-16	0	9.3	25	6
1984-06-17	0	7.8	25	10
1984-06-18	0	5.9	25	6
1984-06-19	11.5	3	24	5
1984-06-20	0	4.9	20	9
1984-06-21	0	4.6	25	7
1984-06-22	4	4.8	24	7
1984-06-23	11	5.5	26	6
1984-06-24	0	6.1	25	8
1984-06-25	0	6.2	24	5
1984-06-26	1	4.2	25	5
1984-06-27	2	4.9	27	9
1984-06-28	0	4.6	25	7
1984-06-29	0	4.9	26	6
1984-06-30	14.6	4.1	22	12
1984-07-01	0	2.2	20	7
1984-07-02	0	3.4	20	7
1984-07-03	1.5	3.6	24	8
1984-07-04	18	3.9	25	10
1984-07-05	1.5	1.4	20	8
1984-07-06	3.5	3.3	21	8
1984-07-07	0	7.2	24	7
1984-07-08	0	4.6	22	10
1984-07-09	19	3.5	20	7
1984-07-10	7.5	3.5	19	9
1984-07-11	0	3.3	19	9
1984-07-12	3	2.3	20	9
1984-07-13	8	3.4	18	9
1984-07-14	6.5	4.9	22	9
1984-07-15	0	3.5	20	9
1984-07-16	0	3.6	20	5
1984-07-17	2	4.2	23	8
1984-07-18	0	3.5	21	6
1984-07-19	0	5.4	24	6
1984-07-20	0	5.2	24	6
1984-07-21	0	6.5	25	7
1984-07-22	0	5.9	25	5
1984-07-23	0	5.9	25	5
1984-07-24	0	4.8	24	5
1984-07-25	0	4.7	24	8
1984-07-26	0	4.4	23	9
1984-07-27	0	3.2	23	8
1984-07-28	0	4.1	24	5
1984-07-29	0	5.2	24	6
1984-07-30	0	4.1	20	9
1984-07-31	0	5.2	22	5
1984-08-01	0	5.1	25	4
1984-08-02	0	7.7	25	6
1984-08-03	2.5	5.8	24	6
1984-08-04	0	6	24	8
1984-08-05	0	5.2	29	6
1984-08-06	2	3.2	25	8
1984-08-07	5	4.3	24	9
1984-08-08	2	4.5	24	9
1984-08-09	0	2.8	21	7
1984-08-10	1	2.6	22	7
1984-08-11	0	5.5	25	7
1984-08-12	0	3.9	25	5
1984-08-13	0	6.8	25	5
1984-08-14	0	5.8	24	7
1984-08-15	0	4.3	20	8
1984-08-16	0	3.3	24	6
1984-08-17	0	2.7	23	6
1984-08-18	11.5	4.1	24	5
1984-08-19	0	4.6	23	6
1984-08-20	0	5.1	24	5
1984-08-21	0	3.7	24	5
1984-08-22	1	2.7	24	5
1984-08-23	4.5	2.2	21	5
1984-08-24	0	5.9	23	6
1984-08-25	0	5.4	23	5
1984-08-26	0	4.7	24	4
1984-08-27	0	3.8	22	4
1984-08-28	0	6.1	29	8
1984-08-29	0	6.2	26	3
1984-08-30	0	5.3	26	4
1984-08-31	0	3.8	24	3
1984-09-01	0	6.5	24	7
1984-09-02	0	5.1	25	8
1984-09-03	2	3.6	23	7
1984-09-04	55	1.2	22	10
1984-09-05	14	1.8	18	11
1984-09-06	20	1.2	16	9
1984-09-07	4	2.7	19	9
1984-09-08	22	7	21	9
1984-09-09	3	3	21	9
1984-09-10	8.5	3.5	21	8
1984-09-11	0	5.5	21	7
1984-09-12	1.5	5.3	20	8
1984-09-13	4.5	5.3	20	8
1984-09-14	4.5	4.5	18	8
1984-09-15	3	3	17	9
1984-09-16	10.5	1.5	15	7
1984-09-17	6	1.6	15	8
1984-09-18	0	3.4	18	8
1984-09-19	0	1	14	7
1984-09-20	0	2.9	21	4
1984-09-21	20.5	2.5	23	4
1984-09-22	0	2	23	8
1984-09-23	0	2	26	9
1984-09-24	0	2.4	24	6
1984-09-25	0	2.2	22	6
1984-09-26	1	3.1	20	8
1984-09-27	0	3.4	21	7
1984-09-28	0	3.1	20	8
1984-09-29	0	5.9	21	3
1984-09-30	0	3.5	22	7
1984-10-01	0	2.2	20.5	4
1984-10-02	0	2.6	21	4
1984-10-03	0	4.6	23	6
1984-10-04	0	4.8	24.5	6
1984-10-05	0	2.5	25.5	7
1984-10-06	0	5.7	24	8
1984-10-07	0	4.1	25	4
1984-10-08	0	4.4	23.5	5
1984-10-09	0	4.9	25	6
1984-10-10	0	3.9	21.5	3
1984-10-11	0	4.1	22	4
1984-10-12	0	4.1	23	3
1984-10-13	0	3.5	24	4.5
1984-10-14	0	4.5	24	8
1984-10-15	0	3.4	21	7
1984-10-16	0	NULO	28	7
1984-10-17	0	NULO	26	8
1984-10-18	0	NULO	25	8
1984-10-19	0	NULO	27.5	8
1984-10-20	0	NULO	28	8
1984-10-21	0	NULO	28	7
1984-10-22	8	NULO	26	8
1984-10-23	0	NULO	23	7
1984-10-24	0	NULO	24	8
1984-10-25	0	NULO	23	5
1984-10-26	0	NULO	23	6
1984-10-27	0	NULO	25	6
1984-10-28	0	NULO	25	4
1984-10-29	0	NULO	23	3
1984-10-30	0	NULO	24	5
1984-10-31	0	NULO	23	5
1984-11-01	0	4.7	25	4
1984-11-02	0	4.5	23	4
1984-11-03	0	3.2	25	3
1984-11-04	0	3.9	24	6
1984-11-05	0	5.8	19	0
1984-11-06	0	1.2	21	2
1984-11-07	0	5.3	23	2
1984-11-08	0	4.9	24	3
1984-11-09	0	6.4	25	1
1984-11-10	0	5.1	25	2
1984-11-11	0	4.9	22	5
1984-11-12	0	4.4	20	3
1984-11-13	0	1.4	20	1
1984-11-14	0	5.4	20	0
1984-11-15	0	3.6	20	1
1984-11-16	0	2.4	21	3
1984-11-17	0	4.4	26	0
1984-11-18	0	6.3	25	5
1984-11-19	0	NULO	25	0
1984-11-20	0	NULO	20	0
1984-11-21	0	NULO	19	0
1984-11-22	0	NULO	20	2
1984-11-23	0	NULO	20	0
1984-11-24	0	NULO	24	0
1984-11-25	0	NULO	25	3
1984-11-26	0	NULO	25	5
1984-11-27	0	NULO	24	5
1984-11-28	0	NULO	25	1
1984-11-29	0	NULO	24	2
1984-11-30	0	NULO	20	7
1984-12-01	0	NULO	23	5
1984-12-02	1.5	NULO	22	4
1984-12-03	5.3	NULO	20	3
1984-12-04	0	NULO	13	5
1984-12-05	0	NULO	22	3
1984-12-06	0	NULO	15	1
1984-12-07	0	NULO	18	0
1984-12-08	0	NULO	21	-3
1984-12-09	0	NULO	23	0
1984-12-10	0	5.9	19	0
1984-12-11	0	7.2	25	2
1984-12-12	0	6.2	25	4
1984-12-13	0	4.1	25	4
1984-12-14	0	2.8	22	4.5
1984-12-15	0	4.8	24	4
1984-12-16	0	4.2	24	3
1984-12-17	0	2.2	22	0
1984-12-18	0	3.4	23	2
1984-12-19	0	5.3	21.5	0
1984-12-20	0	2.3	21.5	1
1984-12-21	0	4.7	24	3
1984-12-22	0	3.8	23	0
1984-12-23	0	3.2	22	0
1984-12-24	0	3.5	24	5
1984-12-25	0	3.2	19	0
1984-12-26	0	2.2	21	0
1984-12-27	0	5.1	21	0
1984-12-28	0	1.7	21	2.5
1984-12-29	0	1.5	23	1
1984-12-30	1	2.9	23	2
1984-12-31	0	3.9	23	3
1985-01-01	0	NULO	22	4
1985-01-02	0	NULO	23	5
1985-01-03	0	NULO	15	1
1985-01-04	0	NULO	15	2
1985-01-05	0	NULO	15	4
1985-01-06	0	NULO	17	0
1985-01-07	0	NULO	18	2
1985-01-08	0	NULO	21	0
1985-01-09	0	NULO	23	0
1985-01-10	0	NULO	22	3
1985-01-11	0	NULO	21	0
1985-01-12	0	NULO	20	1
1985-01-13	0	NULO	21	0
1985-01-14	4.5	NULO	22	0
1985-01-15	0	5	23	1
1985-01-16	0	3.5	24	3
1985-01-17	0	3.5	20	4
1985-01-18	0	4.7	22	4
1985-01-19	0	1.5	24	1
1985-01-20	1.5	2.5	18	3
1985-01-21	0	3.7	20	0
1985-01-22	0	4.2	21	0
1985-01-23	0	3.7	22	5
1985-01-24	0	4.7	25	4
1985-01-25	0	2.9	24	5
1985-01-26	0	5.3	22	1
1985-01-27	0	5.8	25	2
1985-01-28	0	5.1	25	2
1985-01-29	0	4.9	25	5
1985-01-30	0	5.8	26	5
1985-01-31	0	6.5	25	5
1985-02-01	0	7.3	25	5
1985-02-02	0	4.4	26	4
1985-02-03	0	NULO	26	3
1985-02-04	0	NULO	27	7
1985-02-05	0	NULO	25	5
1985-02-06	0	NULO	27	2
1985-02-07	0	NULO	25	2
1985-02-08	0	NULO	20	0
1985-02-09	0	NULO	25	0
1985-02-10	0	NULO	25	4
1985-02-11	0	NULO	12	3
1985-02-12	0	NULO	19	2
1985-02-13	0	NULO	25	1
1985-02-14	0	NULO	18	4
1985-02-15	0	NULO	19	0
1985-02-16	0	NULO	22	1
1985-02-17	0	NULO	21	2.5
1985-02-18	0	NULO	20	5
1985-02-19	0	NULO	21	0
1985-02-20	0	NULO	24	0
1985-02-21	0	1.6	23	2
1985-02-22	0	5.1	25	3
1985-02-23	0	6.9	20	0
1985-02-24	0	5.9	27	5
1985-02-25	5	4.9	24	3
1985-02-26	0	6.4	25	5
1985-02-27	0	6.5	22	4
1985-02-28	0	4.3	23	5
1985-03-01	0	5	25	2
1985-03-02	0	4.7	25	3
1985-03-03	0	5.8	29	6
1985-03-04	0	5	28	6
1985-03-05	0	4.4	24	4
1985-03-06	0	8.3	21	3
1985-03-07	0	6.1	25	2
1985-03-08	0	7.6	21	2
1985-03-09	0	5.1	21	1
1985-03-10	0	5.1	23	2
1985-03-11	0	7.1	25	4
1985-03-12	0	6.2	25	3
1985-03-13	0	3.6	27	4
1985-03-14	0	5.4	22	3
1985-03-15	0	4.3	24	5
1985-03-16	0	6.4	29	6
1985-03-17	0	7.2	25	2
1985-03-18	0	3.5	26	1
1985-03-19	0	8.3	27	3
1985-03-20	0	9.3	27	8
1985-03-21	0	7.2	25	5
1985-03-22	0	8.8	29	6
1985-03-23	0	6.2	29	5
1985-03-24	2	4.4	25	2
1985-03-25	1	4.5	25	4
1985-03-26	0	5.3	24	4
1985-03-27	0	7.2	26	2
1985-03-28	0	6.9	27	5
1985-03-29	0	6.3	29	7
1985-03-30	0	6.2	29	5
1985-03-31	0	5.8	23	6
1985-04-01	0	NULO	23	4
1985-04-02	0	NULO	20	3
1985-04-03	0	NULO	23	2
1985-04-04	0	NULO	27	3
1985-04-05	0	NULO	29	7
1985-04-06	4	NULO	27	5
1985-04-07	16	NULO	26	6
1985-04-08	8.5	NULO	23	5
1985-04-09	0	NULO	19	5
1985-04-10	3	NULO	21	6
1985-04-11	0.5	NULO	23	5
1985-04-12	8	NULO	24	6
1985-04-13	4	3.5	22	5
1985-04-14	0	3.9	20	5
1985-04-15	7	2.9	23	4
1985-04-16	0	7.3	25	6
1985-04-17	0	4.9	25	5
1985-04-18	0	4.8	25	5
1985-04-19	0	4.4	25	7
1985-04-20	0	3.8	25	5
1985-04-21	0	6.8	27	7
1985-04-22	0	2.9	25	6
1985-04-23	0	7.1	29	6
1985-04-24	12	5.9	25	8
1985-04-25	0	8.9	25	9
1985-04-26	0	8.1	26	5
1985-04-27	0	7.2	21	8
1985-04-28	4	7.7	29	4
1985-04-29	2	4.7	27	9
1985-04-30	0	7.5	27	5
1985-05-01	0	4.9	26	7
1985-05-02	18	7.2	25	8
1985-05-03	0	4.1	20	5
1985-05-04	4	5.8	22	5
1985-05-05	0	4.7	25	5
1985-05-06	0	5.7	23	5
1985-05-07	0	5.4	26	4
1985-05-08	0	5.4	25	3
1985-05-09	0	3.9	24	3
1985-05-10	0	5.6	27	5
1985-05-11	0	4.9	25	5
1985-05-12	0	8.1	30	5
1985-05-13	0	6.5	27	8
1985-05-14	0	8.7	31	5
1985-05-15	0	6.4	27	10
1985-05-16	20	5.8	26	9
1985-05-17	18	5.2	27	7
1985-05-18	7	3.8	24	8
1985-05-19	7	3.7	24	8
1985-05-20	0	3.1	22	8
1985-05-21	9.5	4.7	26	8
1985-05-22	0	5.3	25	8
1985-05-23	0	4.2	25	6
1985-05-24	0	5.8	27	5
1985-05-25	0	5.5	25	5
1985-05-26	0	6.5	26	5
1985-05-27	0	5.9	26	7
1985-05-28	0	5.3	26	7
1985-05-29	0	7.9	27	3
1985-05-30	0	8.3	30	3
1985-05-31	0	7.5	29	5
1985-06-01	0	7.8	27	5
1985-06-02	5	5.2	25	5
1985-06-03	2.5	3.7	25	10
1985-06-04	15	3.2	26	10
1985-06-05	0	7.5	26	9
1985-06-06	0	4.1	25	10
1985-06-07	0	5.6	25	5
1985-06-08	0	6.9	25	8
1985-06-09	0	7.1	27	10
1985-06-10	15.5	9.2	27	9
1985-06-11	0	4.7	27	6
1985-06-12	0	6.6	23	8
1985-06-13	0	2.9	19	7
1985-06-14	0	3.8	25	6
1985-06-15	6	4.9	23	9
1985-06-16	18	4.5	23	8
1985-06-17	13	2.6	21	9
1985-06-18	20	3.2	24	10
1985-06-19	5	1.3	23	9
1985-06-20	12	6.9	21	9
1985-06-21	5	1.6	25	9
1985-06-22	0.5	1.8	22	10
1985-06-23	0	8.1	25	6
1985-06-24	4	3.3	22	5
1985-06-25	0	4.3	23	5
1985-06-26	0	2.2	22	5
1985-06-27	6	4.5	22	7
1985-06-28	6	7.1	23	7
1985-06-29	1.5	2.2	20	9
1985-06-30	0.5	0.4	16	7
1985-08-01	0	5.5	25	4
1985-08-02	0	5.7	23	5
1985-08-03	0	4	23	6
1985-08-04	0	3.7	24	5
1985-08-05	4	3.2	24	5
1985-08-06	4	4.9	25	5
1985-08-07	0	5.1	26	5
1985-08-08	0	5.2	24	5
1985-08-09	0	4.9	25	7
1985-08-10	0	4.8	23	4
1985-08-11	0	6.9	25	5
1985-08-12	0	5.7	25	9
1985-08-13	1.5	5.2	25	5
1985-08-14	0	4.5	26	5
1985-08-15	0	3.5	21	5
1985-08-16	12	4.5	25	7
1985-08-17	2	3.9	20	9
1985-08-18	0	5.4	24	5
1985-08-19	0	7.2	25	6
1985-08-20	0	4.4	25	5
1985-08-21	0	4.5	24	7
1985-08-22	0	3.9	24	4
1985-08-23	1.5	4.1	24	7
1985-08-24	0.5	7.1	24	9
1985-08-25	0	4.4	24	5
1985-08-26	4	2.1	22	5
1985-08-27	0.5	2.5	20	3
1985-08-28	0	2.5	20	6
1985-08-29	0	3.2	22	8
1985-08-30	0	5	25	4
1985-08-31	0	4.5	24	5
1985-09-01	0	7.2	25	6
1985-09-02	0	4.7	25	4
1985-09-03	7.5	1.4	26	7
1985-09-04	3.5	2.9	25	6
1985-09-05	0	6.6	25	5
1985-09-06	0	5.2	24	5
1985-09-07	0	8.5	25	9
1985-09-08	0	2.2	25	4
1985-09-09	0	4.7	25	3
1985-09-10	0	1.9	24	2
1985-09-11	3	2.4	22	3
1985-09-12	0	4.8	25	5
1985-09-13	0.5	5.3	21	3
1985-09-14	6	1.9	19	7
1985-09-15	1.5	1.8	20	5
1985-09-16	0	3.4	21	6
1985-09-17	0	3.9	24	5
1985-09-18	2	7.2	25	8
1985-09-19	0	5.1	25	4
1985-09-20	1	4.3	24	5
1985-09-21	0	3.4	23	6
1985-09-22	0	3.8	26	3
1985-09-23	0	3.6	25	6
1985-09-24	0	5.4	24	4
1985-09-25	0	3.9	24	4
1985-09-26	0	5.6	25	7
1985-09-27	0	5.9	25	4
1985-09-28	2	2.3	24	5
1985-09-29	0	3.4	25	8
1985-09-30	0	3.4	21	9
1985-10-01	0	2.9	24	5
1985-10-02	0	5.4	24	4
1985-10-03	0	4.7	23	0
1985-10-04	3	2.8	25	2
1985-10-05	1.5	3.9	16	6
1985-10-06	0	2.6	22	6
1985-10-07	0	4.6	25	5
1985-10-08	0	3.4	28	6
1985-10-09	0	4.3	25	5
1985-10-10	0	4.1	25	2
1985-10-11	0	4.9	25	1
1985-10-12	0	4.9	26	5
1985-10-13	0	4.8	21	4
1985-10-14	0	NULO	21	1
1985-10-15	0	NULO	24	4
1985-10-16	0	NULO	22	4
1985-10-17	0	NULO	25	4
1985-10-18	0	NULO	25	5
1985-10-19	0	NULO	25	4
1985-10-20	0	NULO	25	5
1985-10-21	0	NULO	23	7
1985-10-22	0	NULO	24	6
1985-10-23	0	NULO	24	3
1985-10-24	0	NULO	23	1
1985-10-25	0	NULO	19	4
1985-10-26	0	NULO	22	0
1985-10-27	0	NULO	22	0
1985-10-28	0	NULO	24	0
1985-10-29	0	NULO	24	0
1985-10-30	0	NULO	22	0
1985-10-31	0	NULO	25	2
1985-11-01	0	3.1	27	7
1985-11-02	0	5.9	25	0
1985-11-03	0	1.8	17	0
1985-11-04	0	3.4	19	-0.5
1985-11-05	0	4.1	19	-0.5
1985-11-06	0	3.4	18	0
1985-11-07	0	4.8	24	4
1985-11-08	0	4.9	25	1
1985-11-09	0	5.4	27	4
1985-11-10	0	3.5	26	5
1985-11-11	0	5.4	25	4
1985-11-12	0	4.4	24	2
1985-11-13	0	3.2	24	0
1985-11-14	0	6.8	25	2
1985-11-15	0	1.9	25	2
1985-11-16	0	3.2	22	1
1985-11-17	0	3.9	24	1
1985-11-18	0	2.7	25	3
1985-11-19	0	4.1	24	1
1985-11-20	0	2.8	22	0
1985-11-21	0	2.9	24	1
1985-11-22	0	1.6	24	4
1985-11-23	0	1.9	25	1
1985-11-24	0	2.1	24	2
1985-11-25	0	1.8	25	3
1985-11-26	0	3.5	24	2
1985-11-27	0	2.1	22	4
1985-11-28	0	3.2	20	5
1985-11-29	0	3.8	24	3
1985-11-30	0	2.3	24	4
1985-12-01	0	1.3	24	1
1985-12-02	0	1.4	20	1
1985-12-03	0	2.7	21	1
1985-12-04	0	4	23	1
1985-12-05	0	3.5	12	1
1985-12-06	0	1.4	19	-5
1985-12-07	0	1.2	18	-2
1985-12-08	0	6.8	23	0
1985-12-09	0	1.4	25	3
1985-12-10	0	5.1	21	4
1985-12-11	0	4.9	25	4
1985-12-12	0	4.3	25	3
1985-12-13	0	3.9	26	4
1985-12-14	0	1.6	19	0
1985-12-15	0	4.8	21	0
1985-12-16	0	2.4	22	0
1985-12-17	0	2.9	21	-1
1985-12-18	0.5	2.9	18	0
1985-12-19	0	1.3	19	3
1985-12-20	0	2.1	20	1
1985-12-21	0	2.1	19	3
1985-12-22	0	3.8	22	1
1985-12-23	0	4.1	20	5
1985-12-24	0	2.8	21	1
1985-12-25	0	2.7	20	2
1985-12-26	0	1.5	22	0
1985-12-27	0	3.8	21	1
1985-12-28	0	5.1	24	3
1985-12-29	0	3.4	24	4
1985-12-30	0	4.4	24	2
1985-12-31	0	4	23	2
1986-01-01	0	3.1	21	1
1986-01-02	0	1.4	24	3
1986-01-03	0	2.1	25	2
1986-01-04	0	4.3	24	4
1986-01-05	0	4.2	19	1
1986-01-06	0	2.8	24	4
1986-01-07	0	3.6	22	0
1986-01-08	0	3.9	21	0
1986-01-09	0	2.3	21	-1
1986-01-10	0	4.2	17	-1
1986-01-11	0	2.1	10	-1
1986-01-12	0	3.7	15	-7
1986-01-13	0	4.1	15	-9
1986-01-14	0	2.6	18	-11
1986-01-15	0	1.9	22	-9
1986-01-16	0	4	25	-2
1986-01-17	0	4.7	18	-2
1986-01-18	0	3.7	21	-2
1986-01-19	0	3.3	20	-5
1986-01-20	0	2.7	21	-5
1986-01-21	0	4.5	23	-2
1986-01-22	0	6.1	21	1
1986-01-23	0	2.4	20	-4
1986-01-24	0	4.7	23	-3
1986-01-25	0	4.9	24	2
1986-01-26	0	1	14	3
1986-01-27	0	2.8	18	-7
1986-01-28	0	3.4	22	-6
1986-01-29	0	4.2	23	0
1986-01-30	0	3.8	20	1
1986-01-31	0	3.1	24	-3
1986-02-01	0	NULO	23	0
1986-02-02	0	NULO	26	1
1986-02-03	0	NULO	24	4
1986-02-04	0	NULO	23	4
1986-02-05	0	NULO	25	3
1986-02-06	0	NULO	25	-2
1986-02-07	0	NULO	24	1
1986-02-08	0	NULO	23	3
1986-02-09	0	NULO	27	4
1986-02-10	0	NULO	26	0
1986-02-11	0	NULO	26	1
1986-02-12	0	NULO	23	0
1986-02-13	0	NULO	24	0
1986-02-14	0	NULO	22	4
1986-02-15	0	5.9	25	-1
1986-02-16	2	5.8	24	1
1986-02-17	0	5.4	25	3
1986-02-18	0	7.7	25	2
1986-02-19	0	6.7	25	0
1986-02-20	0	4.8	27	1
1986-02-21	0	6.5	27	4
1986-02-22	0	6.7	24	5
1986-02-23	0	5.2	22	3
1986-02-24	0	3.1	23	2
1986-02-25	0	4.7	22	-2
1986-02-26	0	7.6	24	-4
1986-02-27	0	4.8	24	0
1986-02-28	0	4.8	20	0
1986-03-01	0	3.8	22	-2
1986-03-02	0	5.2	25	0
1986-03-03	0	5.5	26	4
1986-03-04	0	1.9	18	1
1986-03-05	0	6.9	27	0
1986-03-06	0	6.8	28	4
1986-03-07	0	5.4	25	0
1986-03-08	0	4.5	25	4
1986-03-09	0	4.3	26	4
1986-03-10	0	9.6	28	5
1986-03-11	0	10.1	29	5
1986-03-12	0	8.3	28	8
1986-03-13	0	6.8	27	4
1986-03-14	0	7.3	28	3
1986-03-15	0	6.8	27	1
1986-03-16	0	6.2	28	1
1986-03-17	0	7.9	30	5
1986-03-18	0	8.1	30	6
1986-03-19	0	5.7	29	5
1986-03-20	0	1.9	15	3
1986-03-21	0	1.3	9	1
1986-03-22	0	1.4	16	-2
1986-03-23	0	2.4	19	-1
1986-03-24	0	3.2	19	-2
1986-03-25	0	4	20	0
1986-03-26	0	7.3	24	2
1986-03-27	0	3.7	22	2
1986-03-28	0	5.7	23	0
1986-03-29	0	7.8	25	2
1986-03-30	0	5.9	25	1
1986-03-31	0	8.6	27	3
1986-04-01	0	8.8	27	4
1986-04-02	0	6.6	30	5
1986-04-03	0	9.9	31	6
1986-04-04	0	NULO	32	8
1986-04-05	0	NULO	31	6
1986-04-06	0	NULO	29	5
1986-04-07	0	NULO	28	1
1986-04-08	0	NULO	29	0
1986-04-09	0	NULO	28	1
1986-04-10	0	NULO	28	3
1986-04-11	0	NULO	30	6
1986-04-12	0	NULO	31	8
1986-04-13	0	NULO	31	8
1986-04-14	0	NULO	31	9
1986-04-15	10.5	NULO	27	6
1986-04-16	1.5	NULO	27	6
1986-04-17	0	NULO	28	8
1986-04-18	1	NULO	27	10
1986-04-19	3	NULO	27	7
1986-04-20	0	NULO	27	7
1986-04-21	1.5	NULO	27	4
1986-04-22	0	NULO	21	4
1986-04-23	0.5	NULO	25	5
1986-04-24	0.5	NULO	24	6
1986-04-25	0.5	NULO	25	3
1986-04-26	2	2.8	28	5
1986-04-27	1	3.5	25	6
1986-04-28	6.5	4.9	27	7
1986-04-29	9	7	25	5
1986-04-30	4	5.9	25	8
1986-05-01	0	4.1	26	7
1986-05-02	0	4.7	29	6
1986-05-03	0	4.9	22	3
1986-05-04	0	3.7	25	3
1986-05-05	1	5.9	22	6
1986-05-06	0	8.2	29	6
1986-05-07	14.5	1.3	30	10
1986-05-08	2.5	8.9	29	9
1986-05-09	0	5.2	30	9
1986-05-10	0	8.7	30	10
1986-05-11	0	8.3	30	8
1986-05-12	0	6.5	31	11
1986-05-13	0	8.3	30	9
1986-05-14	0	7.4	31	10
1986-05-15	0	5.8	31	10
1986-05-16	0	NULO	32	10
1986-05-17	10	NULO	30	12
1986-05-18	0	NULO	24	10
1986-05-19	0	NULO	26	9
1986-05-20	0	NULO	24	6
1986-05-21	0	NULO	25	7
1986-05-22	0	NULO	27	9
1986-05-23	0	NULO	28	10
1986-05-24	0	NULO	22	4
1986-05-25	4	NULO	25	7
1986-05-26	18	NULO	17	9
1986-05-27	0	NULO	22	8
1986-05-28	0	NULO	23	6
1986-05-29	0	NULO	24	9
1986-05-30	0	NULO	25	10
1986-05-31	0	NULO	23	10
1986-06-01	0	NULO	27	7
1986-06-02	1	NULO	25	7
1986-06-03	14	NULO	23	10
1986-06-04	15	NULO	23	10
1986-06-05	4	NULO	25	9
1986-06-06	0	NULO	25	9
1986-06-07	20.5	NULO	22	8
1986-06-08	0	NULO	27	9
1986-06-09	0	NULO	26	10
1986-06-10	1.5	NULO	24	9
1986-06-11	14	NULO	22	6
1986-06-12	13	NULO	25	9
1986-06-13	0	NULO	24	9
1986-06-14	1.5	NULO	23	9
1986-06-15	0	NULO	25	10
1986-06-16	0	NULO	22	8
1986-06-17	0	NULO	25	5
1986-06-18	0	NULO	25	6
1986-06-19	0	NULO	24	8
1986-06-20	0	NULO	24	9
1986-06-21	0	NULO	24	10
1986-06-22	0	NULO	24	9
1986-06-23	0	NULO	22	10
1986-06-24	0	NULO	22	9
1986-06-25	2	NULO	22	8
1986-06-26	0	NULO	24	5
1986-06-27	0	NULO	24	8
1986-06-28	0	NULO	24	6
1986-06-29	0	NULO	25	6
1986-06-30	1	NULO	25	6
1986-07-01	0	3.2	22	8
1986-07-02	0	5.5	25	6
1986-07-03	4	3.3	25	6
1986-07-04	0	8.1	25	6
1986-07-05	0	4.4	25	7
1986-07-06	0	7.4	25	6
1986-07-07	0	3.5	20	8
1986-07-08	0	2.8	23	7
1986-07-09	5	1.5	24	8
1986-07-10	4	1.7	22	9
1986-07-11	16.5	3.8	25	9
1986-07-12	6	4.6	22	9
1986-07-13	0	4.1	23	9
1986-07-14	0	6.8	22	4
1986-07-15	0	5.2	22	3
1986-07-16	0	3.7	22	4
1986-07-17	0	7.3	23	5
1986-07-18	0	6.3	23	4
1986-07-19	0	6.2	24	6
1986-07-20	0	5.1	23	3
1986-07-21	0	4.9	25	5
1986-07-22	0	5.2	26	5
1986-07-23	0	5.8	25	5
1986-07-24	0	4.1	24	4
1986-07-25	0	4.7	25	6
1986-07-26	0	2.7	25	9
1986-07-27	0	2.5	26	7
1986-07-28	2	5.9	25	8
1986-07-29	0	3.7	26	8
1986-07-30	4	2.4	25	7
1986-07-31	0	5.2	25	7
1986-08-01	0	5.9	27	5
1986-08-02	0	8.7	27	4
1986-08-03	0	5.2	25	3
1986-08-04	0	6.3	26	6
1986-08-05	1	3.7	25	3
1986-08-06	0	3.8	26	5
1986-08-07	0	5.1	25	4
1986-08-08	0	5.3	26	6
1986-08-09	0	5.6	25	5
1986-08-10	15	1.8	21	6
1986-08-11	0	5	23	7
1986-08-12	0	3.2	25	7
1986-08-13	0	7.4	25	5
1986-08-14	0	2.9	25	5
1986-08-15	14	3.3	24	4
1986-08-16	0	7.6	24	7
1986-08-17	0	3.4	26	7
1986-08-18	0	3.7	25	7
1986-08-19	0	4.1	25	3
1986-08-20	0	5.1	25	4
1986-08-21	0	4.7	25	5
1986-08-22	0	5.1	23	6
1986-08-23	0	4.4	25	6
1986-08-24	0	5.2	24	5
1986-08-25	0	5.1	25	4
1986-08-26	0	7.2	26	5
1986-08-27	0	5.3	22	5
1986-08-28	0	5.8	26	7
1986-08-29	8	1.5	23	5
1986-08-30	7	1.7	21	8
1986-08-31	6	3.9	24	4
1986-09-01	0	5.6	24	5
1986-09-02	0	5.5	24	5
1986-09-03	0	1.8	23	8
1986-09-04	0	2.3	24	8
1986-09-05	0	1.5	24	5
1986-09-06	0	4.2	25	7
1986-09-07	8	6.5	25	9
1986-09-08	0.7	4.5	25	6
1986-09-09	0	4.6	25	7
1986-09-10	0	6.8	27	7
1986-09-11	0	4.3	27	6
1986-09-12	0	7.8	25	7
1986-09-13	0	6.1	25	5
1986-09-14	0	6.3	26	4
1986-09-15	0	5.1	25	5
1986-09-16	0	5.2	25	8
1986-09-17	0	NULO	25	5
1986-09-18	0	NULO	22	4
1986-09-19	19.5	NULO	22	5
1986-09-20	0	NULO	24	6
1986-09-21	0	NULO	25	6
1986-09-22	0	NULO	25	5
1986-09-23	0	NULO	25	3
1986-09-24	1	NULO	26	6
1986-09-25	1	NULO	25	6
1986-09-26	0	NULO	25	7
1986-09-27	0	NULO	26	7
1986-09-28	0	NULO	25	9
1986-09-29	1	NULO	26	6
1986-09-30	7.5	NULO	28	10
1986-10-01	0	6	27	10
1986-10-02	0	4.5	25	7
1986-10-03	5	4.8	24	8
1986-10-04	0.5	3.1	21	8
1986-10-05	29	2.8	22	10
1986-10-06	1	2.9	23	9
1986-10-07	0	3.9	21	8
1986-10-08	0	1.9	24	6
1986-10-09	0	3.6	23	8
1986-10-10	0	4.4	25	5
1986-10-11	0	4.3	27	7
1986-10-12	0	5.3	26	10
1986-10-13	0	4.8	25	7
1986-10-14	0	3.5	26	7
1986-10-15	0	3.4	21	6
1986-10-16	0	1.2	14	6
1986-10-17	0	4.2	23	1
1986-10-18	0	3.5	24	2
1986-10-19	0	4.3	21	1
1986-10-20	0	3.4	23	4
1986-10-21	0	4.7	25	3
1986-10-22	12	3.7	25	5
1986-10-23	0	3.2	26	8
1986-10-24	0.5	2.8	25	5
1986-10-25	0	3.9	25	6
1986-10-26	0	4.8	25	1
1986-10-27	0	2.5	20	1
1986-10-28	0	4.5	20	-2
1986-10-29	0	3.2	20	1
1986-10-30	0	4.6	19	-3
1986-10-31	0	4.1	20	-3
1986-11-01	0	2.9	23	-2
1986-11-02	0	3.1	23	0
1986-11-03	23.5	5.4	25	4
1986-11-04	0.5	3.1	19	5
1986-11-05	0.5	3.2	21	5
1986-11-06	0	2.7	25	7
1986-11-07	0	4.1	26	4
1986-11-08	0	4.8	25	4
1986-11-09	0	3.9	23	0
1986-11-10	0	4.3	23	1
1986-11-11	0	3.4	22	3
1986-11-12	0	2.5	21	2
1986-11-13	0	1.9	11	3
1986-11-14	0	1.7	11	4
1986-11-15	0	3.2	23	2
1986-11-16	0	4.7	24	4
1986-11-17	0	3.8	23	4
1986-11-18	0	4.1	27	4
1986-11-19	0	3.9	26	3
1986-11-20	0	6.7	26	5
1986-11-21	0	3.4	24	0
1986-11-22	0	3.3	25	3
1986-11-23	0	4.4	26	5
1986-11-24	0	2.8	24	7
1986-11-25	0	2.6	24	7
1986-11-26	0	2.2	25	6
1986-11-27	5	2.8	17	7
1986-11-28	0	2.2	14	0
1986-11-29	0	3.8	12	-4
1986-11-30	0	4.7	24	-2
1986-12-01	0	1.3	23	3
1986-12-02	0	1.8	20	2
1986-12-03	0	0.8	20	3
1986-12-04	0	2.4	20	4
1986-12-05	0	1.4	17	0
1986-12-06	0	4.5	21	0
1986-12-07	0	1.8	23	2
1986-12-08	0	4.4	26	-1
1986-12-09	0	4.9	25	-2
1986-12-10	0	3.8	25	-1
1986-12-11	0	3.6	25	-1
1986-12-12	0	2.5	23	5
1986-12-13	0	2.7	20	0
1986-12-14	0	3.2	24	0
1986-12-15	0	4.5	25	4
1986-12-16	0	2.2	18	-2
1986-12-17	0	3.7	23	-1
1986-12-18	0	3.7	23	2
1986-12-19	0	4.3	25	2
1986-12-20	0	3.3	23	3
1986-12-21	0	3.6	23	2
1986-12-22	0	4.1	24	1
1986-12-23	0	3.8	24	1
1986-12-24	0	3.3	24	5
1986-12-25	0	3.8	23	5
1986-12-26	0	3.9	23	1
1986-12-27	0	1	22	0
1986-12-28	0	4.3	21	-1
1986-12-29	0	2.2	22	3
1986-12-30	0	5.4	22	4
1986-12-31	0	3.9	21	-2
1987-06-01	1	4.4	23	8
1987-06-02	0	3.5	24	6
1987-06-03	0	4.2	25	7
1987-06-04	0	2.9	22	7
1987-06-05	1	3.3	23	8
1987-06-06	5	1.7	19	7
1987-06-07	0	2.2	19	8
1987-06-08	0	3.5	23	7
1987-06-09	0	5.6	25	7
1987-06-10	0	5.2	26	10
1987-06-11	0.5	4.1	25	10
1987-06-12	1	3.4	25	10
1987-06-13	3	2.5	24	12
1987-06-14	0	5.1	26	8
1987-06-15	4	3.9	25	10
1987-06-16	6	2.9	25	10
1987-06-17	0	6.1	26	6
1987-06-18	0	6.5	26	7
1987-06-19	0	5.4	26	6
1987-06-20	5.7	3.2	25	7
1987-06-21	0	7.9	27	9
1987-06-22	0	9.1	27	10
1987-06-23	0	7.5	29	6
1987-06-24	0	7.2	27	11
1987-06-25	9	5.9	26	8
1987-06-26	0	6.8	26	10
1987-06-27	0	4.4	24	7
1987-06-28	0	5.4	25	6
1987-06-29	0	5.6	26	5
1987-06-30	5	5.4	25	6
1987-07-01	0	6.9	26	8
1987-07-02	0	5.6	26	7
1987-07-03	0.3	4.9	25	10
1987-07-04	0	5	26	9
1987-07-05	4	2.9	22	10
1987-07-06	15	2.9	24	10
1987-07-07	7	5.5	25	10
1987-07-08	0	3.5	25	10
1987-07-09	10	3.5	23	10
1987-07-10	0	4.1	25	6
1987-07-11	0	6.4	25	8
1987-07-12	0	6.1	25	6
1987-07-13	0	4.9	25	10
1987-07-14	0	7.5	25	10
1987-07-15	1.7	2.5	25	8
1987-07-16	0	5.4	26	8
1987-07-17	0	4.6	25	11
1987-07-18	0	7.9	26	6
1987-07-19	0	5.4	25	4
1987-07-20	0	5.9	24	5
1987-07-21	0	4.9	24	5
1987-07-22	0	5.2	22	6
1987-07-23	0.5	1.7	21	9
1987-07-24	21	1.2	19	10
1987-07-25	19	3.9	26	10
1987-07-26	26	3.6	20	10
1987-07-27	1	1.4	23	10
1987-07-28	3	1.2	19	11
1987-07-29	2	1.9	21	10
1987-07-30	0	4.6	23	10
1987-07-31	0	3.7	23	9
1987-08-01	0	5.4	23	9
1987-08-02	0	4.8	24	6
1987-08-03	6	6.4	26	9
1987-08-04	0	6	24	7
1987-08-05	0	5.9	24	6
1987-08-06	2.7	2.7	22	9
1987-08-07	0	5.1	25	8
1987-08-08	0	7.2	26	8
1987-08-09	0	4.7	26	6
1987-08-10	12.5	3.5	26	8
1987-08-11	2	5.4	26	8
1987-08-12	0	5.8	27	10
1987-08-13	0	6.2	26	9
1987-08-14	2	4.4	26	9
1987-08-15	0	6.7	26	9
1987-08-16	0	5.4	26	7
1987-08-17	0	NULO	25	7
1987-08-18	1.9	NULO	25	5
1987-08-19	0	NULO	24	6
1987-08-20	0	NULO	25	4
1987-08-21	0	NULO	25	8
1987-08-22	0	NULO	26	6
1987-08-23	0	NULO	25	9
1987-08-24	0	NULO	25	5
1987-08-25	3	NULO	25	6
1987-08-26	0	NULO	25	5
1987-08-27	0	NULO	24	5
1987-08-28	0	NULO	24	8
1987-08-29	0	NULO	18	9
1987-08-30	0	NULO	24	10
1987-08-31	0	NULO	24	6
1987-09-01	1	NULO	25	7
1987-09-02	0	NULO	24	10
1987-09-03	0	NULO	20	8
1987-09-04	0	NULO	25	6
1987-09-05	0	NULO	25	5
1987-09-06	0	NULO	25	8
1987-09-07	0	NULO	26	4
1987-09-08	0	NULO	26	3
1987-09-09	0	NULO	26	3
1987-09-10	0	NULO	26	3
1987-09-11	0	NULO	27	5
1987-09-12	0	NULO	27	5
1987-09-13	0	NULO	27	7
1987-09-14	0	NULO	26	7
1987-09-15	0	NULO	26	10
1987-09-16	0	NULO	27	9
1987-09-17	0	NULO	26	7
1987-09-18	0	NULO	28	8
1987-09-19	2	NULO	26	9
1987-09-20	2	NULO	24	10
1987-09-21	0	NULO	24	10
1987-09-22	0.5	NULO	24	9
1987-09-23	0	NULO	24	9
1987-09-24	0	NULO	24	5
1987-09-25	0	NULO	26	5
1987-09-26	2	NULO	29	10
1987-09-27	63	NULO	29	9
1987-09-28	0	NULO	24	10
1987-09-29	8.5	NULO	25	8
1987-09-30	0	NULO	28	9
1987-10-01	0	NULO	20	5
1987-10-02	0	NULO	22	2
1987-10-03	0	NULO	20	-2
1987-10-04	0	NULO	22	0
1987-10-05	0	NULO	23	0
1987-10-06	0	NULO	21	2
1987-10-07	0	NULO	20	6
1987-10-08	0	NULO	21	-1
1987-10-09	0	NULO	22	2
1987-10-10	0	NULO	21	0
1987-10-11	0	NULO	21	0
1987-10-12	0	NULO	18	0
1987-10-13	0	NULO	22	-3
1987-10-14	0	NULO	23	-2
1987-10-15	0	NULO	23	0
1987-10-16	0	NULO	24	0
1987-10-17	0	NULO	24	-4
1987-10-18	0	NULO	25	-1
1987-10-19	0	NULO	26	4
1987-10-20	0	NULO	23	3
1987-10-21	0	NULO	21	5
1987-10-22	0	NULO	24	6
1987-10-23	0	NULO	25	0
1987-10-24	0	NULO	25	3
1987-10-25	0	NULO	22	5
1987-10-26	0	NULO	22	0
1987-10-27	0	NULO	23	0
1987-10-28	0	NULO	18	3
1987-10-29	0	NULO	22	-2
1987-10-30	0	NULO	22	-1
1987-10-31	0	NULO	22	-3
1987-11-01	0	NULO	21	-5
1987-11-02	0	NULO	22	2
1987-11-03	0	NULO	23	3
1987-11-04	0	NULO	25	-5
1987-11-05	0	NULO	23	-3
1987-11-06	0	NULO	21	5
1987-11-07	0	NULO	24	-1
1987-11-08	0	NULO	21	5
1987-11-09	0	NULO	21	7
1987-11-10	6.5	NULO	16	6
1987-11-11	4.5	NULO	15	2
1987-11-12	0	NULO	21	1
1987-11-13	0	NULO	22	2
1987-11-14	0	NULO	25	7
1987-11-15	0	NULO	20	4
1987-11-16	0	NULO	20	6
1987-11-17	0	NULO	25	5
1987-11-18	0	NULO	20	5
1987-11-19	0	NULO	19	2
1987-11-20	0	NULO	21	3
1987-11-21	0	NULO	23	1
1987-11-22	0	NULO	24	3
1987-11-23	0	NULO	25	11
1987-11-24	0	NULO	24	6
1987-11-25	0	NULO	24	3
1987-11-26	0	NULO	25	5
1987-11-27	0	NULO	24	6
1987-11-28	0	NULO	26	8
1987-11-29	0	NULO	24	9
1987-11-30	0	NULO	24	10
1987-12-01	0	NULO	21	6
1987-12-02	0	NULO	24	4
1987-12-03	0	NULO	24	4
1987-12-04	0	NULO	23	2
1987-12-05	0	NULO	25	1
1987-12-06	0	NULO	24	4
1987-12-07	0	NULO	24	4
1987-12-08	0	NULO	24	3
1987-12-09	0	NULO	23	1
1987-12-10	0	NULO	21	4
1987-12-11	0	NULO	22	2
1987-12-12	0	NULO	23	4
1987-12-13	0	NULO	23	7
1987-12-14	0	NULO	25	4
1987-12-15	0	NULO	26	5
1987-12-16	0	NULO	26	6
1987-12-17	0	NULO	24	3
1987-12-18	0	NULO	22	2
1987-12-19	0	NULO	25	4
1987-12-20	0	NULO	23	6
1987-12-21	0	NULO	27	3
1987-12-22	0	NULO	24	4
1987-12-23	0	NULO	26	5
1987-12-24	0	NULO	27	6
1987-12-25	0	NULO	27	4
1987-12-26	0	NULO	22	6
1987-12-27	0	NULO	24	6
1987-12-28	0	NULO	22	2
1987-12-29	0	NULO	16	1
1987-12-30	0	NULO	25	1
1987-12-31	0	NULO	22	3
1988-01-01	0	NULO	20	5
1988-01-02	10	NULO	17	5
1988-01-03	0	NULO	20	2
1988-01-04	0	NULO	22	1
1988-01-05	0	NULO	20	2
1988-01-06	0	NULO	23	1
1988-01-07	0	NULO	22	4
1988-01-08	0	NULO	24	5
1988-01-09	0	NULO	24	5
1988-01-10	0	NULO	20	4
1988-01-11	0	NULO	21	3
1988-01-12	0	NULO	22	3
1988-01-13	0	NULO	21	4
1988-01-14	0	NULO	21	2
1988-01-15	0	NULO	21	3
1988-01-16	0	NULO	23	4
1988-01-17	0	NULO	24	4
1988-01-18	0	NULO	26	5
1988-01-19	0	NULO	25	5
1988-01-20	0	NULO	24	6
1988-01-21	0	NULO	24	5
1988-01-22	0	NULO	24	2
1988-01-23	0	NULO	23	2
1988-01-24	0	NULO	21	1
1988-01-25	0	NULO	19	0
1988-01-26	0	NULO	20	1
1988-01-27	0	NULO	12	3
1988-01-28	0	NULO	15	4
1988-01-29	0	NULO	18	3
1988-01-30	0	NULO	23	0
1988-01-31	0	NULO	26	1
1988-02-01	0	NULO	21	7
1988-02-02	0	NULO	26	4
1988-02-03	0	NULO	26	3
1988-02-04	0	NULO	24	6
1988-02-05	0	NULO	25	5
1988-02-06	0	NULO	14	1
1988-02-07	0	NULO	21	1
1988-02-08	0	NULO	21	2
1988-02-09	4.5	NULO	22	3
1988-02-10	0	NULO	21	5
1988-02-11	0	NULO	20	6
1988-02-12	0	NULO	19	1
1988-02-13	0	NULO	21	1
1988-02-14	0	NULO	22	7
1988-02-15	0	NULO	20	7
1988-02-16	0	NULO	25	4
1988-02-17	0	NULO	28	7
1988-02-18	0	NULO	29	8
1988-02-19	0	NULO	22	7
1988-02-20	0	NULO	20	4
1988-02-21	0	NULO	17	2
1988-02-22	0	NULO	25	1
1988-02-23	0	NULO	25	5
1988-02-24	0	NULO	20	3
1988-02-25	0	NULO	22	2
1988-02-26	0	NULO	22	4
1988-02-27	0	NULO	19	3
1988-02-28	0	NULO	20	4
1988-02-29	0	NULO	21	3
1988-03-01	4.5	NULO	24	4
1988-03-02	0	NULO	24	5
1988-03-03	1	NULO	22	4
1988-03-04	25	NULO	15	6.5
1988-03-05	0	NULO	15	3
1988-03-06	0.5	NULO	20	1
1988-03-07	0	NULO	18	6
1988-03-08	0	NULO	20	4
1988-03-09	0	NULO	23	5
1988-03-10	0	NULO	18	2
1988-03-11	0	NULO	23	6
1988-03-12	0	NULO	27	6
1988-03-13	0	NULO	28	6
1988-03-14	0	NULO	21	4
1988-03-15	0	NULO	26	7
1988-03-16	0	NULO	27	7
1988-03-17	0	NULO	27	6
1988-03-18	0	NULO	25	5
1988-03-19	0	NULO	21	1
1988-03-20	0	NULO	18	2
1988-03-21	0	NULO	23	0
1988-03-22	0	NULO	22	5
1988-03-23	0	NULO	19	8
1988-03-24	0	NULO	25	3
1988-03-25	0	NULO	23	4
1988-03-26	0	NULO	28	4
1988-03-27	0	NULO	23	4
1988-03-28	0	NULO	27	6
1988-03-29	0	NULO	27	9
1988-03-30	6.5	NULO	25	8
1988-03-31	0	NULO	25	7
1989-03-01	0	3.45	29	3
1989-03-02	0	3.3	28	4
1989-03-03	0	4.5	28	3
1989-03-04	0	5.35	29	4
1989-03-05	0	4.62	28	4
1989-03-06	0	4.97	29	5
1989-03-07	0	5.83	28	4
1989-03-08	0	3.64	29	2
1989-03-09	0	6.53	29	2
1989-03-10	0	3.99	28	-1
1989-03-11	0	5.02	29	-2
1989-03-12	0	3.49	29	1
1989-03-13	0	5.44	28	2
1989-03-14	0	4.47	28	4
1989-03-15	0	6.02	29	4
1989-03-16	0	3.87	28	2
1989-03-17	0	4.99	29	6
1989-03-18	0	4.6	29	4
1989-03-19	0	3.69	28	3
1989-03-20	0	6.63	29	3
1989-03-21	0	2.25	28	7
1989-03-22	0	6.7	29	8
1989-03-23	0	4.66	28	7
1989-03-24	0	3.85	29	8
1989-03-25	0	3.5	29	8
1989-03-26	0	4.49	27	5
1989-03-27	0	4.16	28	6
1989-03-28	0	3.87	28	4
1989-03-29	0	5.99	27	5
1989-03-30	0	3.65	28	5
1989-03-31	0	4.73	27	4
1989-04-01	0	8.03	27	5
1989-04-02	0	3.84	27	6
1989-04-03	0	3.8	27	5
1989-04-04	0	7.15	29	6
1989-04-05	0.4	5.62	28	4
1989-04-06	0	2.64	27	6
1989-04-07	0	6.92	29	4
1989-04-08	0	5.06	28	5
1989-04-09	0	5.09	29	6
1989-04-10	0	4.82	27	7
1989-04-11	0.2	5.08	26	5
1989-04-12	0.2	4.62	28	6
1989-04-13	0	5.21	28	6
1989-04-14	0	6.01	27	7
1989-04-15	0	4.66	28	5
1989-04-16	0	5.01	27	4
1989-04-17	0	6.24	28	6
1989-04-18	0	4.5	27	5
1989-04-19	0	3.75	27	7
1989-04-20	0	5.33	29	9
1989-04-21	0	3.69	27	8
1989-04-22	0	5.46	29	10
1989-04-23	0	5.68	27	9
1989-04-24	0	6.34	28	10
1989-04-25	0	3.19	28	9
1989-04-26	0	5.38	28	10
1989-04-27	0	4.15	29	9
1989-04-28	0	5.16	29	10
1989-04-29	0	4.09	29	11
1989-04-30	0	3.89	29	10
1989-05-01	0	2.62	27	9
1989-05-02	0	3.87	28	8
1989-05-03	0	4.14	26	10
1989-05-04	0	4.09	27	9
1989-05-05	0	6	26	10
1989-05-06	0	3.96	26	9
1989-05-07	0	5.18	26	11
1989-05-08	0	5.7	27	10
1989-05-09	0	5.83	26	11
1989-05-10	0	7.11	28	10
1989-05-11	0	5.02	27	10
1989-05-12	0	5.93	25	11
1989-05-13	0	4.12	29	12
1989-05-14	0	6.09	28	11
1989-05-15	0	6.07	28	12
1989-05-16	0	4.96	27	11
1989-05-17	0	4.09	28	10
1989-05-18	0	5.97	29	9
1989-05-19	0	5.99	28	11
1989-05-20	0	6.41	29	10
1989-05-21	0	4.9	29	9
1989-05-22	0	7	28	10
1989-05-23	0	7.28	29	9
1989-05-24	0	8.06	29	10
1989-05-25	0	6.23	31	10
1989-05-26	0	6.21	29	10
1989-05-27	0	4.52	28	10
1989-05-28	0	6.5	29	11
1989-05-29	0	3.64	30	10
1989-05-30	0	8.36	29	10
1989-05-31	0	7.7	29	10
1989-06-01	0	5.44	28	10
1989-06-02	0	6.09	29	11
1989-06-03	0	4.88	29	10
1989-06-04	0	5.69	29	11
1989-06-05	0	4.31	28	10
1989-06-06	0	5.12	28	11
1989-06-07	0	4.96	28	10
1989-06-08	0	5.01	29	11
1989-06-09	0	4.04	29	11
1989-06-10	0	6.54	28	11
1989-06-11	0	3.35	28	10
1989-06-12	0	4.77	29	11
1989-06-13	0	7.45	29	11
1989-06-14	0	5.13	29	11
1989-06-15	0.1	4.76	28	9
1989-06-16	0	6.11	31	12
1989-06-17	0	7.13	32	12
1989-06-18	0	7.02	32	12
1989-06-19	0.1	5.9	31	12
1989-06-20	0	4.29	29	11
1989-06-21	0	5.06	28	10
1989-06-22	0.8	5.62	31	11
1989-06-23	1.1	6.24	30	11
1989-06-24	0	4.19	29	10
1989-06-25	1.9	5.69	29	10
1989-06-26	1.5	5.86	30	11
1989-06-27	1.9	6.1	28	9
1989-06-28	2	5.56	29	11
1989-06-29	0	5.02	29	10
1989-06-30	0	6.92	30	11
1989-07-01	0.6	6.62	29	10
1989-07-02	0.7	3.33	29	10
1989-07-03	0.9	3.91	29	9
1989-07-04	1.2	6.89	30	9
1989-07-05	0.8	4.11	27	9
1989-07-06	0.6	5.48	28	10
1989-07-07	0.8	4.32	29	9
1989-07-08	0	3.46	29	11
1989-07-09	0	5.82	30	10
1989-07-10	0	4.01	29	10
1989-07-11	0	5.29	29	11
1989-07-12	0	5.41	29	9
1989-07-13	0	3.71	28	9
1989-07-14	0	3.61	30	10
1989-07-15	0	4.16	29	9
1989-07-16	0	5.07	29	11
1989-07-17	0	4.25	30	10
1989-07-18	0	4.07	30	11
1989-07-19	0	4.9	29	11
1989-07-20	0	3.38	29	10
1989-07-21	0	6.12	30	11
1989-07-22	0.4	5.2	30	11
1989-07-23	0.2	3.7	27	9
1989-07-24	0	4.1	28	10
1989-07-25	0	3.9	28	9
1989-07-26	0	5.48	30	10
1989-07-27	0	4.63	29	9
1989-07-28	0	4.07	28	9
1989-07-29	0	4.82	29	9
1989-07-30	0	6.01	30	10
1989-07-31	0	7.73	30	11
1989-08-01	0.9	4.85	28	10
1989-08-02	1	2.78	29	9
1989-08-03	1.2	4.58	30	8
1989-08-04	1.1	2.02	28	9
1989-08-05	0	2.69	29	9
1989-08-06	1.5	3.88	29	9
1989-08-07	0.4	2.95	28	10
1989-08-08	1	4.08	29	10
1989-08-09	0	3.34	30	9
1989-08-10	0	3.15	29	9
1989-08-11	0	1.24	26	10
1989-08-12	0	3.38	26	9
1989-08-13	0	2.83	27	9
1989-08-14	0	4.31	27	10
1989-08-15	0	3.03	26	9
1989-08-16	0	4.17	24	9
1989-08-17	0	3.05	29	10
1989-08-18	0.8	3.68	30	9
1989-08-19	0.6	3.9	29	8
1989-08-20	0	3.73	28	9
1989-08-21	0.9	4.02	28	9
1989-08-22	0	4.15	27	10
1989-08-23	0.9	3.9	28	9
1989-08-24	1.1	3.89	27	10
1989-08-25	1.8	6.81	29	11
1989-08-26	2.2	4.22	30	10
1989-08-27	1.5	4.19	29	9
1989-08-28	0	3.28	30	9
1989-08-29	0	2.63	29	9
1989-08-30	0	4.34	29	9
1989-08-31	1	3.8	30	10
1989-09-01	0	4.06	25	11
1989-09-02	0	3.61	27	10
1989-09-03	0.2	4.94	27	9
1989-09-04	0	3.85	26	10
1989-09-05	0	3.32	27	9
1989-09-06	0	3.69	26	11
1989-09-07	0	3.78	27	11
1989-09-08	0	4.12	26	10
1989-09-09	0	5.86	27	10
1989-09-10	0	4.12	26	10
1989-09-11	0	3.17	26	11
1989-09-12	0	4.19	27	11
1989-09-13	1.6	4.49	29	10
1989-09-14	0.4	4.29	27	10
1989-09-15	0	3.46	25	10
1989-09-16	0	3.73	27	11
1989-09-17	0	4	28	10
1989-09-18	0.2	5.02	29	9
1989-09-19	0	2.74	28	10
1989-09-20	0.2	3.13	29	9
1989-09-21	0	4.46	26	12
1989-09-22	0	4.61	28	11
1989-09-23	0.8	5.18	27	12
1989-09-24	0	4.05	27	13
1989-09-25	0	5.45	28	12
1989-09-26	0	4.58	28	10
1989-09-27	0	5.31	27	12
1989-09-28	0	3.81	26	13
1989-09-29	0	4.53	27	12
1989-09-30	0	7.64	26	12
1989-10-01	0	3.82	27	13
1989-10-02	0	4.16	28	12
1989-10-03	0	1.75	28	11
1989-10-04	0	4.15	27	12
1989-10-05	0	4.36	27	11
1989-10-06	0	3.44	27	13
1989-10-07	0	4.2	27	12
1989-10-08	0	5.38	28	11
1989-10-09	0	5.12	27	13
1989-10-10	0	3.84	27	12
1989-10-11	0	5.17	28	12
1989-10-12	0	5.83	27	13
1989-10-13	0	4.16	27	13
1989-10-14	0	1.73	28	12
1989-10-15	0	7.1	28	8
1989-10-16	0	3.29	27	5
1989-10-17	0	6.9	28	6
1989-10-18	0	4.84	27	7
1989-10-19	0	4.97	27	5
1989-10-20	0	4.84	26	4
1989-10-21	0	5.19	26	3
1989-10-22	0	5.61	27	3
1989-10-23	0	7.14	26	2
1989-10-24	0	5.16	26	2
1989-10-25	0	4.56	27	2
1989-10-26	0	3.17	26	2
1989-10-27	0	3.17	28	2
1989-10-28	0	4.68	27	2
1989-10-29	0	5.38	28	2
1989-10-30	0	3.12	27	2
1989-10-31	0	3.97	27	2
1989-12-01	0	2.7	28	5
1989-12-02	0	5.16	27	7
1989-12-03	0	4.92	28	5
1989-12-04	0	5.24	29	4
1989-12-05	0.2	5.5	28	8
1989-12-06	0.1	7.35	29	4
1989-12-07	0	4.27	29	7
1989-12-08	0	4.06	27	3
1989-12-09	0	5.22	27	2
1989-12-10	0	3.56	27	2
1989-12-11	0	7.34	27	3
1989-12-12	0	4.56	29	2
1989-12-13	0	4.37	28	3
1989-12-14	0	4.1	27	2
1989-12-15	0	4.91	27	2
1989-12-16	0	5.98	28	2
1989-12-17	0	4.09	27	2
1989-12-18	0	4.18	27	1
1989-12-19	0	4.19	27	2
1989-12-20	0	6.82	28	3
1989-12-21	0	4.85	27	6
1989-12-22	0	5.18	27	3
1989-12-23	0	4.88	26	1
1989-12-24	0	5.38	27	1
1989-12-25	0	4.92	27	1
1989-12-26	0	4.71	26	2
1989-12-27	0	3.86	27	5
1989-12-28	0	5.49	28	6
1989-12-29	0	3.65	27	8
1989-12-30	0	5.1	27	5
1989-12-31	0	4.1	28	7
1997-01-01	0	3.07	20	4
1997-01-02	0	4.75	19	4
1997-01-03	0	3.81	20	6
1997-01-04	0	4.77	21	6
1997-01-05	0	6.13	22	5
1997-01-06	0	5.14	23	7
1997-01-07	0	6.84	22	6
1997-01-08	0	5.26	20	7
1997-01-09	0	6.01	19	6
1997-01-10	0	7.86	19	3
1997-01-11	0	7.76	18	5
1997-01-12	0	6.13	20	3
1997-01-13	0	6.25	19	4
1997-01-14	0	1.32	16	5
1997-01-15	0	5.22	20	5
1997-01-16	0	2.55	17	3
1997-01-17	0	2.44	19	-1
1997-01-18	0	2.84	19	4
1997-01-19	0	3.09	18	1
1997-01-20	0	3.61	19	2
1997-01-21	0	4.67	21	6
1997-01-22	0	4.81	22	4
1997-01-23	0	4.11	22	5
1997-01-24	0	5.6	21	6
1997-01-25	0	4.79	19	4
1997-01-26	0	4.62	21	3.5
1997-01-27	0	9.08	22	5
1997-01-28	0	1.52	18	3
1997-01-29	6.4	1.82	18	1.5
1997-01-30	1	0.99	17	4
1997-01-31	0	5.17	19	3
1997-02-01	0	4.64	20	6
1997-02-02	0	4.32	20	8
1997-02-03	0	3.53	22	5
1997-02-04	0	4.97	21	7
1997-02-05	0	2.17	18	5
1997-02-06	0	2.6	21	5
1997-02-07	0	5.1	23	8
1997-02-08	0	3.86	21	8
1997-02-09	0	5.77	23	7
1997-02-10	0	4.62	22	8
1997-02-11	0	5.25	22	6
1997-02-12	0	5.96	25	7
1997-02-13	0	7.65	25	6
1997-02-14	0	4.84	22	7
1997-02-15	0	2.76	15	4
1997-02-16	0	3.79	14.5	-1
1997-02-17	0	3.13	19	-1
1997-02-18	0	6.56	22	-1
1997-02-19	0	5.35	23.5	-2
1997-02-20	0	8.93	24	8.5
1997-02-21	0	5.77	23	6
1997-02-22	0	2.99	20	5
1997-02-23	0	6.17	22.5	4
1997-02-24	0	6.47	25	7.5
1997-02-25	0	5.81	24	8
1997-02-26	0	8.11	19	11
1997-02-27	0	6.74	24	7
1997-02-28	0	9	31.5	10
1997-03-01	0	8.83	29	12
1997-03-02	0	6.67	27	8.5
1997-03-03	0	7.59	28	7.5
1997-03-04	0	8.04	28	5
1997-03-05	0	7.6	25	8.5
1997-03-06	0	3.89	15	6
1997-03-07	0	3.63	20	1
1997-03-08	0	3.85	21	4
1997-03-09	0	5.27	22	5
1997-03-10	0	4.73	21.5	3
1997-03-11	0	7.77	22	6
1997-03-12	0	2.43	22	8
1997-03-13	0	4.32	24	10
1997-03-14	0	7.1	24	8
1997-03-15	0	5.39	24	10
1997-03-16	1.2	4.21	26	7
1997-03-17	0	4.25	25	9
1997-03-18	0	5.74	25	7
1997-03-19	1.6	1.12	16	4
1997-03-20	0	3.78	21	4
1997-03-21	7	2.11	21	4
1997-03-22	3.9	1.03	20	6
1997-03-23	0	3.94	21	4
1997-03-24	0	6.26	23	6
1997-03-25	0	5.88	25	9
1997-03-26	0.1	5.29	24	8
1997-03-27	2.8	3.77	24	9
1997-03-28	6.6	4.35	24.5	9
1997-03-29	0	4.38	25	8
1997-03-30	12.6	4.08	26	8.5
1997-03-31	0.7	2.13	22	8
1997-04-01	0	4.24	24	10
1997-04-02	2.9	4.87	26	10
1997-04-03	0.1	5.88	25	11
1997-04-04	0	5.67	24	11
1997-04-05	0.01	6.18	23	10
1997-04-06	5.6	3.39	23	8
1997-04-07	12.2	5.02	22	7
1997-04-08	0	3.86	21	10
1997-04-09	9.8	1.98	21	9
1997-04-10	8.1	3.71	17	8
1997-04-11	0	7.63	21	7
1997-04-12	0	2.32	22	8
1997-04-13	1.7	3.89	21	10
1997-04-14	0	2.73	19	7
1997-04-15	0.7	2.5	22	7
1997-04-16	0.2	3.26	21	6
1997-04-17	1.6	2.35	20	5
1997-04-18	1.9	3.77	22	5
1997-04-19	0.01	3.71	23	5
1997-04-20	6.4	3.25	22	6
1997-04-21	0	6.3	22	7
1997-04-22	0	6.98	25.5	9
1997-04-23	0	7.93	26	9.5
1997-04-24	0	8.22	27	9
1997-04-25	0	8.34	28	10
1997-04-26	0	7.36	22	10
1997-04-27	0	9.72	22	9
1997-04-28	0	6.83	23	8
1997-04-29	0	7	23	9
1997-04-30	0	8.32	28	8
1997-05-01	0	6.53	28	10
1997-05-02	0	9.86	28	12
1997-05-03	0.2	5.07	22	10.5
1997-05-04	0	3.63	19	5
1997-05-05	0	5.82	22	7
1997-05-06	0	3.3	24	6
1997-05-07	0	9.06	25	7
1997-05-08	15.2	4.69	26	8
1997-05-09	7.4	1.65	22.5	8
1997-05-10	0	3.35	23	9.5
1997-05-11	0	4.25	23	8.5
1997-05-12	0	5.2	22	6
1997-05-13	0	2.9	23	6
1997-05-14	3.8	1.2	22.5	9
1997-05-15	6.2	6.31	22	9
1997-05-16	0.2	3.03	20	7
1997-05-17	2.3	4.43	22	8
1997-05-18	0	6.36	22	8
1997-05-19	0	5.12	23	10
1997-05-20	0.5	4.03	23	8
1997-05-21	0	2.9	23	5
1997-05-22	6.6	2.51	21	7
1997-05-23	6.5	1.11	22	11
1997-05-24	0	8.45	26	8
1997-05-25	0	9.1	25	10
1997-05-26	0.4	4.84	24	11
1997-05-27	0	7.15	25	10
1997-05-28	0	5.34	22	9
1997-05-29	0	7.66	26.5	7
1997-05-30	0	6.88	24	7
1997-05-31	0	7.56	24	9
1997-06-01	0	6.95	24	7
1997-06-02	0	6.7	25	10
1997-06-03	0	7.57	24	10
1997-06-04	0	8.41	23	7
1997-06-05	0	6.46	25	8
1997-06-06	2.2	6.72	28	9
1997-06-07	5.1	5.89	26	11
1997-06-08	1.6	8.64	25	11
1997-06-09	0	2.67	25	10
1997-06-10	0	6.1	24	10
1997-06-11	0	7.54	26	10
1997-06-12	0	7.62	26	10.5
1997-06-13	0	9.14	22	10
1997-06-14	0	9.02	26.5	10
1997-06-15	0	8.42	26	10
1997-06-16	0	5.51	25.5	12
1997-06-17	0	6.32	27	11
1997-06-18	0	6.59	26	14
1997-06-19	0	7.81	23	10
1997-06-20	0	7.1	25	8
1997-06-21	1.1	3.35	24.5	10
1997-06-22	8.2	2.09	23	13
1997-06-23	35.7	4.25	20	11
1997-06-24	1.5	3.03	18	10
1997-06-25	0	2.09	19	11
1997-06-26	0	5.53	20	11
1997-06-27	0	6.9	21	11
1997-06-28	0	4.31	23	10
1997-06-29	0	4.01	21	8
1997-06-30	0	4.88	21	8
1997-07-01	0.8	1.62	20	6
1997-07-02	0.9	5.45	26	6
1997-07-03	1.7	4.88	25	7
1997-07-04	1.1	3.24	22	9
1997-07-05	0	9.92	23	10
1997-07-06	0	3.78	23.5	9
1997-07-07	1.1	4.65	21	8
1997-07-08	0	5.3	22	6
1997-07-09	2.3	4.25	22	10
1997-07-10	0	5.74	23	7
1997-07-11	0	7.67	22	7
1997-07-12	0	7.28	23	9
1997-07-13	0	5.14	22	8
1997-07-14	9.5	2.82	22	8
1997-07-15	0	1.94	22	9
1997-07-16	0	2.63	22	10.5
1997-07-17	2.8	3.57	22	11
1997-07-18	20.8	2.84	23	10.5
1997-07-19	19.3	6.02	22	11
1997-07-20	3.5	2.8	24	10
1997-07-21	1.6	2.88	20	9
1997-07-22	0	6.24	23	9
1997-07-23	0	6.82	27.5	8
1997-07-24	0	5.99	21	7.5
1997-07-25	0	4.41	22	7
1997-07-26	0	4.95	23.5	6
1997-07-27	0	6.17	23	9.5
1997-07-28	0	5.16	22	9
1997-07-29	9	5.83	22	8
1997-07-30	2	4.98	22	9
1997-07-31	0	5.6	24	7
1997-08-01	0	7.66	23	7
1997-08-02	0	7.95	23	7
1997-08-03	0	6.67	22	7.5
1997-08-04	0	2.8	21	7
1997-08-05	1.4	3.81	20	9
1997-08-06	0	4.27	16	9
1997-08-07	0	5.05	25	10
1997-08-08	0	5.01	26	11
1997-08-09	0	7.1	23	8
1997-08-10	0	6.51	24	9.5
1997-08-11	0	7.2	25	7
1997-08-12	0	6.74	23	6
1997-08-13	0	5.88	22	7
1997-08-14	13.3	1.27	21	10
1997-08-15	0	4.97	22	11
1997-08-16	0	4.23	22	9
1997-08-17	1.9	3.84	22	11
1997-08-18	0	5.05	23	9.5
1997-08-19	0	2.13	22	8
1997-08-20	0	4.42	23	8
1997-08-21	0	6.46	21	8
1997-08-22	0	8.48	24	8
1997-08-23	0	6.54	25	6
1997-08-24	0	4.52	22	8
1997-08-25	0	6.27	20	7.5
1997-08-26	0	5.42	22	8
1997-08-27	0	2.98	21	10
1997-08-28	13.1	4.33	22.5	11
1997-08-29	0	5.13	22	9
1997-08-30	0	5.46	22.5	8
1997-08-31	0	4.33	24	7
1997-09-01	0	6.99	21	8
1997-09-02	0.5	3.76	21	7
1997-09-03	0.4	2.09	17	5
1997-09-04	0	2.56	18	10
1997-09-05	1	1.35	19	10
1997-09-06	4.9	2.17	18.5	12
1997-09-07	0	0.45	20	10
1997-09-08	0	9.24	20	5
1997-09-09	0	3.24	22	5
1997-09-10	0	6.16	21	7
1997-09-11	0	7.31	22	11
1997-09-12	0	4.38	22	7
1997-09-13	0	5.17	22	11
1997-09-14	0	5.44	21	9
1997-09-15	0	4.79	22	9
1997-09-16	0	3.48	22	9
1997-09-17	0	3.56	23	9
1997-09-18	0	3.8	23	8
1997-09-19	0	4.63	23	8.5
1997-09-20	3.9	1.31	20	9
1997-09-21	2	0.94	19	11
1997-09-22	2.2	4	25	11
1997-09-23	0	5.31	25.5	9
1997-09-24	13	3.39	22.5	10
1997-09-25	1.2	0.82	22	12
1997-09-26	0	3.55	25	9
1997-09-27	0	4.05	23	8
1997-09-28	0	6.41	24.5	10
1997-09-29	0	4.94	24	7
1997-09-30	0	4.66	24	10
1997-10-01	0	2.72	20	8
1997-10-02	0	3.98	20	8
1997-10-03	0	3.67	21	9
1997-10-04	0	5	22.5	8
1997-10-05	8.5	1.9	22	9
1997-10-06	0	6	18	8
1997-10-07	0	2.62	15	8
1997-10-08	0	3.44	21	9
1997-10-09	7.9	0.27	23	8
1997-10-10	32.9	2.86	25	12
1997-10-11	0.6	2.37	22	7
1997-10-12	30.4	2.57	24	11
1997-10-13	3.5	2.19	15	8
1997-10-14	0	1.04	16	7
1997-10-15	0	2.42	13	2
1997-10-16	0	1.61	12	2
1997-10-17	0	5.37	12	-2
1997-10-18	0	2.47	17	-1
1997-10-19	0	5.12	20	2
1997-10-20	0	4.29	21	4
1997-10-21	0	5.86	21	4
1997-10-22	0	4.01	23	4
1997-10-23	0	4.81	22	8
1997-10-24	0	4.05	23	7
1997-10-25	0	6.32	26	9
1997-10-26	0	5.43	24	11
1997-10-27	0	4.68	23	9
1997-10-28	0	4.24	21	9
1997-10-29	9.5	4.33	23.5	9
1997-10-30	0.9	4.3	25	11
1997-10-31	0	4.27	25.5	11
1997-11-01	0	6.64	24	11
1997-11-02	0	0.92	20	9
1997-11-03	0	1.33	20	7
1997-11-04	0	6.03	18	5
1997-11-05	0	5.4	22	7
1997-11-06	0	3.48	21	3
1997-11-07	0	3.28	21	3
1997-11-08	0.2	2.59	19	7
1997-11-09	0	2.1	18.5	11.5
1997-11-10	9.4	3.32	21	10
1997-11-11	0.01	1.44	19	6
1997-11-12	0	5.31	21	10
1997-11-13	0	4.51	22	7
1997-11-14	0	4.63	22	6
1997-11-15	0	4.37	23	7
1997-11-16	0	3.65	18	5
1997-11-17	0	2.5	18	6
1997-11-18	0	2.75	19	5
1997-11-19	0	3.34	19	1
1997-11-20	0	2.5	22	6
1997-11-21	0	5.37	22	4
1997-11-22	0	3.22	25	8.5
1997-11-23	0	2.45	28	8
1997-11-24	0	4.01	19	4
1997-11-25	0	4.68	18	5
1997-11-26	0	3.53	20	5
1997-11-27	0	4.18	19	5
1997-11-28	0	5.04	19	6
1997-11-29	0	2.52	18	7
1997-11-30	0	5.35	21	4
1997-12-01	0	3.73	20	2
1997-12-02	0	5.8	19	4
1997-12-03	0	3.78	24	3
1997-12-04	0	2.46	20	5.5
1997-12-05	0	5.99	22	5
1997-12-06	0	2.01	20	5
1997-12-07	0	5.69	24	7.5
1997-12-08	0	3.59	24	7
1997-12-09	0	5.25	26	5
1997-12-10	0	7.82	24	5
1997-12-11	0	6.33	24	3
1997-12-12	0	6.81	19	3
1997-12-13	0	1.42	15	0.5
1997-12-14	0	2.66	14	-5
1997-12-15	0	3.31	11	-4.5
1997-12-16	0	3.15	14	-2.5
1997-12-17	2.6	2.93	18	5
1997-12-18	0.9	0.54	14	6
1997-12-19	0	5.67	21	6
1997-12-20	0	4.95	21	4
1997-12-21	0	4.38	23	5
1997-12-22	0.7	1.83	18.5	8
1997-12-23	0	2.32	18	11.5
1997-12-24	0	4.63	20	9
1997-12-25	0	4.53	19	7
1997-12-26	0	5.63	19	7
1997-12-27	0	3.57	18	7
1997-12-28	0	6.83	18	7
1997-12-29	0	2.56	19	0
1997-12-30	0	4.39	19	-3
1997-12-31	0	2.94	16	0
1998-01-01	0	2.65	13	-1
1998-01-02	0	2.41	19	-1
1998-01-03	0	5.35	22	-2
1998-01-04	0	4.28	22	4
1998-01-05	0	4.4	23	7
1998-01-06	0	8.29	22	7
1998-01-07	0	7.65	19	6
1998-01-08	0	5.29	20	3
1998-01-09	0	4.66	22	5
1998-01-10	0	4.34	22	5.5
1998-01-11	0	5.11	24	5
1998-01-12	0	4.79	24	6
1998-01-13	0	6.33	25	9
1998-01-14	0	7.35	23	6
1998-01-15	0	3.67	24	3
1998-01-16	0	3.72	19	2
1998-01-17	0	2.57	23	7
1998-01-18	9.1	1.25	24	9
1998-01-19	0.2	3.38	15	7
1998-01-20	0	4.32	21	5
1998-01-21	0	5.52	22	5
1998-01-22	0	5.04	23	6
1998-01-23	0	2.36	19.5	4
1998-01-24	0	4.26	19	3.5
1998-01-25	0	3.55	20	3.5
1998-01-26	0	3.71	19	5
1998-01-27	0	4.59	20	1
1998-01-28	0	5.54	20	2
1998-01-29	0	5.12	20	4.5
1998-01-30	0	6.16	22	4
1998-01-31	0	5.39	22	4
1998-02-01	1.2	7.75	20.5	5
1998-02-02	1	2.81	9.5	3
1998-02-03	0	3.52	18	-2.5
1998-02-04	0	7.77	24	0
1998-02-05	0	7.41	18	6.5
1998-02-06	0	4.73	12	1
1998-02-07	0	5.77	23	0
1998-02-08	0	5.15	23	4
1998-02-09	0	3.94	24	6
1998-02-10	0	8.48	23	7
1998-02-11	0	5.03	23	5
1998-02-12	0	5.03	21	6.5
1998-02-13	0	6.35	23	7
1998-02-14	0	6.8	19	6
1998-02-15	0	7.8	23	3.5
1998-02-16	0	7.89	22	6
1998-02-17	0	7.66	24.5	4.5
1998-02-18	0	9.88	26	5.5
1998-02-19	0	5.2	25.5	5
1998-02-20	0	8.53	25	2
1998-02-21	0	9.24	24	4
1998-02-22	0	8.15	25.5	7
1998-02-23	0	7.32	24	7
1998-02-24	0	6.1	26	6.5
1998-02-25	0	8.71	26.5	7
1998-02-26	0	9.06	25	10
1998-02-27	0	8.99	25	9
1998-02-28	0	8.27	24	8
1998-03-01	0	4.86	23	2
1998-03-02	0	7.04	24	5.5
1998-03-03	0	5.95	24	5
1998-03-04	0	9.11	25	7
1998-03-05	0	7.46	27.5	9
1998-03-06	0	9.59	29	11
1998-03-07	0	7.61	27	12
1998-03-08	0	5.96	26	6
1998-03-09	0	6.22	24	2
1998-03-10	0	3.61	18	1
1998-03-11	0	6.22	20	0
1998-03-12	0	5.2	19	1
1998-03-13	0	3.35	22	3
1998-03-14	0	8.5	25	9
1998-03-15	0	9.2	26	10.5
1998-03-16	0	8.71	25	11
1998-03-17	0	6.04	24	9
1998-03-18	0	9.49	26	9
1998-03-19	0	8.66	28	9
1998-03-20	0	5.66	26	8
1998-03-21	0	6.43	24.5	9
1998-03-22	0	6.62	20	6
1998-03-23	0	5.3	23	2
1998-03-24	0	8.45	19	3
1998-03-25	0	8.17	23	3
1998-03-26	0	8.58	27	9
1998-03-27	0	9.11	28	8
1998-03-28	0	3.24	30	9
1998-03-29	0	8.27	29	11
1998-03-30	0	9.03	30	12
1998-03-31	0	7.6	30	2
1998-04-01	0	8.76	30	12
1998-04-02	0	8.52	29	13
1998-04-03	0	8.15	30	12
1998-04-04	0	8.79	30	11
1998-04-05	0	9.4	31	12
1998-04-06	0	9.63	31	15
1998-04-07	0	8.22	31	13
1998-04-08	0	5.58	31.5	11
1998-04-09	0	7.05	30	9
1998-04-10	0	5.99	23	6
1998-04-11	0	6.13	25.5	4.5
1998-04-12	0	7.4	22	10
1998-04-13	0	7.09	31	11
1998-04-14	0	7.7	33	12
1998-04-15	0	8.91	32	13
1998-04-16	0	8.11	35	15
1998-04-17	0	8.02	32.5	13
1998-04-18	0	9.13	30	11.5
1998-04-19	0	5.38	24	9
1998-04-20	0	7.2	27	5
1998-04-21	0	7.37	24	7
1998-04-22	0	4.08	24	7
1998-04-23	0	6.62	22	5
1998-04-24	0	6.88	26	6
1998-04-25	0	6.93	26	13
1998-04-26	0	8.27	28	10
1998-04-27	0	7.84	29	12
1998-04-28	0	7.89	23	12
1998-04-29	0	6.99	26	7
1998-04-30	0	6.17	26	12
1998-05-01	0	7.96	20	9
1998-05-02	0	7.94	27	11
1998-05-03	0	8.32	30	11
1998-05-04	0	7.44	30	11
1998-05-05	0	7.17	32	13
1998-05-06	0	7.88	32	14
1998-05-07	0	8.77	33	15
1998-05-08	0	9.24	33	16
1998-05-09	0	8.53	33.5	14
1998-05-10	0	7.27	29	12
1998-05-11	0	9.2	32	14
1998-05-12	0	9.38	31	15
1998-05-13	0	8.41	30	15
1998-05-14	0	7.85	30	15
1998-05-15	0	9.22	30	13
1998-05-16	0	8.77	28	8
1998-05-17	0	7.57	25	6
1998-05-18	0	9.27	25.5	7
1998-05-19	0	7.92	26	6
1998-05-20	0	7.01	25	7
1998-05-21	0	8.25	24	7
1998-05-22	0	9.07	25	9
1998-05-23	0	8.62	29	9
1998-05-24	0	9.61	30	11
1998-05-25	0	5.47	31	12
1998-05-26	0	8.5	31	10
1998-05-27	0	8.28	28	11
1998-05-28	0	8.26	29	8.5
1998-05-29	0	7.42	29	9
1998-05-30	0	8.99	27	8
1998-05-31	0	6.56	25	8
1998-06-01	0	8.61	28	7
1998-06-02	0	7.21	30	11
1998-06-03	0	8.55	25	15
1998-06-04	0	7.88	30	12
1998-06-05	0	7.11	30	8
1998-06-06	0	6	25	11
1998-06-07	0	7.86	25	11
1998-06-08	0	8.02	27	10
1998-06-09	0	7.53	28	12
1998-06-10	0	4.3	26	13
1998-06-11	0	7.26	25	12
1998-06-12	0	9.2	29	12
1998-06-13	0	9.08	27.5	11
1998-06-14	0	8.84	30	11
1998-06-15	0	7.9	30	11
1998-06-16	0	9.1	28	12
1998-06-17	0	8.2	26	13
1998-06-18	0	7.14	30	13
1998-06-19	0	9.48	27	11
1998-06-20	0	8.4	27	9
1998-06-21	0	8.77	25	10
1998-06-22	0	8.58	23	8
1998-06-23	0	7.4	22	9
1998-06-24	0	6.22	24	8
1998-06-25	0	6.79	25	6
1998-06-26	0	9.9	26	7
1998-06-27	0	7.93	25	6
1998-06-28	0	6	25	7
1998-06-29	0	2.89	23	6
1998-06-30	0	2.12	21	5
1998-07-01	0	4.69	23	8
1998-07-02	0	5.32	24	6
1998-07-03	0	4.32	22	7
1998-07-04	11.8	2.14	23	8
1998-07-05	0	3.45	23	8.5
1998-07-06	0	4.97	23	5
1998-07-07	0	8.36	23	8.5
1998-07-08	0	6.18	23	8
1998-07-09	1.2	5.11	24	8
1998-07-10	9	1.87	26	8
1998-07-11	0.01	3.03	23	6
1998-07-12	1.3	3.14	28	7
1998-07-13	0	6.49	25	10
1998-07-14	0	1.15	26	11
1998-07-15	0	4.15	25	6
1998-07-16	0	9.13	22	6
1998-07-17	0	1.99	23	7
1998-07-18	0	6.6	24	5
1998-07-19	0	7.18	22	5
1998-07-20	0	8.29	25	6
1998-07-21	0	7.89	24	6
1998-07-22	0	7.42	22	9
1998-07-23	0	2.74	20	9
1998-07-24	0	7.21	22	9
1998-07-25	0	6.44	22	7
1998-07-26	0	6.8	21	12
1998-07-27	0	7.44	22	11
1998-07-28	0	8.33	22	9.5
1998-07-29	0	6.38	23	5
1998-07-30	0	6.96	24	8
1998-07-31	0	7.27	28	9
1998-08-01	0	5.15	22	9
1998-08-02	0	5.7	23	10.5
1998-08-03	0	8.17	23	10
1998-08-04	4.5	2.76	23	6
1998-08-05	8.8	4.76	24.5	14
1998-08-06	2	6.89	24.5	12
1998-08-07	0	3.04	22	11
1998-08-08	0	5.3	23	7
1998-08-09	0	7.05	21	10
1998-08-10	0	4.4	20	8
1998-08-11	0	6.03	23	8
1998-08-12	0	5.23	23	9
1998-08-13	18.7	6.74	23	9
1998-08-14	4.6	4.21	25	6
1998-08-15	30.6	7.22	25	6
1998-08-16	1.7	1.49	21	11
1998-08-17	5.6	4.79	21	8
1998-08-18	0	6.36	23	6
1998-08-19	0	4.52	20	9
1998-08-20	9.3	0.13	15	6
1998-08-21	0.4	5.42	19	10
1998-08-22	0	3.59	21	6
1998-08-23	0	4.02	21	6
1998-08-24	0	3.7	21	6
1998-08-25	0	10.71	24	6
1998-08-26	0	1.74	24	9
1998-08-27	0	6.42	23	8
1998-08-28	0.8	4.22	21	9
1998-08-29	0	4.96	20.5	6
1998-08-30	1.3	5.31	21	9.5
1998-08-31	0	1.04	22	7
1998-09-01	0	3.21	21	10
1998-09-02	0	3.86	22	8
1998-09-03	0	3.67	21	9
1998-09-04	4.5	2.28	23	4
1998-09-05	0	3.48	19	5
1998-09-06	2.5	2.3	21	6
1998-09-07	11.9	0.79	25	7
1998-09-08	1.1	0.56	22	6
1998-09-09	0	3.01	21	5
1998-09-10	0	3.42	22	5.5
1998-09-11	0	3.63	22	6
1998-09-12	80.3	1.4	24	8
1998-09-13	41.7	6.46	22.5	12
1998-09-14	0.6	1.24	19	12
1998-09-15	0	2.91	20	11
1998-09-16	5.2	0.19	23	12
1998-09-17	8.2	3.44	21	7
1998-09-18	0	2.47	24	12
1998-09-19	22	0.86	23	12
1998-09-20	16.1	5.16	23	12
1998-09-21	0.4	3.22	21	12
1998-09-22	16.5	5.54	21	12
1998-09-23	7.1	1.23	21	11
1998-09-24	0	3.53	19	12
1998-09-25	0	2.65	19	11
1998-09-26	0	3.37	23	11
1998-09-27	0	3.02	21	12
1998-09-28	0	3	20	12
1998-09-29	9.9	6.36	20	12
1998-09-30	0	3.54	22	11
1998-10-01	2.2	2.31	23	10
1998-10-02	13.7	3.41	22.5	11
1998-10-03	0.3	0.99	21	11.5
1998-10-04	0.7	3.11	22	11
1998-10-05	0.3	3.32	22	10
1998-10-06	6.9	5.18	23	10
1998-10-07	0	1.68	24	10
1998-10-08	0	1.42	22	8
1998-10-09	0	1.01	19.5	9
1998-10-10	0	2.49	20.5	9
1998-10-11	0	2.1	19.5	11
1998-10-12	0	3.67	25	12
1998-10-13	0	3.71	20	10
1998-10-14	0	1.24	15	11
1998-10-15	6.4	3.25	19	7
1998-10-16	0.6	1.63	20	8
1998-10-17	0.8	1.07	22	6
1998-10-18	0	3.75	22	5
1998-10-19	0	2.25	20	5.5
1998-10-20	0	2.27	20	7
1998-10-21	1	2.19	15	9
1998-10-22	9.4	1.58	19	7
1998-10-23	0.01	1.5	16	6
1998-10-24	1.7	1.41	18	6
1998-10-25	1	1.23	15	6
1998-10-26	0.9	2.25	23	9
1998-10-27	0	2.33	17	9
1998-10-28	0	2.84	20	7
1998-10-29	0	3.36	22	4
1998-10-30	0	2.94	21	4.5
1998-10-31	0	4.13	20.5	6
1998-11-01	0	4.22	23.5	6
1998-11-02	0	3.9	21	6
1998-11-03	0	3.39	23	7
1998-11-04	0	3.66	23	8
1998-11-05	0	3.71	20	8
1998-11-06	0	3.69	23	7
1998-11-07	0	3.34	22	7
1998-11-08	0	3.34	22	7
1998-11-09	0	5.06	25	9
1998-11-10	0	7.57	20	9
1998-11-11	0	0.69	20	7
1998-11-12	0.01	1.04	21	7
1998-11-13	0	5.42	23	7
1998-11-14	0	2.66	22	10
1998-11-15	0	2.24	24	9
1998-11-16	0	4.35	25	8
1998-11-17	0	5.26	21	8
1998-11-18	0	3.22	22	5
1998-11-19	0	6.49	22.5	6
1998-11-20	0	5.34	22	7
1998-11-21	0	3.41	19	8
1998-11-22	0	2.07	19	7.5
1998-11-23	0.01	3.2	25	10
1998-11-24	0	1.9	23	5
1998-11-25	0	2.46	22	8
1998-11-26	0	3.52	22	7
1998-11-27	0	3.26	19	5
1998-11-28	0	4.68	19	3
1998-11-29	0	4.78	20	3.5
1998-11-30	0	4.71	20	5
1998-12-01	0	4.69	16	3
1998-12-02	0	3.46	20	1
1998-12-03	0	4.25	21	3
1998-12-04	0	3.97	22	6
1998-12-05	0	4.85	22.5	6
1998-12-06	0	5.05	22	7
1998-12-07	0	4.28	24	7
1998-12-08	0	2.21	24	4
1998-12-09	0	5.38	21	5
1998-12-10	0	4.51	22	6
1998-12-11	0	3.12	21	5
1998-12-12	0	3.37	21	6
1998-12-13	0	0.26	17	4
1998-12-14	0	3.21	15	3
1998-12-15	0	3.08	18	0
1998-12-16	0	4.34	18	1
1998-12-17	0	3.76	15	2
1998-12-18	0	3.26	19	2
1998-12-19	0	6.93	25	5
1998-12-20	0	2.45	22	6
1998-12-21	0	5.32	24	5
1998-12-22	0	2.42	18	5
1998-12-23	0	5.37	21	5
1998-12-24	0	3.94	21	4
1998-12-25	0	4.12	26	4
1998-12-26	0	4.41	20	9
1998-12-27	0	3.22	20	5
1998-12-28	0	5.18	20	6
1998-12-29	0	5.51	20	5
1998-12-30	0	4.86	21	0
1998-12-31	0	5.3	19.5	3
2008-01-01	0	NULO	21	2
2008-01-02	0	NULO	10	0
2008-01-03	0	NULO	9	-3.5
2008-01-04	0	NULO	9	1.5
2008-01-05	0	NULO	18	2
2008-01-06	0	NULO	10	3
2008-01-07	0	NULO	22	5
2008-01-08	0	NULO	21	2
2008-01-09	0	NULO	22	4
2008-01-10	0	NULO	21	5
2008-01-11	0	NULO	22	5
2008-01-12	0	NULO	19	5
2008-01-13	0	NULO	18	-11
2008-01-14	0	NULO	20	1
2008-01-15	0	NULO	17	-6
2008-01-16	0	NULO	12	3
2008-01-17	0	NULO	19	8
2008-01-18	0	NULO	20	6
2008-01-19	0	NULO	19	6
2008-01-20	0	NULO	20	5
2008-01-21	0	NULO	19	1
2008-01-22	0	NULO	15	5
2008-01-23	0	NULO	22	1
2008-01-24	0	NULO	19	5
2008-01-25	0	NULO	22	3
2008-01-26	0	NULO	18	4
2008-01-27	0	NULO	22	-12
2008-01-28	0	NULO	18	3
2008-01-29	0	NULO	21	3
2008-01-30	0	NULO	21.5	5
2008-01-31	0	NULO	20.5	5.5
2009-01-01	0	NULO	18	1.5
2009-01-02	0	NULO	17.5	2
2009-01-03	0	NULO	21	4.5
2009-01-04	0	NULO	22	5
2009-01-05	0	NULO	22	2.5
2009-01-06	0	NULO	23	6
2009-01-07	0	NULO	22	4
2009-01-08	0	NULO	22	5
2009-01-09	0	NULO	16	6
2009-01-10	0	NULO	15.5	6
2009-01-11	0	NULO	13.5	3.5
2009-01-12	0	NULO	22	2.5
2009-01-13	0	NULO	12	2
2009-01-14	0	NULO	11	-1
2009-01-15	10.2	NULO	12	3
2009-01-16	0	NULO	12.5	5
2009-01-17	0	NULO	15	3
2009-01-18	0	NULO	16	5
2009-01-19	0	NULO	17	3
2009-01-20	0	NULO	17	3.5
2009-01-21	0	NULO	17	2.5
2009-01-22	0	NULO	18	1
2009-01-23	0	NULO	20	0
2009-01-24	0	NULO	14.5	5
2009-01-25	0	NULO	12.5	3.5
2009-01-26	0	NULO	12	2
2009-01-27	0	NULO	23	6
2009-01-28	0	NULO	23	6.5
2009-01-29	0	NULO	22	4.5
2009-01-30	0	NULO	13	5
2009-01-31	0	NULO	20	1.5
2009-02-01	0	NULO	21	2.5
2009-02-02	0	NULO	18	3
2009-02-03	0	NULO	15	2.5
2009-02-04	0	NULO	6	2
2009-02-05	0	NULO	14	1
2009-02-06	0	NULO	13	2.5
2009-02-07	0	NULO	10	-1
2009-02-08	0	NULO	11	2.5
2009-02-09	0.01	NULO	11	2
2009-02-10	0.01	NULO	24	2.5
2009-02-11	11	NULO	21	6
2009-02-12	0	NULO	22	7
2009-02-13	0	NULO	23	3
2009-02-14	0	NULO	20	8
2009-02-15	0	NULO	23.5	5
2009-02-16	0	NULO	22	6.5
2009-02-17	0	NULO	23	5
2009-02-18	4.7	NULO	22.5	8.5
2009-02-19	0	NULO	25	6.5
2009-02-20	0	NULO	20	7
2009-02-21	0	NULO	18	9
2009-02-22	0	NULO	20	2
2009-02-23	0	NULO	19.5	-1
2009-02-24	0	NULO	20.5	-1.5
2009-02-25	0	NULO	22	-2
2009-02-26	0	NULO	23	5
2009-02-27	0	NULO	21	1.5
2009-02-28	0	NULO	NULO	NULO
2009-03-01	0	NULO	25	4.5
2009-03-02	0	NULO	18	-1
2009-03-03	0	NULO	22	5
2009-03-04	0	NULO	19	3
2009-03-05	0	NULO	22	3
2009-03-06	0	NULO	23	3
2009-03-07	0	NULO	24	5
2009-03-08	0	NULO	25	6
2009-03-09	0	NULO	23.5	6
2009-03-10	0	NULO	25	8
2009-03-11	0	NULO	25	13
2009-03-12	0	NULO	23	12
2009-03-13	0	NULO	22	5
2009-03-14	0	NULO	21	7
2009-03-15	0	NULO	25	8.5
2009-03-16	0	NULO	20	8
2009-03-17	0	NULO	20	6
2009-03-18	0	NULO	20	6
2009-03-19	0	NULO	23	4.5
2009-03-20	0	NULO	19	5
2009-03-21	0	NULO	21.5	4
2009-03-22	0	NULO	20.5	8
2009-03-23	0	NULO	18	7.5
2009-03-24	0	NULO	24	6.5
2009-03-25	0	NULO	23	8
2009-03-26	0	NULO	25	7.5
2009-03-27	0	NULO	24	8
2009-03-28	0	NULO	24	9
2009-03-29	0	NULO	25	8
2009-03-30	NULO	NULO	NULO	NULO
2009-03-31	0	NULO	NULO	NULO
2009-04-01	0	NULO	29	5
2009-04-02	0	NULO	27	7
2009-04-03	0	NULO	28	11
2009-04-04	0	NULO	29	10
2009-04-05	0	NULO	19	9
2009-04-06	0	NULO	20	3.5
2009-04-07	0	NULO	25	4
2009-04-08	0	NULO	25	9
2009-04-09	0	NULO	20	9.5
2009-04-10	0	NULO	29	10
2009-04-11	0	NULO	29	10.5
2009-04-12	0	NULO	29	10
2009-04-13	7.6	NULO	26	7
2009-04-14	2	NULO	24	6.5
2009-04-15	0	NULO	27	8
2009-04-16	0	NULO	26	10
2009-04-17	0	NULO	27	10
2009-04-18	0	NULO	26.5	10
2009-04-19	0	NULO	27.5	9
2009-04-20	0	NULO	17.5	8.5
2009-04-21	0	NULO	22	6.5
2009-04-22	0	NULO	23	8.5
2009-04-23	0	NULO	24	9.5
2009-04-24	0	NULO	26	6
2009-04-25	0	NULO	27	11
2009-04-26	0	NULO	27	1
2009-04-27	0	NULO	26.5	11
2009-04-28	0	NULO	26	8
2009-04-29	0	NULO	26	8.5
2009-04-30	0	NULO	26	0
2009-05-01	0	NULO	27	8
2009-05-02	0	NULO	27.5	8.5
2009-05-03	0	NULO	28	9.5
2009-05-04	0	NULO	27	11
2009-05-05	0	NULO	27	8
2009-05-06	0	NULO	22	10
2009-05-07	0	NULO	27	9
2009-05-08	0	NULO	26	9
2009-05-09	0	NULO	26	9.5
2009-05-10	0	NULO	25.5	8.5
2009-05-11	0	NULO	25.5	8
2009-05-12	0	NULO	24	8
2009-05-13	0	NULO	26	8.5
2009-05-14	0	NULO	25	10
2009-05-15	0	NULO	24.5	7.5
2009-05-16	2.2	NULO	25	7
2009-05-17	2.3	NULO	24	7.5
2009-05-18	0	NULO	23	6
2009-05-19	0	NULO	19	3
2009-05-20	0	NULO	21	5
2009-05-21	0	NULO	24	8.5
2009-05-22	0	NULO	23	10
2009-05-23	0	NULO	23.5	9
2009-05-24	0	NULO	25	9.5
2009-05-25	0	NULO	26	9
2009-05-26	7.8	NULO	28	11
2009-05-27	0	NULO	27	12
2009-05-28	0	NULO	27	12.5
2009-05-29	5.5	NULO	26	11.5
2009-05-30	7.3	NULO	22	9
2009-05-31	8.7	NULO	22.5	8.5
2009-06-01	48.1	NULO	22	8.5
2009-06-02	0	NULO	23	8
2009-06-03	0	NULO	23	7.5
2009-06-04	0	NULO	21	8
2009-06-05	0	NULO	24	7
2009-06-06	0	NULO	26.5	7.5
2009-06-07	0	NULO	27	8
2009-06-08	0	NULO	28	8
2009-06-09	0	NULO	27	7
2009-06-10	0	NULO	26	12
2009-06-11	0	NULO	26.5	12
2009-06-12	0	NULO	26	9.5
2009-06-13	0	NULO	25.5	9
2009-06-14	0	NULO	26	9
2009-06-15	0	NULO	24	9
2009-06-16	0	NULO	24	9
2009-06-17	6.9	NULO	21	11
2009-06-18	0	NULO	21	7
2009-06-19	0	NULO	22	10
2009-06-20	0	NULO	22.5	9
2009-06-21	0	NULO	23	9.5
2009-06-22	3	NULO	18	9
2009-06-23	6.3	NULO	21	10
2009-06-24	0	NULO	25	9.5
2009-06-25	7.6	NULO	22.5	10.5
2009-06-26	0	NULO	23	10
2009-06-27	0	NULO	22.5	10.5
2009-06-28	3.5	NULO	22	10
2009-06-29	14	NULO	27	10.5
2009-06-30	2	NULO	25	9
2009-07-01	0.01	NULO	25.5	9.5
2009-07-02	6	NULO	20	10
2009-07-03	11.5	NULO	21	10
2009-07-04	7	NULO	22	9
2009-07-05	2.6	NULO	22.5	9
2009-07-06	0	NULO	23	9.5
2009-07-07	0	NULO	22.5	8.5
2009-07-08	0	NULO	23.5	8
2009-07-09	0	NULO	23.5	8.5
2009-07-10	6	NULO	20	10.5
2009-07-11	0	NULO	20	10
2009-07-12	0	NULO	20.5	8.5
2009-07-13	0	NULO	20.5	7.5
2009-07-14	0	NULO	21	10
2009-07-15	0	NULO	21.5	9.5
2009-07-16	0	NULO	22	10
2009-07-17	0	NULO	23	9
2009-07-18	0	NULO	24.5	8
2009-07-19	0	NULO	25	7.5
2009-07-20	0	NULO	25.5	8.5
2009-07-21	0	NULO	24.5	8
2009-07-22	0	NULO	23	8.5
2009-07-23	0	NULO	24.5	9
2009-07-24	7.2	NULO	24	8.5
2009-07-25	0	NULO	24.5	8
2009-07-26	0	NULO	23	8.5
2009-07-27	0	NULO	22.5	9
2009-07-28	4.9	NULO	22	9
2009-07-29	28.4	NULO	23	9
2009-07-30	0	NULO	24	9
2009-07-31	0	NULO	24.5	8.5
2009-08-01	0	NULO	24.5	8
2009-08-02	0	NULO	25	8.5
2009-08-03	0	NULO	24.5	8
2009-08-04	0	NULO	23	8.5
2009-08-05	0	NULO	23	8
2009-08-06	0	NULO	22	8
2009-08-07	0	NULO	23	6
2009-08-08	0	NULO	23	9
2009-08-09	0	NULO	24	6.5
2009-08-10	0	NULO	21.5	7
2009-08-11	0	NULO	22	5.5
2009-08-12	0	NULO	23	6
2009-08-13	0	NULO	23.5	7.5
2009-08-14	0	NULO	23	8.5
2009-08-15	0	NULO	23.5	9.5
2009-08-16	0	NULO	24	10
2009-08-17	0	NULO	22	12
2009-08-18	0	NULO	22.5	8
2009-08-19	0.3	NULO	23	7
2009-08-20	5.2	NULO	21	7.5
2009-08-21	0	NULO	22	9
2009-08-22	0	NULO	22.5	8.5
2009-08-23	0	NULO	23.5	8
2009-08-24	0	NULO	22.5	8
2009-08-25	0	NULO	23	8.5
2009-08-26	0	NULO	21	9
2009-08-27	0	NULO	22.5	8
2009-08-28	0	NULO	21	8.5
2009-08-29	6.2	NULO	21.5	7.5
2009-08-30	8	NULO	22	6.5
2009-08-31	0	NULO	22	7
2009-09-01	0	NULO	20	8
2009-09-02	0	NULO	25	9
2009-09-03	0	NULO	21	8
2009-09-04	3.4	NULO	14	6
2009-09-05	5.4	NULO	12	4
2009-09-06	0.01	NULO	19	6.5
2009-09-07	0.01	NULO	20	9
2009-09-08	0	NULO	20	7
2009-09-09	0	NULO	20.5	12
2009-09-10	1.5	NULO	20	11
2009-09-11	13.7	NULO	22	12
2009-09-12	0	NULO	20.5	11.5
2009-09-13	7.8	NULO	21.5	8.5
2009-09-14	11	NULO	21	6
2009-09-15	4	NULO	20	8
2009-09-16	0	NULO	20	9.5
2009-09-17	0	NULO	21	8
2009-09-18	0	NULO	20	9
2009-09-19	0	NULO	16	9
2009-09-20	0	NULO	15.5	9
2009-09-21	0	NULO	16	8.5
2009-09-22	0.01	NULO	22	6.5
2009-09-23	2.7	NULO	19	7
2009-09-24	4.5	NULO	18	11
2009-09-25	12.9	NULO	14	10
2009-09-26	0	NULO	14.5	10
2009-09-27	5.9	NULO	19	10.5
2009-09-28	0	NULO	21	7
2009-09-29	0	NULO	18	7
2009-09-30	0	NULO	28.5	7
2009-10-01	0	NULO	26	8.5
2009-10-02	0	NULO	25	9.5
2009-10-03	0	NULO	25.5	9
2009-10-04	0	NULO	26	8.5
2009-10-05	0	NULO	25.5	9
2009-10-06	0	NULO	25	9.5
2009-10-07	0	NULO	20	9
2009-10-08	0	NULO	24	8
2009-10-09	0	NULO	23.5	11
2009-10-10	0	NULO	22.5	11.5
2009-10-11	0.01	NULO	23	9.5
2009-10-12	0	NULO	22.5	8.5
2009-10-13	0	NULO	23	7.5
2009-10-14	0	NULO	23.5	8
2009-10-15	0	NULO	22.5	7.5
2009-10-16	0	NULO	21	6
2009-10-17	4.7	NULO	15.5	5.5
2009-10-18	0	NULO	14.5	6
2009-10-19	0	NULO	19.5	6
2009-10-20	0	NULO	22.5	8.5
2009-10-21	0	NULO	23	9
2009-10-22	0	NULO	23	9
2009-10-23	31	NULO	20	9
2009-10-24	11	NULO	19	8
2009-10-25	2.5	NULO	19	8.5
2009-10-26	5.3	NULO	19	9
2009-10-27	0.6	NULO	14.5	9.5
2009-10-28	0	NULO	19	11
2009-10-29	0	NULO	21	9
2009-10-30	8	NULO	20	9
2009-10-31	0	NULO	17	10
2009-11-01	0	NULO	16	7
2009-11-02	0	NULO	19	6
2009-11-03	0	NULO	15	-1
2009-11-04	0	NULO	15	2
2009-11-05	0	NULO	10	1
2009-11-06	0	NULO	13	3
2009-11-07	0	NULO	15.5	5.5
2009-11-08	0	NULO	17.5	2.5
2009-11-09	0	NULO	15.5	3
2009-11-10	0	NULO	18	2.5
2009-11-11	0	NULO	13	3
2009-11-12	0	NULO	21	3
2009-11-13	0	NULO	20	6
2009-11-14	0	NULO	15	6.5
2009-11-15	0	NULO	21	5.5
2009-11-16	0	NULO	19	6
2009-11-17	0	NULO	17	6
2009-11-18	0	NULO	18	7
2009-11-19	0	NULO	19	9
2009-11-20	0	NULO	20	9.5
2009-11-21	0	NULO	21.5	8
2009-11-22	0	NULO	21	5.5
2009-11-23	0	NULO	21	6
2009-11-24	0	NULO	21	7
2009-11-25	0	NULO	18	6
2009-11-26	0	NULO	17.5	4
2009-11-27	0	NULO	16	4.5
2009-11-28	0	NULO	15	4
2009-11-29	0	NULO	13.5	4.5
2009-11-30	0	NULO	22	5
2009-12-01	0	NULO	21.5	6.5
2009-12-02	0	NULO	20	6
2009-12-03	0	NULO	18	5.5
2009-12-04	0	NULO	18.5	6
2009-12-05	0	NULO	20	5
2009-12-06	0	NULO	22	5.5
2009-12-07	0	NULO	21.5	6
2009-12-08	0	NULO	22	6.5
2009-12-09	0	NULO	21	6.5
2009-12-10	0	NULO	20.5	7
2009-12-11	0	NULO	20	6.5
2009-12-12	0	NULO	19.5	6
2009-12-13	0	NULO	19.5	5.5
2009-12-14	2	NULO	19	5
2009-12-15	0	NULO	18	4.5
2009-12-16	5	NULO	18.5	4
2009-12-17	0	NULO	17	3.5
2009-12-18	0	NULO	17	6
2009-12-19	36	NULO	16.5	2.5
2009-12-20	0	NULO	17	3
2009-12-21	0	NULO	15	2
2009-12-22	0	NULO	19	3
2009-12-23	0	NULO	19.5	6
2009-12-24	0	NULO	20	5.5
2009-12-25	0	NULO	20	6
2009-12-26	0	NULO	20	3
2009-12-27	0	NULO	22	3.5
2009-12-28	0	NULO	19	2
2009-12-29	0	NULO	20	5
2009-12-30	0	NULO	20.5	5
2009-12-31	0	NULO	21	5.5
2010-01-01	0	NULO	20	2.5
2010-01-02	40	NULO	20	2
2010-01-03	0	NULO	18	2.5
2010-01-04	0	NULO	20	3
2010-01-05	0	NULO	14	4
2010-01-06	0	NULO	16	4
2010-01-07	7.8	NULO	17	5
2010-01-08	13.1	NULO	9	6
2010-01-09	0	NULO	9.5	5.5
2010-01-10	0	NULO	8	6
2010-01-11	0	NULO	13	1
2010-01-12	3	NULO	12	2
2010-01-13	0	NULO	14	4
2010-01-14	0	NULO	14	3.5
2010-01-15	0	NULO	18	4
2010-01-16	0	NULO	17	2
2010-01-17	0	NULO	20.5	2
2010-01-18	0	NULO	19.5	2
2010-01-19	0	NULO	11	2
2010-01-20	0	NULO	23	3.5
2010-01-21	0	NULO	23	8
2010-01-22	0	NULO	23	6
2010-01-23	0	NULO	20.5	5.5
2010-01-24	0	NULO	18	6
2010-01-25	0	NULO	14	5
2010-01-26	0	NULO	14	6
2010-01-27	0	NULO	16	7
2010-01-28	12	NULO	21	6
2010-01-29	8	NULO	20	6.5
2010-01-30	0	NULO	20.5	7
2010-01-31	9.5	NULO	22	4
2010-02-01	2	NULO	11.5	4
2010-02-02	3	NULO	13	6.5
2010-02-03	18	NULO	13	3
2010-02-04	28	NULO	13	8
2010-02-05	0	NULO	18	3
2010-02-06	0	NULO	14.5	3
2010-02-07	0	NULO	16	3.5
2010-02-08	0	NULO	20	5.5
2010-02-09	0	NULO	20	6
2010-02-10	0	NULO	22	2.5
2010-02-11	0	NULO	20.5	3
2010-02-12	0	NULO	21	4
2010-02-13	0	NULO	21	5
2010-02-14	0	NULO	20	3
2010-02-15	0	NULO	15	5
2010-02-16	0	NULO	15.5	1
2010-02-17	18.5	NULO	8	2
2010-02-18	0.8	NULO	14.5	5.5
2010-02-19	0	NULO	18	5.5
2010-02-20	0	NULO	19.5	5.5
2010-02-21	0	NULO	21	7
2010-02-22	0	NULO	21.5	5.5
2010-02-23	0	NULO	22	5
2010-02-24	0	NULO	12.5	5
2010-02-25	0	NULO	22	0
2010-02-26	0	NULO	20	3
2010-02-27	0	NULO	20.5	3.5
2010-02-28	NULO	NULO	NULO	NULO
