COMISIÓN NACIONAL DEL AGUA
COORDINACIÓN GENERAL DEL SERVICIO METEOROLÓGICO NACIONAL
BASE DE DATOS CLIMATOLÓGICA NACIONAL 

REGISTRO DIARIO HISTÓRICO
EMISIÓN   : 11/09/2026 

DATOS DISPONIBLES EN LA BASE DE DATOS A: SEPTEMBER DE 2026; 
CON LA INFORMACIÓN SUMINISTRADA POR LAS UNIDADES ADMINISTRATIVAS 

 ESTACIÓN   : 13005 
 NOMBRE     : CHARCO DEL ZACATON 
 ESTADO     : HIDALGO 
 MUNICIPIO  : EMILIANO ZAPATA 
 SITUACIÓN  : SUSPENDIDA 
 U. ADMNVA. : ORGANISMO DE CUENCA AGUAS DEL VALLE DE MÉXICO 
 CVE-OMM    :   
 LATITUD    : 19.61666667 ° 
 LONGITUD   : -98.66666667 ° 
 ALTITUD    : 2730 msnm 




FECHA		PRECIP	EVAP	TMAX	TMIN
		(mm)	(mm)	(°C )	(°C)
1968-01-01	0	3.3	20.5	2
1968-01-02	0	5.3	22.5	2.5
1968-01-03	0	5.3	23.5	2
1968-01-04	0	4.7	22.5	1
1968-01-05	0	3.1	20.5	-1.5
1968-01-06	0	4.1	21.5	2
1968-01-07	0	1.9	14.5	2
1968-01-08	0	1.1	18.5	-1
1968-01-09	0	3.2	16.5	0
1968-01-10	0	3.6	18.5	0
1968-01-11	0	2.2	19.5	1
1968-01-12	0	4.7	18.5	2
1968-01-13	0	2.2	17.5	-0.5
1968-01-14	0	3.7	16.5	-2.5
1968-01-15	0.01	2.1	16.5	-1.5
1968-01-16	9.9	2.9	16	0
1968-01-17	0	3	16.5	-1
1968-01-18	0	2.8	17.5	0
1968-01-19	0	2.6	19.5	0.5
1968-01-20	0	4	20.5	1
1968-01-21	0	5.1	19.5	-1
1968-01-22	0.01	0.6	18.5	-0.5
1968-01-23	0.01	3.4	16.5	0
1968-01-24	0	2.2	13.5	2
1968-01-25	0	4	17.5	0
1968-01-26	0	3.9	18.5	0
1968-01-27	0	3.8	19.5	1.5
1968-01-28	0	3.6	22.5	-2.5
1968-01-29	0	5.7	20.5	2.5
1968-01-30	0	5.5	21	1.5
1968-01-31	0	3.4	20.5	-2.5
1968-02-01	13.8	5.1	12	1
1968-02-02	0	2.4	12	4.5
1968-02-03	6.1	3.7	18	-1
1968-02-04	4.5	0.7	15.5	2
1968-02-05	0	3.6	14.5	0.5
1968-02-06	0	1.2	11	0
1968-02-07	0	3.1	12.5	-7
1968-02-08	0	4.8	17.5	-4.5
1968-02-09	0	4.7	19	-3
1968-02-10	0	4.2	17	1.5
1968-02-11	0	2.4	15	5
1968-02-12	0	4.9	19	-1
1968-02-13	0	5.1	21.5	-1
1968-02-14	0	4	20.5	1
1968-02-15	0	5.4	19	1
1968-02-16	0	2.9	19	1.5
1968-02-17	8.3	2.2	16.5	2
1968-02-18	0.01	1	16.5	3
1968-02-19	0	4.5	16.5	-2
1968-02-20	0	5.7	20	-1
1968-02-21	0	6	20.5	-1
1968-02-22	0	7	21.5	1.5
1968-02-23	0	6.6	21.5	0
1968-02-24	0	5.1	21.5	0.5
1968-02-25	0	5.5	24	1.5
1968-02-26	0	5.8	20	0
1968-02-27	0	4.3	22.5	0
1968-02-28	0	5.1	23.5	3
1968-02-29	0	4.1	22	1
1968-03-01	0	5.3	20	2
1968-03-02	0	4.2	19.5	3.5
1968-03-03	0	3.9	19	1
1968-03-04	0	1.7	18.5	4.5
1968-03-05	0	4.3	12	2.5
1968-03-06	0	5.3	21	5.5
1968-03-07	0	5.1	22	0
1968-03-08	0	8.4	23	1
1968-03-09	0	5.5	23	5.5
1968-03-10	0	8.3	23.5	1.5
1968-03-11	0	9.7	22	3
1968-03-12	0	7.5	22.5	-2
1968-03-13	0	4.8	22	-5
1968-03-14	0	7.6	23	0.5
1968-03-15	0	7.5	24.5	2
1968-03-16	0	5.8	22.5	2
1968-03-17	0	8.2	24	2
1968-03-18	0	4.8	24	3
1968-03-19	0	7.2	25	3.5
1968-03-20	0	5.8	20.5	3
1968-03-21	0	5.9	22.5	2.5
1968-03-22	0	5.7	24	1
1968-03-23	0	5.2	19.5	-3
1968-03-24	0	5.6	22	-0.5
1968-03-25	0	7.5	21.5	1.5
1968-03-26	0	6.6	24	0.5
1968-03-27	0	7	26.5	4
1968-03-28	0	8.6	26	4.5
1968-03-29	0	4.9	26	1
1968-03-30	0	6.3	25.5	2.5
1968-03-31	0	7.4	24	4.5
1968-04-01	0	8.3	27	4
1968-04-02	8.1	4.7	25.5	7.5
1968-04-03	0.01	5.4	23.5	7.5
1968-04-04	0	4.6	20	4
1968-04-05	1.2	3	22	5
1968-04-06	0	5.9	23.5	5
1968-04-07	13.9	1.6	21	5.5
1968-04-08	10.1	3.9	18.5	4
1968-04-09	0	2.3	19	4.5
1968-04-10	12.3	3.7	18	4
1968-04-11	1.8	1.1	17	5
1968-04-12	0	2.1	19.5	4.5
1968-04-13	0	5.8	23	4.5
1968-04-14	0	3.8	23	6
1968-04-15	0	5	24	5
1968-04-16	0	8.9	25.5	5.5
1968-04-17	0	7.6	27	6
1968-04-18	0	8.9	27	6
1968-04-19	0.01	2.9	26	5
1968-04-20	0	3.8	22.5	6.5
1968-04-21	0	5.3	25.5	5.5
1968-04-22	2.8	3.3	24.5	6
1968-04-23	38.8	2.2	23.5	6
1968-04-24	13.7	2.6	19	6
1968-04-25	4.9	2.6	20	6.5
1968-04-26	1.2	3	21	5
1968-04-27	0	6.4	23.5	8
1968-04-28	11.3	4.2	23	5.5
1968-04-29	12.3	1.5	24	6
1968-04-30	2	1.2	18	6
1968-05-01	21.4	4.1	21	7
1968-05-02	6.2	3.4	21.5	5.5
1968-05-03	4.7	6.3	23	6
1968-05-04	0	5.9	23.5	9
1968-05-05	0	3.6	22	7
1968-05-06	1	5	24.5	5.5
1968-05-07	0.01	6.8	24.5	7
1968-05-08	0.01	3.1	22.5	7.5
1968-05-09	4.6	5.1	23	6
1968-05-10	2.4	3.4	21.5	5.5
1968-05-11	6.4	4.4	23	6
1968-05-12	8.5	2.9	21	5
1968-05-13	0	6.6	23	5.5
1968-05-14	5.1	4.4	24.5	6
1968-05-15	0	6.6	23	6.5
1968-05-16	0	4.9	25	6
1968-05-17	0	5.1	24.5	7
1968-05-18	6.9	1.6	18	8
1968-05-19	4.7	0.8	19.5	8
1968-05-20	0	3.1	17.5	6
1968-05-21	7.8	3.3	21	7
1968-05-22	10.1	1.2	17.5	7.5
1968-05-23	0	3.3	21.5	8
1968-05-24	1	5.2	23	6.5
1968-05-25	0.01	4.4	22.5	6
1968-05-26	0	7.6	22	4.5
1968-05-27	0	9.3	24	4
1968-05-28	0	8.8	23.5	5
1968-05-29	0	6.1	23	4
1968-05-30	0	7.6	23	3.5
1968-05-31	0	6.3	24	4.5
1968-06-01	0	8.7	24	4.5
1968-06-02	0	5.7	23.5	3.5
1968-06-03	30.3	6.6	23	4.5
1968-06-04	7.4	4.5	23	4.5
1968-06-05	0	3.2	21	4.5
1968-06-06	0	5.3	24	8
1968-06-07	0	6.4	25.5	7
1968-06-08	0	4.5	24	6.5
1968-06-09	0	7.2	25	6.5
1968-06-10	0	5.9	24.5	6
1968-06-11	7.5	3.8	23.5	7
1968-06-12	1.2	3.6	21.5	9.5
1968-06-13	2.3	4.3	21.5	7
1968-06-14	0	5.4	23	7
1968-06-15	0	9.3	24	6
1968-06-16	0	5.1	23.5	8
1968-06-17	0	5.9	21	6
1968-06-18	14.6	1.1	21.5	9.5
1968-06-19	17.6	2.9	20	8.5
1968-06-20	16	2.4	17	9.5
1968-06-21	30.3	1.3	19	9.5
1968-06-22	17.5	6.2	19	7.5
1968-06-23	9	1.2	17	8.5
1968-06-24	22.6	1.6	17.5	8.5
1968-06-25	7.7	0.1	16.5	8.5
1968-06-26	18.7	4.2	19	6.5
1968-06-27	0	1.2	18	8
1968-06-28	13	3.5	19	9
1968-06-29	11.4	4	19.5	6.5
1968-06-30	3.9	3.1	20.5	8.5
1968-07-01	4	1.5	20	7
1968-07-02	0	5.1	19.5	6
1968-07-03	0	5.3	17.5	4.5
1968-07-04	13.8	2	18	5.5
1968-07-05	2.8	2.8	18	7
1968-07-06	0	3.7	16.5	7.5
1968-07-07	9.2	2.4	23	7
1968-07-08	0	3.6	22	6.5
1968-07-09	0.01	2.6	20	7
1968-07-10	0	4.7	21.5	6.5
1968-07-11	1.1	4.9	22	6.5
1968-07-12	0.01	1.3	20.5	5.5
1968-07-13	2	3	22	6
1968-07-14	10	3.7	22.5	8
1968-07-15	0.01	4.8	18	7.5
1968-07-16	0.01	2.5	20.5	5.5
1968-07-17	1.5	2.7	19	6
1968-07-18	0.01	4.2	21.5	8
1968-07-19	0	7.5	20	6
1968-07-20	6.9	1.4	21.5	5
1968-07-21	0	4.7	21.5	5.5
1968-07-22	0.01	3.6	21.5	5.5
1968-07-23	0	4.8	21.5	3.5
1968-07-24	0.01	2.7	21.5	5.5
1968-07-25	10.3	5.9	21.5	6.5
1968-07-26	1.4	2.5	19	5
1968-07-27	2.2	2.1	17	5
1968-07-28	0.01	1.8	16.5	7
1968-07-29	6.9	3.2	21.5	4.5
1968-07-30	8.8	3.3	18	7
1968-07-31	3.8	3.1	20	6
1968-08-01	0	3.2	21	6.5
1968-08-02	0.01	5.4	22	7
1968-08-03	0	3.7	21.5	7
1968-08-04	0	6.3	21.5	6
1968-08-05	6.8	3.6	22	5
1968-08-06	1.4	2.5	20.5	3
1968-08-07	0	4.7	20	6.5
1968-08-08	17.9	6.1	19.5	6
1968-08-09	0	4.3	21.5	4
1968-08-10	1	3.3	22.5	5.5
1968-08-11	0.01	3.7	23.5	7
1968-08-12	0	4.7	23.5	8
1968-08-13	0	4.4	23.5	5
1968-08-14	0	5.6	20	5
1968-08-15	0.01	2.6	19.5	8
1968-08-16	0.01	1.6	17.5	8.5
1968-08-17	0	4.5	21.5	9
1968-08-18	0	5.2	22.5	5
1968-08-19	4.5	4.1	21.5	7
1968-08-20	1	3.1	20.5	7.5
1968-08-21	0	2.1	15.5	6
1968-08-22	0	2.9	18	6
1968-08-23	2.8	4.4	21	3
1968-08-24	1.8	3	20.5	7.5
1968-08-25	0	4.6	21.5	8
1968-08-26	2.6	5.1	21.5	6
1968-08-27	0	6.4	21	5.5
1968-08-28	2.4	2.2	21.5	3.5
1968-08-29	1.5	2.5	20	5.5
1968-08-30	1.3	4.5	22	4.5
1968-08-31	2.2	2.2	21.5	5
1968-09-01	11.8	3	19	5.5
1968-09-02	13.9	5.2	20	5.5
1968-09-03	0	2.7	21.5	8
1968-09-04	0.01	3.1	20.5	6.5
1968-09-05	2.5	1.7	20.5	5.5
1968-09-06	1.5	2.8	17.5	7
1968-09-07	0	4.1	18	8
1968-09-08	0	5.3	18.5	6
1968-09-09	0	3.9	19.5	6
1968-09-10	0	4.1	21	7
1968-09-11	5.3	2	20	7
1968-09-12	0.01	1.5	21.5	7.5
1968-09-13	4.3	2.3	20.5	7.5
1968-09-14	4.1	2.1	20.5	9
1968-09-15	16	3.9	22	8
1968-09-16	8.6	5	23	8
1968-09-17	1.1	3.3	23.5	8
1968-09-18	0	1.5	17.5	6.5
1968-09-19	0	4.6	20.5	5.5
1968-09-20	0	2.7	21	7.5
1968-09-21	0	4.6	20	6.5
1968-09-22	0	4.4	20	7.5
1968-09-23	1.3	3.2	17	6.5
1968-09-24	2.7	4.1	18	5
1968-09-25	0	4.4	18.5	8
1968-09-26	0	5.4	18.5	3.5
1968-09-27	10.3	2.6	19.5	7.5
1968-09-28	0	4.1	21.5	5.5
1968-09-29	0.01	4.6	21.5	8.5
1968-09-30	0	4.3	20	8
1968-10-01	0	3.3	19	6.5
1968-10-02	2.4	3.1	22	5.5
1968-10-03	1.2	2.5	22.5	6
1968-10-04	0	6.5	23.5	5
1968-10-05	0	3.3	23	4
1968-10-06	0	3.8	22.5	6.5
1968-10-07	3.7	1.8	21.5	7
1968-10-08	3.2	1.7	20	6
1968-10-09	1.8	1.8	20.5	7
1968-10-10	0.01	2.3	16.5	6.5
1968-10-11	0	3.9	19	7.5
1968-10-12	0	4.3	19	5
1968-10-13	0	4.4	19	5
1968-10-14	0	4.5	19	3
1968-10-15	0	3	20.5	6
1968-10-16	0	4	21.5	5
1968-10-17	0	5	21.5	4
1968-10-18	0	4.3	18.5	6.5
1968-10-19	4	1.9	20	4.5
1968-10-20	0	4.6	19.5	5.5
1968-10-21	0.01	1.4	22	5.5
1968-10-22	0	2.2	21	6.5
1968-10-23	0	3.3	20	3.5
1968-10-24	0.01	1.7	17.5	6
1968-10-25	0	3.3	15	2.5
1968-10-26	0	3.6	20	0.5
1968-10-27	0	5.2	21	1
1968-10-28	0	5.2	18	-1.5
1968-10-29	0	3.9	20	-1.5
1968-10-30	0	3.9	20.5	1.5
1968-10-31	0	3.9	20	3
1968-11-01	0	3.5	21	3.5
1968-11-02	0	5.6	21.5	1.5
1968-11-03	0	3.4	21	3
1968-11-04	0	5.1	20.5	1
1968-11-05	0	3.4	21	4
1968-11-06	0	4.6	22.5	2.5
1968-11-07	0	3.2	21.5	4
1968-11-08	0	4.5	20.5	4
1968-11-09	0	4.9	19	2.5
1968-11-10	0	3.7	21.5	1
1968-11-11	0	4.1	20	3.5
1968-11-12	0	5.3	21	-2
1968-11-13	0	5	22.5	0
1968-11-14	0	3.7	21.5	0.5
1968-11-15	0	5.6	22.5	2.5
1968-11-16	0	3.9	23.5	4
1968-11-17	0	3.9	22	3.5
1968-11-18	2.5	2.3	21	3.5
1968-11-19	3.8	1.8	19.5	5
1968-11-20	0	3.6	15.5	4
1968-11-21	0	2.2	16	5
1968-11-22	0	3.1	17.5	-1
1968-11-23	0	2.8	19	0
1968-11-24	0	2.7	18	2.5
1968-11-25	0	3.9	19	-1.5
1968-11-26	0	3	20	2.5
1968-11-27	0	4.2	20.5	2.5
1968-11-28	0	2.9	20	2.5
1968-11-29	0.01	1.9	20	4
1968-11-30	0	4.6	21.5	4
1968-12-01	0	1.4	21	5.5
1968-12-02	0	3.7	21	5
1968-12-03	1.8	1.6	16.5	6.5
1968-12-04	3.5	1.1	17.5	4.5
1968-12-05	1.2	1.9	19	5
1968-12-06	2.3	2.3	18.5	4.5
1968-12-07	2.6	1.4	15.5	5
1968-12-08	1	1.9	11.5	3.5
1968-12-09	0	1.1	17.5	1
1968-12-10	0	3.2	17.5	0.5
1968-12-11	0.01	2.6	16.5	0
1968-12-12	0	4.6	18	2
1968-12-13	0	2.6	20	1
1968-12-14	0	2.8	12	1
1968-12-15	0	1.5	18.5	0
1968-12-16	0	3.8	18	1
1968-12-17	0	4.5	19	1.5
1968-12-18	0	1.5	17.5	2.5
1968-12-19	0	3.1	20.5	3.5
1968-12-20	0	3.1	21	3
1968-12-21	0	3.9	20.5	1.5
1968-12-22	0.01	1.9	17.5	2.5
1968-12-23	0.01	1.1	15	4.5
1968-12-24	0	1.8	18	2
1968-12-25	0	2	17.5	1
1968-12-26	0	4.3	19	2.5
1968-12-27	0	3.4	19	4
1968-12-28	0	2.3	20	2
1968-12-29	0	3.7	22	1.5
1968-12-30	0	3.8	21	1.5
1968-12-31	0	3.3	19.5	2
1969-01-01	0	5.8	13.5	3
1969-01-02	23	1.9	18.5	1
1969-01-03	7.7	1.5	17	2
1969-01-04	20	3	14	2.5
1969-01-05	0	0.6	11.5	0.5
1969-01-06	0	1.1	14	-1
1969-01-07	0	4.4	18	-1
1969-01-08	0	4.8	19.5	0
1969-01-09	0	3.9	14	2
1969-01-10	0	3.7	22	1.5
1969-01-11	0	2.6	20.5	2
1969-01-12	0	4.6	20	2.5
1969-01-13	0	2.6	20.5	3
1969-01-14	0	3.3	20	1.5
1969-01-15	0	3.6	21.5	2
1969-01-16	0	2.2	19	1.5
1969-01-17	0	3.3	18	2.5
1969-01-18	0	4.2	16	3
1969-01-19	0	3.4	16	-1
1969-01-20	0	3.7	18.5	-1
1969-01-21	0	4	18.5	1
1969-01-22	0	4.2	20.5	-0.5
1969-01-23	0	4.8	22	1
1969-01-24	0	4.9	22	0.5
1969-01-25	0	4.1	22	0
1969-01-26	0	4.1	21	2.5
1969-01-27	0	3.2	22	1.5
1969-01-28	0	5.7	22.5	2
1969-01-29	0	3.3	19.5	3
1969-01-30	0	5.9	25	3.5
1969-01-31	0	4	22	0
1969-02-01	0	5.9	25	2
1969-02-02	0	4.8	24	4.5
1969-02-03	0	4.2	17	1
1969-02-04	0	3.7	NULO	NULO
1969-02-05	0	3.7	21.5	0
1969-02-06	0	4	20.5	3.5
1969-02-07	0	5.4	23	3
1969-02-08	0	3.7	24	3.5
1969-02-09	0	5	21.5	2
1969-02-10	0	4.2	24	3
1969-02-11	0	6.3	22.5	4.5
1969-02-12	1.4	2.5	22.5	3
1969-02-13	0	4.5	19.5	3.5
1969-02-14	0	8.4	20	5
1969-02-15	0	6.6	22	1
1969-02-16	0	6.6	21	1
1969-02-17	0	5.1	22	2
1969-02-18	0	5.6	18.5	1
1969-02-19	0	2.5	20	1.5
1969-02-20	0	5.6	20.5	1.5
1969-02-21	0	7.1	22.5	1.5
1969-02-22	0	3.9	22.5	4
1969-02-23	1.5	3.4	23.5	2.5
1969-02-24	0	5.2	25	3
1969-02-25	0	4.8	22.5	1.5
1969-02-26	0	5.1	22.5	4.5
1969-02-27	0	6.1	24	6
1969-02-28	0	3.9	23	3
1969-03-01	0	5.9	24	5.5
1969-03-02	0	8.5	24.5	5.5
1969-03-03	0	6.4	21.5	4.5
1969-03-04	0	7.1	23.5	2.5
1969-03-05	0	8.9	23	4.5
1969-03-06	0	7.8	22.5	9
1969-03-07	0	9	17	7.5
1969-03-08	0	7.3	23.5	6.5
1969-03-09	0	8.6	25	4
1969-03-10	0	4.8	26.5	4.5
1969-03-11	0	4.2	25.5	8
1969-03-12	0	7.8	26	9.5
1969-03-13	0	6.2	25.5	2
1969-03-14	0	9.7	26	5.5
1969-03-15	0	6.7	24.5	7.5
1969-03-16	0	6.6	24	4.5
1969-03-17	3.2	1.4	17	7
1969-03-18	1.3	1.7	21.5	4.5
1969-03-19	0	4.6	22	4.5
1969-03-20	1	1.6	22	4.5
1969-03-21	0	5.1	23	6
1969-03-22	0	5.8	26	6.5
1969-03-23	0	9.1	28.5	9.5
1969-03-24	0	6.7	20	4.5
1969-03-25	0	5.4	23	4
1969-03-26	0	2.2	19	7.5
1969-03-27	1.7	3.2	21.5	3
1969-03-28	0	5.1	21.5	3
1969-03-29	11	2.6	21.5	2.5
1969-03-30	3.2	4.7	18	2.5
1969-03-31	1	2.6	16	3
1969-05-01	0	9.6	26.5	4
1969-05-02	0	8.1	24	5.5
1969-05-03	0	8.9	28	5
1969-05-04	0	8.4	28.5	5
1969-05-05	0	9.1	27.5	5
1969-05-06	0	8.4	28.5	5.5
1969-05-07	0	9.2	28.5	4.5
1969-05-08	0	7.1	29.5	7.5
1969-05-09	0	3.8	21	6.5
1969-05-10	0	5.4	20.5	7.5
1969-05-11	0	5.8	27	6
1969-05-12	0	4.9	23.5	5.5
1969-05-13	2.5	4.2	26.5	5
1969-05-14	0	4.4	20	6
1969-05-15	0	9.6	25.5	5
1969-05-16	0	4.6	26	4.5
1969-05-17	0	4	24	7
1969-05-18	0	7.3	24	5
1969-05-19	0	5.8	24.5	6
1969-05-20	0	8.1	25	5.5
1969-05-21	0	8.7	24	1.5
1969-05-22	0	6.4	27.5	4.5
1969-05-23	0	6.8	25	4.5
1969-05-24	0	5.6	23.5	3.5
1969-05-25	0	7.2	25	5.5
1969-05-26	0	6.6	24	3.5
1969-05-27	0	6.9	23	2
1969-05-28	0	6.4	24.5	3
1969-05-29	0	7.2	22.5	2.5
1969-05-30	12	3.9	24	5
1969-05-31	6	5.3	23.5	8
1969-06-01	0	4.7	23.5	6
1969-06-02	0	7.6	25	5
1969-06-03	11.8	8.1	28	6
1969-06-04	0	1.8	21.5	9
1969-06-05	0	5.4	22	8
1969-06-06	0	4.2	24	5
1969-06-07	0	5.7	27	7.5
1969-06-08	0	6.7	27.5	7
1969-06-09	0	7.5	26	8.5
1969-06-10	0	8	27.5	5
1969-06-11	0	8.1	28.5	8
1969-06-12	0	8.9	29	9.5
1969-06-13	0	8.5	26.5	6.5
1969-06-14	0	8.1	26.5	5.5
1969-06-15	0	7.9	19	2.5
1969-06-16	0	8.3	20	1
1969-06-17	0	8.6	26.5	6
1969-06-18	0	8.2	27.5	5
1969-06-19	2	5.6	26.5	6.5
1969-06-20	0	2.5	22.5	9
1969-06-21	0	4.1	25	10
1969-06-22	6.3	5.5	27	7
1969-06-23	0	3.4	24	8.5
1969-06-24	12.2	6.7	25.5	8
1969-06-25	0	4.9	23	10.5
1969-06-26	2.5	1.4	19	10
1969-06-27	0	2.5	22.5	9.5
1969-06-28	2	2.1	20	7.5
1969-06-29	0	2.7	17.5	7
1969-06-30	0	4.5	21.5	6
1969-07-01	0	6.6	19	4
1969-07-02	1.6	1.1	16.5	8.5
1969-07-03	3	2.8	21.5	9
1969-07-04	0	3.9	23.5	10
1969-07-05	0	5.3	25	8.5
1969-07-06	11	2.3	23	6.5
1969-07-07	0.4	3.6	20	9
1969-07-08	3	1.9	20	9
1969-07-09	1	3.8	21	6
1969-07-10	0	5.9	23	5.5
1969-07-11	1	3.9	22.5	6
1969-07-12	4.3	3.4	22.5	7.5
1969-07-13	9.6	2.8	21	6.5
1969-07-14	0	3.3	21	9
1969-07-15	6.9	4.7	24	8
1969-07-16	0	5.6	22	5.5
1969-07-17	0	5.8	23.5	6
1969-07-18	0	7.1	19.5	6.5
1969-07-19	2	4.1	22.5	5.5
1969-07-20	1	3.5	23	5.5
1969-07-21	3.5	3	24	7.5
1969-07-22	0	1.6	22	7
1969-07-23	0	6.1	24.5	8.5
1969-07-24	0	5.1	22	7.5
1969-07-25	6.2	4.1	24	7
1969-07-26	0	5.1	24.5	7.5
1969-07-27	0	2.5	23.5	7.5
1969-07-28	0	4.9	26	6
1969-07-29	0	6.7	24	4
1969-07-30	0	7.6	23	5
1969-07-31	9	4.6	22	3.5
1969-08-01	8.5	3.1	20.5	4.5
1969-08-02	3	2	18.5	5.5
1969-08-03	9.7	2.5	18	9
1969-08-04	9.6	4.3	20	8.5
1969-08-05	3.5	2.5	19.5	9
1969-08-06	10.7	1.7	18	9.5
1969-08-07	6.8	2.6	20.5	8.5
1969-08-08	0	3.2	20	7.5
1969-08-09	2.5	4.4	19.5	7
1969-08-10	0	2.4	18	8.5
1969-08-11	0	4.4	19	5.5
1969-08-12	7.2	4.2	21.5	5.5
1969-08-13	13	4	22	6.5
1969-08-14	12.3	1.5	18.5	9
1969-08-15	8.2	1.3	19	9
1969-08-16	11.5	3.2	20.5	9
1969-08-17	1	3.7	21.5	7
1969-08-18	0	5.2	21	5.5
1969-08-19	3.8	4.6	21.5	4.5
1969-08-20	2	0.6	17.5	9.5
1969-08-21	20	4.6	16	9
1969-08-22	28.6	1.7	15	9.5
1969-08-23	5.2	2.1	18	9.5
1969-08-24	2	3.8	20	5.5
1969-08-25	0	2.2	17	9
1969-08-26	29.5	1.4	18.5	7
1969-08-27	0	4.7	20	8
1969-08-28	9	1.5	19	8.5
1969-08-29	17	1	16.5	7.5
1969-08-30	5	1.1	20	9
1969-08-31	10	2.5	16	8.5
1969-09-01	28.9	1.5	16.5	9.5
1969-09-02	0	0.3	17	9.5
1969-09-03	0	3.1	16.5	7
1969-09-04	0	4	18.5	7
1969-09-05	0	2	17.5	5.5
1969-09-06	10.5	1.6	15.5	8.5
1969-09-07	6	2.2	15	9
1969-09-08	16.5	0.9	15	9
1969-09-09	0	3.6	18	8.5
1969-09-10	0	2.5	19	8
1969-09-11	0	1.7	16.5	8.5
1969-09-12	0	1.4	18.5	8
1969-09-13	1.4	4.1	21.5	6.5
1969-09-14	5.5	1.9	21.5	9
1969-09-15	0	5.3	21.5	7
1969-09-16	0	4.3	20.5	4.5
1969-09-17	0	3.3	22	4
1969-09-18	0	5.6	21	8.5
1969-09-19	0	4.8	20.5	4.5
1969-09-20	0	4	22.5	6.5
1969-09-21	0	3.3	22.5	5
1969-09-22	2	3.2	21.5	6.5
1969-09-23	0	4.4	21.5	6.5
1969-09-24	0	3.5	20.5	6
1969-09-25	0	3.7	21.5	6.5
1969-09-26	0	3.9	20	6.5
1969-09-27	0	3.3	17.5	8
1969-09-28	0	3.8	17.5	5
1969-09-29	0	3.5	NULO	NULO
1969-09-30	0	4.3	18.5	2.5
1969-10-01	0	6.4	20	0.5
1969-10-02	0	2.8	21	2.5
1969-10-03	0	3	22.5	7
1969-10-04	1.6	2.5	22.5	8
1969-10-05	1	2.5	23	7
1969-10-06	0	3.8	20	7
1969-10-07	0	3.5	18	5
1969-10-08	0	5.7	18.5	7
1969-10-09	0	2.7	22.5	3.5
1969-10-10	1	1.5	22	5.5
1969-10-11	1	2.1	20	7
1969-10-12	0	3	23	6
1969-10-13	0	4.9	21	7
1969-10-14	0	4.8	21.5	6.5
1969-10-15	0	2.2	21.5	3.5
1969-10-16	0	4.8	18.5	4.5
1969-10-17	0	3.7	20.5	5.5
1969-10-18	0	4.4	23	2.5
1969-10-19	1.3	4.6	23	4
1969-10-20	0	4.1	24	6
1969-10-21	0	4.9	23.5	4.5
1969-10-22	0	4.1	22.5	3
1969-10-23	0	4.2	23	5.5
1969-10-24	0	5.6	23	2.5
1969-10-25	0	5.1	21.5	2.5
1969-10-26	0	3.7	21	0.5
1969-10-27	0	1.5	20	5
1969-10-28	0	3.8	18.5	3
1969-10-29	3	2.7	22	3.5
1969-10-30	10	4.1	22	4
1969-10-31	0	1.3	18.5	2.5
1969-12-01	0	0.7	19.5	1.5
1969-12-02	0	4.4	20.5	3.5
1969-12-03	0	3.7	20.5	1.5
1969-12-04	0	1.6	21	4
1969-12-05	0	4.6	20	3
1969-12-06	0	3	18.5	6
1969-12-07	0	3.4	20	1
1969-12-08	0	4	20	2.5
1969-12-09	0	5.6	20	-3
1969-12-10	0	3.3	23	-1.5
1969-12-11	0	5.5	21	2
1969-12-12	0	1.6	17.5	0.5
1969-12-13	0	2.3	20	-1
1969-12-14	0	5.3	20.5	1
1969-12-15	0	2.5	20	0
1969-12-16	0	4.8	20	1
1969-12-17	0	3.7	21.5	1
1969-12-18	0	4.2	20	1.5
1969-12-19	0	1.3	18	3.5
1969-12-20	0	3.2	18.5	1
1969-12-21	0	5.4	18.5	1
1969-12-22	0	3.8	20.5	1
1969-12-23	0	4.4	20	2
1969-12-24	0	4.2	20.5	1
1969-12-25	0	5	20	0
1969-12-26	0	3.2	22	-0.5
1969-12-27	0	5.6	NULO	NULO
1969-12-28	0	4.8	20.5	0.5
1969-12-29	0	1.3	16.5	2.5
1969-12-30	0	2.9	21	4.5
1969-12-31	0	4.2	20.5	3.5
1970-01-01	0	3.8	17	1
1970-01-02	0	5.9	19.5	1
1970-01-03	0	1.6	19	2.5
1970-01-04	0	3.8	20.5	3.5
1970-01-05	3.4	1.1	16.5	1.5
1970-01-06	0	1.2	19	1.5
1970-01-07	0	2.7	17.5	-1.5
1970-01-08	0	5.3	17.5	-0.5
1970-01-09	0	1.7	14.5	0.5
1970-01-10	0	3.3	18	-1
1970-01-11	0	5.7	19	4
1970-01-12	0	3.8	18.5	0
1970-01-13	0	4.7	19	0.5
1970-01-14	0	5.1	18.5	0
1970-01-15	0	6	19	-1.5
1970-01-16	0	5.7	20.5	3
1970-01-17	0	5.3	22.5	1
1970-01-18	0	4.1	19	-2
1970-01-19	0	4.2	19.5	-2.5
1970-01-20	0	2.2	19	-1.5
1970-01-21	0	5.2	19.5	-1.5
1970-01-22	0	3	17	0.5
1970-01-23	2	0.8	15.5	0
1970-01-24	0	0.9	16.5	-0.5
1970-01-25	0	4.7	19	-2
1970-01-26	0	3.2	26	1
1970-01-27	0	4.2	21	2.5
1970-01-28	0	4.8	22	2.5
1970-01-29	0	4.1	21.5	3
1970-01-30	0	4.4	20.5	2.5
1970-01-31	0	4.2	22	1
1970-02-01	0	5.9	21.5	3
1970-02-02	0	7	21	7.5
1970-02-03	0	3.2	18	0.5
1970-02-04	0	3.4	23	-3
1970-02-05	0	3.5	21.5	1
1970-02-06	0	4.2	22.5	1.5
1970-02-07	0	4.2	20.5	2.5
1970-02-08	0	4.2	20	1.5
1970-02-09	0	2.3	11.5	2.5
1970-02-10	4.3	1.7	17.5	1
1970-02-11	0	4.2	15.5	2
1970-02-12	0	3.3	16.5	-0.5
1970-02-13	0	3.2	20.5	-1.5
1970-02-14	0	4.2	21.5	1
1970-02-15	0	4.8	22	0
1970-02-16	0	3.7	19.5	2
1970-02-17	0	3.3	17.5	3
1970-02-18	0	3.2	18.5	0.5
1970-02-19	0	3.3	19.5	3
1970-02-20	3.5	1	17.5	4.5
1970-02-21	0	3.7	15	3.5
1970-02-22	0	2.4	17.5	0.5
1970-02-23	0	4.7	21	2.5
1970-02-24	0	5.1	20.5	5
1970-02-25	0	3.9	19	1
1970-02-26	0	4.3	23.5	1
1970-02-27	0	4.6	20.5	4
1970-02-28	0	3.9	23	3.5
1970-03-01	0	2.5	21	5
1970-03-02	0	3.4	21.5	3.5
1970-03-03	0	5.1	23	4
1970-03-04	0	6.5	22	3.5
1970-03-05	0	6.6	19.5	2.5
1970-03-06	0	8	23	6
1970-03-07	0	5.7	21.5	2.5
1970-03-08	0	9.7	21.5	-0.5
1970-03-09	0	6.6	23	2
1970-03-10	0	10.7	22.5	1.5
1970-03-11	0	6.3	22	1.5
1970-03-12	0	6	21	3
1970-03-13	0	5.2	20.5	2
1970-03-14	0	6.2	22.5	1.5
1970-03-15	0	4	25	2.5
1970-03-16	0	5.3	25.5	2
1970-03-17	0	4.7	23	3.5
1970-03-18	0	5.7	20	3.5
1970-03-19	0	6.3	20.5	6
1970-03-20	0	8	26.5	4
1970-03-21	0	8.7	26	4.5
1970-03-22	0	7.8	27	3.5
1970-03-23	0	7.3	27	4.5
1970-03-24	0	6.2	27	5
1970-03-25	0	9.1	27.5	5
1970-03-26	0	7.2	27	5
1970-03-27	0	7.9	27.5	3.5
1970-03-28	0	9.5	27	3.5
1970-03-29	0	8.5	26.5	2.5
1970-03-30	0	9.4	28	6.5
1970-03-31	0	9	30	5.5
1970-04-01	0	8.9	30	9.5
1970-04-02	0	6.6	28	8
1970-04-03	0	4.6	26	5.5
1970-04-04	0	9.1	29	8.5
1970-04-05	4	7.1	27	4.5
1970-04-06	1	4.9	24.5	6
1970-04-07	0	4	24.5	6
1970-04-08	0	5.7	26.5	7
1970-04-09	0	4	22	6.5
1970-04-10	0	3.3	20	4.5
1970-04-11	0	6.9	23	6
1970-04-12	0	8.6	26	3
1970-04-13	0	5.5	25	5
1970-04-14	0	6.7	25.5	4.5
1970-04-15	0	6.8	26.5	5
1970-04-16	0	7.1	27.5	6
1970-04-17	0	7.4	27.5	6.5
1970-04-18	0	5.6	27	6
1970-04-19	0	9.4	27.5	5.5
1970-04-20	0	6.2	28	5
1970-04-21	0	4.6	27	8
1970-04-22	0	7.9	30	8
1970-04-23	0	4.1	30	8
1970-04-24	0	10.7	29	7
1970-04-25	0	7.3	28	5.5
1970-04-26	0	8.2	30	6.5
1970-04-27	0	9.6	30	7.5
1970-04-28	0	8.1	31.5	8
1970-04-29	0	9.6	29.5	6
1970-04-30	0	6.4	28.5	5.5
1970-05-01	0	7.2	29	8
1970-05-02	0	5.9	27	8
1970-05-03	6.4	2.7	21.5	5.5
1970-05-04	0	5.2	20.5	4.5
1970-05-05	0	8.2	27.5	3.5
1970-05-06	0	7.5	24	1
1970-05-07	0	8.4	25	4.5
1970-05-08	0	5.9	27	6
1970-05-09	0	7.5	27	8
1970-05-10	2	4.8	26.5	7.5
1970-05-11	0	3.4	26	7.5
1970-05-12	0	6.6	24	7.5
1970-05-13	5.5	4.2	23.5	6.5
1970-05-14	3.4	3.7	23.5	5.5
1970-05-15	7.5	4.1	22	5
1970-05-16	5	3.2	20	6.5
1970-05-17	0	5.4	19.5	1.5
1970-05-18	0	7.8	22	0.5
1970-05-19	0	6	23	3
1970-05-20	0	5.9	23	3.5
1970-05-21	0	4.7	24	4.5
1970-05-22	3	3.9	23.5	6.5
1970-05-23	0	5.3	22.5	7.5
1970-05-24	3.4	6.1	24.5	5
1970-05-25	0	5.5	26	6
1970-05-26	0	7.4	25.5	8
1970-05-27	0	7.1	26.5	7
1970-05-28	6.2	4.2	26	10
1970-05-29	0	6.1	25	8
1970-05-30	0	5.7	26	8.5
1970-05-31	0	4.8	24.5	6.5
1970-06-01	7.4	2.7	24	5
1970-06-02	0	5.6	18	6
1970-06-03	0	3.7	20	4.5
1970-06-04	0	2.8	20.5	5
1970-06-05	0	8.1	23	7.5
1970-06-06	0	8.9	25	4.5
1970-06-07	3.2	6.1	26	3.5
1970-06-08	2.5	4.1	20.5	9.5
1970-06-09	3.8	0.6	17	9.5
1970-06-10	13	3.6	21.5	8.5
1970-06-11	4.5	1.9	22	8
1970-06-12	0	5.5	24	6
1970-06-13	0	3.2	25	6.5
1970-06-14	0	7.7	23.5	4
1970-06-15	0	7.1	25	3
1970-06-16	0	6.1	24	5
1970-06-17	27.5	6.3	23.5	5.5
1970-06-18	12	2.7	20	6
1970-06-19	5.5	1.4	19.5	7.5
1970-06-20	2.5	1.3	16	9
1970-06-21	23.7	0.2	16	10
1970-06-22	24.5	2.8	16.5	9.5
1970-06-23	1.6	1.8	19.5	9
1970-06-24	1	5.3	22.5	8.5
1970-06-25	19.1	2	20	9.5
1970-06-26	1.7	1.2	18	10
1970-06-27	1	3.2	20	9
1970-06-28	0	3.3	21	10
1970-06-29	6	3.5	21.5	8
1970-06-30	0	4.9	21.5	8
1970-07-01	8.4	2.4	17.5	4
1970-07-02	0	3.4	16.5	6.5
1970-07-03	4.2	3.8	19	5
1970-07-04	0	4.4	18.5	5
1970-07-05	0	3.1	21	7
1970-07-06	0	5.8	22	7.5
1970-07-07	0	4.8	22.5	6
1970-07-08	6.8	2.2	22	7
1970-07-09	16.5	6.1	22.5	7
1970-07-10	2.2	3.9	22.5	5.5
1970-07-11	0	5.2	23	6
1970-07-12	0	6.8	23.5	5.5
1970-07-13	0	5.8	23	5
1970-07-14	1	3.9	18	5
1970-07-15	7.6	0.8	18	9
1970-07-16	2	1.3	17	7.5
1970-07-17	5.7	3.6	20	9
1970-07-18	0	3.4	21	6.5
1970-07-19	1	5.3	22	6
1970-07-20	0	3.9	22	6
1970-07-21	0	1.8	20	9
1970-07-22	11.8	1.1	18	5.5
1970-07-23	1.2	1.5	18	7
1970-07-24	0	2.6	20	9
1970-07-25	0	2.7	22	7
1970-07-26	0	2	20	5.5
1970-07-27	0	5.7	20	5
1970-07-28	0	4.7	20	4
1970-07-29	1.2	2.4	20	6.5
1970-07-30	2.1	1.1	19	7
1970-07-31	0	4.6	21.5	7
1970-08-01	0	5.8	22	7
1970-08-02	2.1	2.2	21	7.5
1970-08-03	2	5.7	22.5	6.5
1970-08-04	1.7	2.3	18	7
1970-08-05	2	3.4	19.5	9.5
1970-08-06	19.1	2	18	9
1970-08-07	0	2.7	19	8
1970-08-08	0	4.8	22	6.5
1970-08-09	2.5	2.8	22	6
1970-08-10	2.4	2.5	22	6.5
1970-08-11	0	2.7	21	6.5
1970-08-12	1.2	2.2	22	6.5
1970-08-13	0	6.9	23	6
1970-08-14	0	4.1	23.5	6
1970-08-15	4	3.7	19	5
1970-08-16	0	1.5	17.5	6
1970-08-17	0	5.6	19.5	7.5
1970-08-18	3	3.4	22.5	5
1970-08-19	0	5.1	23	5
1970-08-20	0	4.6	23	6.5
1970-08-21	0	3.5	24.5	6
1970-08-22	64.2	3.1	22	7.5
1970-08-23	0	4.4	23	6.5
1970-08-24	0	3.9	24	6.5
1970-08-25	0	7.4	21.5	5.5
1970-08-26	0	5.9	21.5	4
1970-08-27	0	4.2	19.5	3
1970-08-28	0	4.1	18	6
1970-08-29	0.2	5.2	19.5	7
1970-08-30	0.1	2.9	18	8
1970-08-31	0	5.8	19	8.5
1970-09-01	6.5	3.7	19	9
1970-09-02	8.4	4.5	22.5	9.5
1970-09-03	0	3.1	21.5	7.5
1970-09-04	29.5	3.3	21.5	8
1970-09-05	2.7	3.1	20	6.5
1970-09-06	0	4.2	21	8.5
1970-09-07	0	3.5	20.5	4.5
1970-09-08	0	5.3	20.5	9.5
1970-09-09	6.4	4.3	20.5	5.5
1970-09-10	0	3.8	18.5	6.5
1970-09-11	0	3.2	21.5	6.5
1970-09-12	16	2.2	19.5	6.5
1970-09-13	0	1.9	18.5	7
1970-09-14	4.6	4.9	21.5	8.5
1970-09-15	13	4	21.5	7.5
1970-09-16	0	4.3	21	7
1970-09-17	0	5.7	19.5	5.5
1970-09-18	0	2.5	18	7
1970-09-19	10.8	3.6	18.5	4
1970-09-20	2.1	2.7	20.5	6.5
1970-09-21	4.5	2.7	22	6
1970-09-22	0	2.7	21	7
1970-09-23	0	4	20.5	6.5
1970-09-24	15.9	0.5	18	8.5
1970-09-25	6	1.1	18.5	8.5
1970-09-26	3.4	1.2	19	9
1970-09-27	13.7	2	19.5	9.5
1970-09-28	5.5	3.1	19.5	6.5
1970-09-29	0	2.2	16.5	6.5
1970-09-30	0	3.3	16.5	7.5
1970-10-01	0	2.4	21.5	4
1970-10-02	0	5.6	22	4.5
1970-10-03	0	3	23	5
1970-10-04	0	3.1	21.5	7.5
1970-10-05	0	2	21.5	6.5
1970-10-06	0	3.7	21	6.5
1970-10-07	0	4.5	22.5	5
1970-10-08	0	5.8	23.5	4
1970-10-09	0	3.2	20.5	5
1970-10-10	0	3.8	23	4.5
1970-10-11	3.2	1.1	20.5	5
1970-10-12	0	2.4	22	6.5
1970-10-13	1.4	2.5	22	7.5
1970-10-14	2.3	3.1	23	6
1970-10-15	0	5.6	18.5	7
1970-10-16	0	3	17.5	6.5
1970-10-17	0	2.7	21	4.5
1970-10-18	0	2.5	19.5	3.5
1970-10-19	0	4.4	22	2.5
1970-10-20	0	4.6	20.5	2.5
1970-10-21	0	5.2	22.5	3.5
1970-10-22	0	3.6	22.5	3
1970-10-23	0	5.6	23.5	4
1970-10-24	0	3.4	23.5	5
1970-10-25	0	5.9	23.5	6
1970-10-26	0	4.3	24	5
1970-10-27	0	5	23	5.5
1970-10-28	0	4.3	20	4.5
1970-10-29	2.3	0.9	20	5.5
1970-10-30	0	3.5	19	3.5
1970-10-31	0	2.7	21.5	2
1970-11-01	0	5.3	21.5	3
1970-11-02	0	4.2	21.5	3.5
1970-11-03	0	4.2	21	3
1970-11-04	0	3.2	15	3.5
1970-11-05	0	1.5	19	0.5
1970-11-06	0	3.2	17.5	3.5
1970-11-07	0	4.8	21	0
1970-11-08	0	5.6	21.5	2.5
1970-11-09	0	3.4	19.5	3.5
1970-11-10	0	3.7	19.5	-1.5
1970-11-11	0	3.5	20.5	1.5
1970-11-12	0	4.1	22	1
1970-11-13	0	5.7	21.5	1.5
1970-11-14	0	3.9	22.5	4
1970-11-15	0	2.7	18	2.5
1970-11-16	0	3	15.5	1.5
1970-11-17	0	4.7	19.5	-2
1970-11-18	0	3.7	21	-2.5
1970-11-19	0	4.9	22	-1
1970-11-20	0	6	20	0.5
1970-11-21	0	5.1	22	0
1970-11-22	0	6	23	1
1970-11-23	0	4.1	17	0
1970-11-24	0	3.4	19	-3
1970-11-25	0	5.5	19.5	0.5
1970-11-26	0	3.4	22	0.5
1970-11-27	0	6.2	21.5	1
1970-11-28	0	5.1	20	0.5
1970-11-29	0	2.8	19	0
1970-11-30	0	3.1	21.5	1
1970-12-01	0	5.2	22	1
1970-12-02	0	6.4	21	-0.5
1970-12-03	0	3.5	21	0.5
1970-12-04	0	5	21	-0.5
1970-12-05	0	3.7	20	-3
1970-12-06	0	3.6	14	-4.5
1970-12-07	0	2.3	17	-4.5
1970-12-08	0	3.1	19.5	-2
1970-12-09	0	3.7	20.5	0
1970-12-10	0	7.6	20	-1.5
1970-12-11	0	3	21	0
1970-12-12	0	3.2	20	1.5
1970-12-13	0	4.1	20.5	1
1970-12-14	0	4.1	21.5	0.5
1970-12-15	0	4.8	22	2
1970-12-16	0	2.8	21.5	1.5
1970-12-17	0	5.2	21.5	0.5
1970-12-18	0	4.6	19	2
1970-12-19	0	3.3	22	3.5
1970-12-20	0	3.7	20.5	3.5
1970-12-21	0	2.5	22.5	3.5
1970-12-22	0	5.6	23	3.5
1970-12-23	0	4.4	22	4
1970-12-24	0	4.7	21	-1.5
1970-12-25	0	3.2	20	-1
1970-12-26	0	4.7	20	0
1970-12-27	0	4.6	20.5	0
1970-12-28	0	4.7	23	1
1970-12-29	0	5.9	21.5	1
1970-12-30	0	4.2	20.5	0.5
1970-12-31	0	3.7	19	-1.5
1972-01-01	0	4.1	20	3.5
1972-01-02	0	3.1	18.5	3.5
1972-01-03	0	2.4	19.5	2.5
1972-01-04	0	3.4	19	1
1972-01-05	0	2.3	19.5	3
1972-01-06	0	4.8	18	5
1972-01-07	0	3.9	17	2.5
1972-01-08	0	3.1	18.5	1
1972-01-09	0	3.4	20.5	2.5
1972-01-10	0	4.7	19.5	2.5
1972-01-11	0	4.6	21	3
1972-01-12	0	3.9	22	3.5
1972-01-13	0	3.4	22	2.5
1972-01-14	0	3.4	19	2
1972-01-15	0	3.8	15.5	0.5
1972-01-16	0	2.7	11.5	0.5
1972-01-17	0	1.5	16	-2
1972-01-18	0	3.8	17.5	0.5
1972-01-19	0	2.8	17	3
1972-01-20	0	1.5	17	3.5
1972-01-21	0	5.1	19	3
1972-01-22	0	5.4	20	1.5
1972-01-23	0	4.2	21.5	3
1972-01-24	0	3.1	21.5	3
1972-01-25	0	3.3	18.5	5.5
1972-01-26	0	4.7	20.5	5
1972-01-27	0	3.6	21	0.5
1972-01-28	0	5.1	21.5	1.5
1972-01-29	0	3.9	21.5	1.5
1972-01-30	0	2	18.5	2.5
1972-01-31	0	4.2	17	3.5
1972-02-01	0	3.8	20	3.5
1972-02-02	0	6.1	21	4
1972-02-03	0	2.7	19	4
1972-02-04	0	4.7	17.5	0.5
1972-02-05	0	3.3	20	0.5
1972-02-06	0	6.3	20.5	3
1972-02-07	0	4.2	21	3.5
1972-02-08	0	4.6	18	2.5
1972-02-09	0	4.9	19	0
1972-02-10	0	5	20.5	0
1972-02-11	0	4.7	22.5	2.5
1972-02-12	0	6.6	22	3
1972-02-13	0	4.6	22	3
1972-02-14	0	5.8	22	2
1972-02-15	0	8.7	23	2.5
1972-02-16	0	6.5	20.5	4.5
1972-02-17	0	5.6	16.5	4.5
1972-02-18	0	6.3	15	1.5
1972-02-19	0	4.7	17	-3.5
1972-02-20	0	5.7	21	-3
1972-02-21	0	6.8	21	-0.5
1972-02-22	0	6.8	19.5	0.5
1972-02-23	0	7.6	22.5	1.5
1972-02-24	0	5.8	22.5	1
1972-02-25	0	7.2	24	3
1972-02-26	0	7.6	24	4.5
1972-02-27	0	4.6	24	3.5
1972-02-28	2.1	3.3	21	3.5
1972-02-29	0	5.9	22.5	5.5
1972-03-01	0	7.2	22.5	2
1972-03-02	0	5.4	21.5	3.5
1972-03-03	0	7.5	23	3.5
1972-03-04	0	6.9	24	5
1972-03-05	0	6.9	22	6.5
1972-03-06	7	3.2	21	2.5
1972-03-07	0	6.3	21.5	2
1972-03-08	0	5.7	21.5	4
1972-03-09	0	5.9	16.5	4
1972-03-10	0	5.3	17	3.5
1972-03-11	5	4.6	19	1.5
1972-03-12	0	3.2	19	3
1972-03-13	0	6.4	20	3
1972-03-14	0	2.5	20	3
1972-03-15	0	5.7	20	2.5
1972-03-16	1.1	6.9	21.5	3.5
1972-03-17	0	6.6	21	3.5
1972-03-18	0	7.2	21.5	5.5
1972-03-19	0	5.9	23.5	3
1972-03-20	0	5.7	23.5	3
1972-03-21	0	5.9	24.5	4.5
1972-03-22	4	4.3	19	5
1972-03-23	1.3	2.9	20.5	5.5
1972-03-24	0	4.7	21.5	5.5
1972-03-25	0	4.2	21.5	5.5
1972-03-26	0	6.6	23	5.5
1972-03-27	0	2.5	21.5	5.5
1972-03-28	0	10.1	25	5.5
1972-03-29	0	8.7	20.5	4
1972-03-30	0	10.2	24	7
1972-03-31	0	8.7	24.5	4
1972-04-01	0	6.8	24.5	4
1972-04-02	0	7.4	24.5	2
1972-04-03	0	8.6	24.5	4.5
1972-04-04	0	7.1	24.5	7
1972-04-05	0	9.2	24	3.5
1972-04-06	0	9.9	25	4
1972-04-07	0	7.4	27	5
1972-04-08	0	8.9	26	8
1972-04-09	0	8.5	26.5	5
1972-04-10	0	8.3	25.5	5.5
1972-04-11	0	9.9	26	7.5
1972-04-12	0	9.7	26.5	6
1972-04-13	0	7.9	26.5	5.5
1972-04-14	1	5.9	27	7
1972-04-15	7.4	4.8	24.5	7
1972-04-16	0	3.4	22.5	5
1972-04-17	4.5	2.5	20.5	6
1972-04-18	3	1.9	17	8
1972-04-19	1	4.7	21.5	5.5
1972-04-20	0	6.2	24	5
1972-04-21	0	7.2	26.5	7.5
1972-04-22	0	3.3	24	8
1972-04-23	0	7.5	25	7
1972-04-24	1.8	6.4	27.5	7.5
1972-04-25	0	7	25	7.5
1972-04-26	0	8.1	24.5	6
1972-04-27	0	7.2	24.5	7
1972-04-28	0	9.7	25.5	8
1972-04-29	0	5.4	26	6.5
1972-04-30	0	7.4	24.5	8
1972-05-01	0	5.8	25	8.5
1972-05-02	0	7.7	26	10
1972-05-03	0	6.1	24	7.5
1972-05-04	1.6	3.7	22	6.5
1972-05-05	0.5	4.2	24.5	6.5
1972-05-06	0	8.6	26	6.5
1972-05-07	0.8	4.5	23.5	8.5
1972-05-08	4	4.2	24.5	7.5
1972-05-09	0	2.5	23	8.5
1972-05-10	0	4.6	24.5	7.5
1972-05-11	0	5.9	25.5	6.5
1972-05-12	0	4.7	24	8
1972-05-13	0	5.7	25.5	8.5
1972-05-14	0	7.7	26.5	10
1972-05-15	0	7.6	26	9.5
1972-05-16	0	6.3	26	7.5
1972-05-17	0	7.8	26.5	9
1972-05-18	0	4.4	22	8
1972-05-19	0	7.7	20.5	8
1972-05-20	0	10.9	25	5
1972-05-21	0	10.7	26	6
1972-05-22	0	9.6	27	7
1972-05-23	2.9	4.7	26.5	9.5
1972-05-24	0	4.7	26	8
1972-05-25	3.8	4.2	21.5	9
1972-05-26	0	6.4	24.5	6
1972-05-27	0	6.6	24	6
1972-05-28	0	2	19.5	7.5
1972-05-29	14	0.7	20.5	7.5
1972-05-30	10.8	2.6	18.5	8.5
1972-05-31	25	1.1	18	7.5
1972-06-01	6.5	3.1	18	8.5
1972-06-02	0	0.7	19.5	8
1972-06-03	0	4.2	19.5	7.5
1972-06-04	3.2	2.3	19	6.5
1972-06-05	31.7	2.3	18	7
1972-06-06	10.5	0.9	16.5	9
1972-06-07	0	3.5	24	9
1972-06-08	1.3	1.9	19	9.5
1972-06-09	0	1.8	20	9
1972-06-10	8	4.2	20	8
1972-06-11	10	2.2	19	10
1972-06-12	1.4	1.4	18	10.5
1972-06-13	32.3	1.8	19	10
1972-06-14	0	2.3	21.5	10.5
1972-06-15	1	4.7	21	9.5
1972-06-16	0	5.5	20	9
1972-06-17	0	4.9	20.5	8.5
1972-06-18	0	4.9	22.5	7.5
1972-06-19	0	5.8	23.5	6.5
1972-06-20	0	3.8	22.5	7
1972-06-21	7.3	5.6	25	9
1972-06-22	1.6	2.2	22.5	9.5
1972-06-23	2	5.1	24.5	8.5
1972-06-24	1.8	5.8	23.5	9
1972-06-25	0	5.5	23.5	8
1972-06-26	4.3	5.1	22.5	8
1972-06-27	0	6.1	23.5	9
1972-06-28	0	7.7	22	5.5
1972-06-29	0	4.4	22.5	5
1972-06-30	0	6.1	23	6
1972-07-01	0	4.9	23.5	5
1972-07-02	1	4.3	25	8
1972-07-03	4.9	3.7	23	7
1972-07-04	0	4.3	19	4.5
1972-07-05	0	6.6	19.5	3
1972-07-06	0	7	19	5
1972-07-07	0	6.7	19.5	4
1972-07-08	1.3	3.5	21.5	6
1972-07-09	7.4	3.2	20	6.5
1972-07-10	0	2.7	19.5	6.5
1972-07-11	4.1	3.2	20	6.5
1972-07-12	4.8	2.8	20.5	7
1972-07-13	16	1.7	19.5	8.5
1972-07-14	1	2	17	10
1972-07-15	16.6	4.4	18	9.5
1972-07-16	2	0.2	18.5	9
1972-07-17	4.3	3	17.5	9
1972-07-18	0	4	21	9.5
1972-07-19	8.5	1.3	18.5	8.5
1972-07-20	14.4	2.2	17	7.5
1972-07-21	2.5	1.7	20.5	6.5
1972-07-22	6.7	3.5	17.5	8
1972-07-23	0	4.6	17.5	8
1972-07-24	0	1.4	16.5	8
1972-07-25	0	3.2	17.5	8
1972-07-26	0	3	17.5	8.5
1972-07-27	1.4	4.8	19	8.5
1972-07-28	5.4	2.5	16	9
1972-07-29	0	3	16	4
1972-07-30	0	3.4	19	6.5
1972-07-31	6.8	2.5	19.5	6.5
1972-08-01	4.6	1.6	16.5	7.5
1972-08-02	26.3	2.2	15	9
1972-08-03	6.3	0.4	16.5	10
1972-08-04	0	6.8	20	8
1972-08-05	0	2.7	16.5	6
1972-08-06	0	2.7	16	8
1972-08-07	0	5.6	20	5
1972-08-08	14.4	4.6	20	8
1972-08-09	0	5.7	20	5.5
1972-08-10	5.9	3.8	20.5	7
1972-08-11	1.4	2	20	6.5
1972-08-12	2.3	5.6	19	7.5
1972-08-13	0	2.7	19	6.5
1972-08-14	0	4.8	19.5	6.5
1972-08-15	0	3	16	7
1972-08-16	1.6	4.3	16	4.5
1972-08-17	0	5.2	21.5	4.5
1972-08-18	0	4.5	20.5	4.5
1972-08-19	0	6.1	18.5	5.5
1972-08-20	0	4.1	19	6.5
1972-08-21	0	3.6	20	5
1972-08-22	0	4.2	23.5	6.5
1972-08-23	0	5.4	22	6.5
1972-08-24	0	4.3	21.5	7.5
1972-08-25	6	5.2	23	6.5
1972-08-26	0	2.6	17	7
1972-08-27	1.6	3.7	19.5	6.5
1972-08-28	0	5.2	20	6.5
1972-08-29	0	3.4	19	7
1972-08-30	0	2.7	20	8.5
1972-08-31	0	3.7	23	8.5
1972-09-01	3.8	4.7	23	7
1972-09-02	0	3.8	21.5	7.5
1972-09-03	0	6.1	20.5	5
1972-09-04	0	6.7	21.5	4
1972-09-05	0	4.3	21.5	5
1972-09-06	0	5.5	23	5
1972-09-07	0	2.5	19.5	6.5
1972-09-08	6	4	23.5	9
1972-09-09	0	3.5	21	8
1972-09-10	0	2.7	21	8
1972-09-11	0	6.4	20	6
1972-09-12	0	5.1	14.5	4.5
1972-09-13	10.8	3	21.5	3.5
1972-09-14	3.1	1.6	21	8.5
1972-09-15	3	3.6	21.5	10
1972-09-16	1	1.9	18.5	9.5
1972-09-17	3.2	2.8	20.5	6.5
1972-09-18	14.2	2.9	20.5	9.5
1972-09-19	0	4	18	5.5
1972-09-20	0	3.9	20.5	7
1972-09-21	8.9	3.3	16.5	6.5
1972-09-22	0	2	17.5	9
1972-09-23	0	1.6	19.5	6.5
1972-09-24	27	3.9	21.5	6
1972-09-25	0	2.9	22	7
1972-09-26	6.5	2	20.5	7.5
1972-09-27	0	4.1	18.5	5
1972-09-28	0	3.8	20.5	6.5
1972-09-29	0	4.7	22	4.5
1972-09-30	0	4.4	21	7.5
1972-10-01	0	3.9	20.5	5
1972-10-02	0	6.3	21	3.5
1972-10-03	0	3.8	20.5	2.5
1972-10-04	0	4.9	18.5	3
1972-10-05	5	5.9	20	3.5
1972-10-06	1.4	2.9	21	5.5
1972-10-07	3.1	4.7	19.5	8
1972-10-08	0	6.9	18	8.5
1972-10-09	0	3.2	21.5	8.5
1972-10-10	0	4.4	20	6
1972-10-11	0	3.7	17.5	8
1972-10-12	2.2	2.3	20	3.5
1972-10-13	1.5	1.6	13.5	6.5
1972-10-14	0	1	14.5	6
1972-10-15	0	3.2	17.5	6
1972-10-16	0	2.5	18.5	8
1972-10-17	5.3	3	23.5	5
1972-10-18	3.8	1	21.5	6.5
1972-10-19	0	3.2	21.5	5.5
1972-10-20	0	4.7	20.5	9
1972-10-21	0	4.4	22	4.5
1972-10-22	21	3.3	20.5	7.5
1972-10-23	2.3	2.3	20	6
1972-10-24	0	2.2	21.5	4.5
1972-10-25	0	4.2	21.5	6
1972-10-26	0	3.6	21.5	6.5
1972-10-27	0	3.7	19	7.5
1972-10-28	0	3.5	21.5	8
1972-10-29	0	5.4	23	7.5
1972-10-30	0	3.4	22.5	6.5
1972-10-31	0	4.9	24	7.5
1972-11-01	0	4.5	24.5	7.5
1972-11-02	0	3.8	24.5	4
1972-11-03	0	3.7	21	5
1972-11-04	0	1	16.5	5.5
1972-11-05	0	2.7	21	5
1972-11-06	0	5.2	22.5	4
1972-11-07	0	5.1	18	5
1972-11-08	0	4.2	20.5	5.5
1972-11-09	0	2.7	22	6.5
1972-11-10	0	5.4	22.5	5.5
1972-11-11	14	3	21	5.5
1972-11-12	9.6	2.5	20.5	8
1972-11-13	0	2.9	21	6.5
1972-11-14	0	2.3	21	7.5
1972-11-15	0	3.8	20.5	6.5
1972-11-16	0	3.2	21.5	7
1972-11-17	0	2.7	21.5	6
1972-11-18	0	2.2	20	6
1972-11-19	0	1.7	19.5	6.5
1972-11-20	0	1.6	19	8
1972-11-21	8.8	3.2	22	6.5
1972-11-22	0	2	16.5	5.5
1972-11-23	0	3.3	19.5	6.5
1972-11-24	0	2	20	5
1972-11-25	0	0.9	18	5.5
1972-11-26	0	1.7	18.5	8
1972-11-27	0	3.2	19.5	5.5
1972-11-28	1.9	2	18	9
1972-11-29	0	1.7	20	6
1972-11-30	1	2.5	18.5	5.5
1972-12-01	0	0.7	16.5	6.5
1972-12-02	0	2.5	19.5	4.5
1972-12-03	0	1.7	20.5	5
1972-12-04	0	3	21	6
1972-12-05	0	4.1	21.5	5.5
1972-12-06	0	4.7	20.5	6.5
1972-12-07	0	3.8	21.5	4.5
1972-12-08	0	2.5	22	5.5
1972-12-09	0	4.2	23	5.5
1972-12-10	0	4.6	23.5	5
1972-12-11	0	4.5	21	1
1972-12-12	7.8	1.1	18	3
1972-12-13	0	1.2	18	4
1972-12-14	0	3.5	20.5	5.5
1972-12-15	0	2.5	17.5	5
1972-12-16	0	2	7	-0.5
1972-12-17	0	2.2	12	-0.5
1972-12-18	0.5	2.4	16	0
1972-12-19	0	2	18.5	2
1972-12-20	0	3.3	17.5	3.5
1972-12-21	0	7.6	16	4.5
1972-12-22	0	4.8	18	2
1972-12-23	0	4.2	20.5	0
1972-12-24	0	4.2	18	1.5
1972-12-25	0	3.8	20.5	-0.5
1972-12-26	0	3.9	17	1.5
1972-12-27	0	2.7	19	-1
1972-12-28	0	2.5	21	0
1972-12-29	0	4.7	21.5	1
1972-12-30	0	4.7	23	2.5
1972-12-31	0	3.3	22	5.5
1973-01-01	0	2.5	23	4.5
1973-01-02	0	6.2	22.5	3.5
1973-01-03	0	4.6	24	3.5
1973-01-04	0	5.7	24.5	3.5
1973-01-05	0	4.8	23.5	3
1973-01-06	0	3.1	23	2.5
1973-01-07	0	5.4	22	4
1973-01-08	0	3	21.5	6
1973-01-09	0	2.7	21	5
1973-01-10	0	3.9	20	2
1973-01-11	0	4.7	20.5	5.5
1973-01-12	0	4.1	16	0.5
1973-01-13	0	4.2	18.5	0.5
1973-01-14	0	2.3	15.5	1.5
1973-01-15	0	5.1	17.5	1
1973-01-16	0	4.6	18.5	0.5
1973-01-17	0	3.2	18	0.5
1973-01-18	0	5.6	20	-1
1973-01-19	0	3.7	21.5	0
1973-01-20	0	4.7	21	1
1973-01-21	0	6	20.5	1
1973-01-22	0	3.7	21	0
1973-01-23	0	5.1	22	1
1973-01-24	0	4.4	20.5	0.5
1973-01-25	0	4.2	23.5	2
1973-01-26	0	5.3	25	3
1973-01-27	0	5.9	25	3.5
1973-01-28	0	3.1	22.5	0.5
1973-01-29	0	5.3	16.5	-6
1973-01-30	0	4.9	22.5	-4.5
1973-01-31	0	6.6	23.5	0.5
1973-02-01	0	3.2	22	3
1973-02-02	0	4.3	24	4.5
1973-02-03	0	6.1	21.5	1.5
1973-02-04	0	8.4	23	4
1973-02-05	0	7	24.5	5
1973-02-06	0	4.3	25	5.5
1973-02-07	0	5.9	25	4.5
1973-02-08	0	8.5	24.5	4.5
1973-02-09	0	6.9	20.5	5.5
1973-02-10	0	4.8	20.5	0
1973-02-11	0	6.4	22	0.5
1973-02-12	0	9.6	22	2
1973-02-13	0	7.1	23	2
1973-02-14	0	4.9	22.5	1.5
1973-02-15	0	4.7	22	2.5
1973-02-16	0	2.7	19.5	4
1973-02-17	0	5.3	21.5	5.5
1973-02-18	0	3.7	22.5	5
1973-02-19	0	5.2	22	6.5
1973-02-20	0	3.7	23	3.5
1973-02-21	0	5.5	21.5	3.5
1973-02-22	0	6.2	25	5
1973-02-23	0	4.2	24.5	7
1973-02-24	0	6.3	29	4
1973-02-25	0	7.3	24.5	5
1973-02-26	0	5.9	23	5.5
1973-02-27	1	3.2	24	6
1973-02-28	0	5.7	21.5	2.5
1973-03-01	0	4.6	22.5	5
1973-03-02	0	6.9	23.5	5.5
1973-03-03	0	6.8	23.5	5.5
1973-03-04	0	5.7	23	6
1973-03-05	0	7.9	24.5	6.5
1973-03-06	0	6.3	24	7
1973-03-07	0	8.6	27	6.5
1973-03-08	0	7.6	26.5	7
1973-03-09	0	8.5	26.5	6
1973-03-10	0	7.9	26.5	4
1973-03-11	0	8.1	28	4.5
1973-03-12	0	8.6	28	6.5
1973-03-13	0	7.1	28	5.5
1973-03-14	0	5.5	27.5	4.5
1973-03-15	0	7.1	27.5	4.5
1973-03-16	0	7.5	26.5	5.5
1973-03-17	0	5.8	23.5	5
1973-03-18	0	6.9	25	5
1973-03-19	0	3	25.5	6.5
1973-03-20	0	8.1	25.5	6.5
1973-03-21	0	5.7	25	8.5
1973-03-22	0	5.5	26	6.5
1973-03-23	0	8	25	6
1973-03-24	0	9.9	26.5	10
1973-03-25	0	10.7	27	4.5
1973-03-26	0	7.6	28	5.5
1973-03-27	0	9.9	28.5	6.5
1973-03-28	0	9.6	27.5	6.5
1973-03-29	0	9.1	28	5.5
1973-03-30	0	8.6	26.5	3.5
1973-03-31	0	6.3	23.5	7
1973-04-01	0	7.6	27	7
1973-04-02	0	8.9	27	7
1973-04-03	0	9.1	25.5	10
1973-04-04	0	8	24.5	5
1973-04-05	0	5.1	23	6.5
1973-04-06	0	3.8	18	9
1973-04-07	0	8.9	27	4.5
1973-04-08	0	8.2	23.5	2
1973-04-09	0	7.6	24.5	3.5
1973-04-10	0	5.6	23.5	3.5
1973-04-11	0	9.4	26	4.5
1973-04-12	1.7	3.5	24.5	6
1973-04-13	6	3.3	24	6.5
1973-04-14	2.7	3.3	22.5	8
1973-04-15	0.6	3.3	21	8
1973-04-16	13.7	5.7	23.5	7
1973-04-17	0.8	6.2	25.5	7.5
1973-04-18	0	5.4	23.5	8.5
1973-04-19	0	6.7	24.5	8
1973-04-20	0	7.1	27	8.5
1973-04-21	0	7.7	28	9
1973-04-22	0	5.2	28.5	10.5
1973-04-23	0	7.6	27	12
1973-04-24	0	6.1	25	9.5
1973-04-25	0	6.7	27.5	10.5
1973-04-26	0	8.1	28	10
1973-04-27	0	4	21.5	6.5
1973-04-28	0	5.6	25.5	6.5
1973-04-29	0	4.2	25.5	8
1973-04-30	9.3	4	23.5	9
1973-05-01	0	5.4	27	8
1973-05-02	8	5.6	26	9
1973-05-03	0	7.4	21	8
1973-05-04	0	4.8	24	7.5
1973-05-05	0	5.1	25.5	8.5
1973-05-06	7	7.7	26	10
1973-05-07	0	4.2	25	9.5
1973-05-08	1.4	5.7	22.5	9.5
1973-05-09	1	3	24	8.5
1973-05-10	8.5	3.3	23	8
1973-05-11	0	6	25	8
1973-05-12	0	6	25	7
1973-05-13	0	6.2	21	7
1973-05-14	0	5.1	20	8.5
1973-05-15	0.8	3.3	18.5	8
1973-05-16	0	7	23.5	6.5
1973-05-17	10.2	5.4	22	7.5
1973-05-18	8.8	1.8	16	8.5
1973-05-19	0	5.2	17.5	8.5
1973-05-20	0	5.9	20.5	6.5
1973-05-21	0	6.9	22.5	6
1973-05-22	0	7.8	25	6
1973-05-23	0	8.3	26.5	7.5
1973-05-24	0	10.2	28	9.5
1973-05-25	0	7.6	29.5	8
1973-05-26	0	8.4	29.5	10.5
1973-05-27	0	10.1	29	12
1973-05-28	3.4	3.4	26.5	7.5
1973-05-29	0	5.4	22.5	6.5
1973-05-30	0	5.2	22.5	7.5
1973-05-31	0	5	21	6.5
1973-06-01	0	3.9	22	5.5
1973-06-02	0	6.8	25.5	6
1973-06-03	0	7.7	27	6.5
1973-06-04	0	9.9	26.5	8
1973-06-05	0	8.4	26	6.5
1973-06-06	0	7.8	21	7
1973-06-07	0	8.4	22.5	6
1973-06-08	27	3.4	19	5
1973-06-09	5.9	1.5	15	6.5
1973-06-10	1	1.4	18	6.5
1973-06-11	3.3	1.6	19.5	8.5
1973-06-12	4.8	4.3	22	9
1973-06-13	0	4.4	23.5	9.5
1973-06-14	5.5	1.3	18.5	9.5
1973-06-15	0	2.9	19.5	9
1973-06-16	3.4	2.7	22.5	8
1973-06-17	11.2	3.4	23.5	7.5
1973-06-18	0	3.7	22.5	8
1973-06-19	0	3.6	22	9
1973-06-20	8.5	3.3	20.5	8
1973-06-21	4	2.5	15	8.5
1973-06-22	1.6	0.8	13.5	9.5
1973-06-23	5	0.8	14.5	8.5
1973-06-24	14.1	0.8	17.5	9.5
1973-06-25	7	0.4	17	10
1973-06-26	16	2.7	18	10
1973-06-27	26.2	0.2	15.5	9.5
1973-06-28	0	1.2	19	9
1973-06-29	3.9	2.1	20	4.5
1973-06-30	0	1.6	19.5	8.5
1973-07-01	15	4.1	19.5	9
1973-07-02	4.8	0.7	16.5	10
1973-07-03	3.5	1	14	9.5
1973-07-04	1	1.2	16	10
1973-07-05	17.3	1	16	9.5
1973-07-06	12.1	1.5	19	9.5
1973-07-07	5	1	16.5	8
1973-07-08	5	0.9	18	9.5
1973-07-09	0	3.8	19.5	8
1973-07-10	3	1.4	20	4
1973-07-11	0	6.7	21	6
1973-07-12	0	3.8	21.5	6.5
1973-07-13	4.7	1.4	22	7
1973-07-14	9	5.6	20	7.5
1973-07-15	3.4	3.7	21.5	8
1973-07-16	0	5.1	21.5	6.5
1973-07-17	2.4	4.4	22	7
1973-07-18	0	4.8	20	6.5
1973-07-19	0	6.5	20	6.5
1973-07-20	3.3	3.7	22	5.5
1973-07-21	0	3.4	22	6
1973-07-22	0	4.1	22	8.5
1973-07-23	22.8	3	17.5	9.5
1973-07-24	2.4	2.1	18	7
1973-07-25	1	0.6	22	9
1973-07-26	2.8	1.8	15	8
1973-07-27	4.8	2.7	20.5	9
1973-07-28	0.8	3	20.5	7.5
1973-07-29	2.7	4.6	21	7.5
1973-07-30	0.4	4.2	22	7.5
1973-07-31	0	3.4	21	6.5
1973-08-01	2.8	3.7	21	6.5
1973-08-02	0	4.9	22	9
1973-08-03	20	2.7	21.5	7
1973-08-04	2.6	1.7	18.5	8
1973-08-05	3.3	2.5	19.5	6
1973-08-06	1.8	1.8	17.5	9.5
1973-08-07	2.6	2.5	20	6.5
1973-08-08	0.8	3.5	20	7
1973-08-09	7.2	1.4	19.5	8
1973-08-10	1.4	1.5	18.5	10
1973-08-11	5.4	2.2	17.5	10
1973-08-12	13.8	2.8	18	8.5
1973-08-13	0	2.8	19.5	8.5
1973-08-14	6	2.7	19.5	9.5
1973-08-15	0	2.8	19.5	8.5
1973-08-16	2.5	3.8	20	9.5
1973-08-17	17.8	2.2	20.5	9.5
1973-08-18	0	2.7	21	8.5
1973-08-19	0	5.8	21	5.5
1973-08-20	2.5	0.9	15.5	7.5
1973-08-21	0	3.8	15.5	5.5
1973-08-22	1.8	2.8	15.5	7
1973-08-23	0	4.2	17.5	6.5
1973-08-24	20	1	18	7.5
1973-08-25	10.1	2.5	18.5	9.5
1973-08-26	0.5	3.4	17.5	9.5
1973-08-27	20	1	19	10
1973-08-28	1.4	1.6	21.5	10.5
1973-08-29	14.5	3	21.5	9.5
1973-08-30	0	5.2	21	8
1973-08-31	0	4.2	20	8
1973-09-01	0	4.9	20	6.5
1973-09-02	0	4.3	15.5	6
1973-09-03	5.5	1.7	15.5	9
1973-09-04	13.2	1.6	16.5	10
1973-09-05	0	2.3	17	9
1973-09-06	0	2.5	18.5	6.5
1973-09-07	0	2.8	19.5	8
1973-09-08	18.6	3.3	18	9.5
1973-09-09	4.4	1.6	20	8
1973-09-10	8.3	2.2	20	10.5
1973-09-11	0	2	18	10
1973-09-12	5.3	2.9	23	7.5
1973-09-13	0	4.4	22	7
1973-09-14	0.9	5	22	7.5
1973-09-15	0	4.1	20.5	7
1973-09-16	2.5	1.9	19.5	8.5
1973-09-17	0	4	20.5	7
1973-09-18	0	5.4	19.5	7.5
1973-09-19	0	5.8	22	6.5
1973-09-20	0	5.8	22.5	6.5
1973-09-21	0	4.7	23	5.5
1973-09-22	0	3	24	6.5
1973-09-23	0	3.1	23.5	9
1973-09-24	0	3.2	24	9.5
1973-09-25	0	4.4	23	9
1973-09-26	19	4.3	23	6.5
1973-09-27	0	2.2	19.5	9.5
1973-09-28	5.1	2.1	23.5	6.5
1973-09-29	0.9	3.2	21.5	7.5
1973-09-30	5.1	2.7	21	10
1973-10-01	0.4	3.8	19.5	8.5
1973-10-02	0	4.6	22	6.5
1973-10-03	0	5.5	21.5	7.5
1973-10-04	0	4.7	21.5	5.5
1973-10-05	0	4.1	20.5	4.5
1973-10-06	0	2.5	17.5	5.5
1973-10-07	0	3.7	17.5	6
1973-10-08	0	3.9	20.5	7.5
1973-10-09	2.6	1.9	22.5	6.5
1973-10-10	4.4	3.8	20.5	9.5
1973-10-11	1.2	2.5	17.5	8.5
1973-10-12	5.8	1.5	16.5	9.5
1973-10-13	0	3	21.5	7.5
1973-10-14	0.4	2.7	17	9.5
1973-10-15	0	3.4	20	7
1973-10-16	0	5.4	19	6.5
1973-10-17	0	3.1	17	5
1973-10-18	0	2.7	17.5	5
1973-10-19	0	2.2	15.5	4.5
1973-10-20	6.9	0.6	13.5	7
1973-10-21	5.8	0.6	14.5	6
1973-10-22	0	3.7	15.5	7
1973-10-23	0	3.9	19.5	4.5
1973-10-24	0	1.6	20	4.5
1973-10-25	10.3	2.1	20	6.5
1973-10-26	1.2	2.2	20	5.5
1973-10-27	4.6	3.3	21	6.5
1973-10-28	0	3.8	17.5	6
1973-10-29	0	3.3	20	4
1973-10-30	0	1.6	18.5	4.5
1973-10-31	0	3.4	21.5	6.5
1973-11-01	8.5	2.6	20	5.5
1973-11-02	0	3.6	22	6.5
1973-11-03	0	2.7	23	7
1973-11-04	0.4	5.2	22	6.5
1973-11-05	0	4	21.5	6.5
1973-11-06	0	4.6	21.5	3
1973-11-07	0	3.5	22	3
1973-11-08	0	5.4	22.5	3.5
1973-11-09	0	6.2	18	2.5
1973-11-10	0	3.2	14.5	1
1973-11-11	0	1.4	14.5	2.5
1973-11-12	0	2	14	5.5
1973-11-13	0.5	3.2	16.5	5
1973-11-14	0	3.9	18.5	4.5
1973-11-15	0	3.4	19	2.5
1973-11-16	0	3.7	19	1
1973-11-17	0	2.7	18.5	2.5
1973-11-18	0	3.3	17.5	3.5
1973-11-19	0	2.7	20.5	4.5
1973-11-20	0	4.2	22.5	2
1973-11-21	0	5.3	23	3.5
1973-11-22	0	3.9	22.5	4
1973-11-23	0	4.1	20.5	3.5
1973-11-24	0	2.2	20	4.5
1973-11-25	0	1.3	20	4
1973-11-26	0	2	18	4
1973-11-27	3.4	2.9	20	5.5
1973-11-28	0.7	2.4	14	4
1973-11-29	0	3.2	14	-0.5
1973-11-30	0	2	13.5	1
1973-12-01	0	2	15.5	1
1973-12-02	0	1.7	19	1
1973-12-03	0	3.9	21	3.5
1973-12-04	0	4.1	20.5	2.5
1973-12-05	0	3.3	21.5	2.5
1973-12-06	0	3.2	17	3
1973-12-07	0	1.1	10	1.5
1973-12-08	0	2.5	17.5	4
1973-12-09	0	4.6	17	0
1973-12-10	0.5	0.5	4.5	-0.5
1973-12-11	0	2.7	11.5	-1
1973-12-12	0	2.7	16.5	0.5
1973-12-13	0	4.7	18	0.5
1973-12-14	0	3	19.5	0.5
1973-12-15	0	3.9	18	1.5
1973-12-16	0	3.7	17	0
1973-12-17	0	3.9	17.5	-3
1973-12-18	0	2.5	17	-1
1973-12-19	0	4	16	2.5
1973-12-20	0	3.2	17	1.5
1973-12-21	0	4	15.5	-4.5
1973-12-22	0	4.7	17	-3.5
1973-12-23	0	3.3	17.5	-0.5
1973-12-24	0	3.5	16.5	0
1973-12-25	0	2.7	16	0.5
1973-12-26	0	2	16.5	0
1973-12-27	0.7	1.2	20	0.5
1973-12-28	0	2	18.5	2.5
1973-12-29	0.8	2	17	3
1973-12-30	0	3.7	19	3
1973-12-31	0	4.2	17.5	3
1974-01-01	0.8	1.6	15.5	3.5
1974-01-02	0	3	19	1.5
1974-01-03	0	3.4	19	1.5
1974-01-04	0	3.7	18.5	2
1974-01-05	0	2.7	19.5	2.5
1974-01-06	1.5	3.1	19	3.5
1974-01-07	0	3.4	19.5	2.5
1974-01-08	0	4.4	21	2.5
1974-01-09	0	4.2	22	3
1974-01-10	0	4.9	21.5	3
1974-01-11	0	4.7	20	3.5
1974-01-12	0	4.1	16	3.5
1974-01-13	0	2.8	19	5.5
1974-01-14	0	3.7	20.5	3
1974-01-15	0	4	19	2.5
1974-01-16	0	4.7	19	0.5
1974-01-17	0	3.2	19.5	1.5
1974-01-18	0	4.1	19	1.5
1974-01-19	0	3.6	20	3
1974-01-20	0	3.7	20	2
1974-01-21	0	4.5	20.5	2.5
1974-01-22	0	3.7	20.5	1.5
1974-01-23	0	3.9	21	2.5
1974-01-24	0	4.2	17.5	2.5
1974-01-25	0	3	18	2.5
1974-01-26	0	3.7	18	2.5
1974-01-27	0	3.2	21	3
1974-01-28	0	3.4	20.5	3
1974-01-29	0	4.2	21.5	3
1974-01-30	0	5.2	21.5	3
1974-01-31	0	4.2	20.5	3
1974-02-01	0	3.2	20.5	3.5
1974-02-02	0	4.7	21	5
1974-02-03	0	4.7	22.5	4
1974-02-04	1.9	2	16	6
1974-02-05	2.1	1.5	19	2.5
1974-02-06	0	4.7	20.5	3.5
1974-02-07	0	4.2	21.5	3
1974-02-08	0	3.7	21	3.5
1974-02-09	0	2.8	18	1.5
1974-02-10	0	3.2	18.5	0.5
1974-02-11	0	3.7	21	0.5
1974-02-12	0	6.2	20.5	1.5
1974-02-13	0	3.3	21	2.5
1974-02-14	0	4.4	20.5	3.5
1974-02-15	0	5.3	22	5.5
1974-02-16	0	4.6	23.5	4
1974-02-17	0	4.2	23.5	4.5
1974-02-18	0	8.6	23.5	4
1974-02-19	0	5.3	22.5	5
1974-02-20	0	5.4	22.5	3.5
1974-02-21	0	5.7	20	1.5
1974-02-22	0	3.9	20.5	2
1974-02-23	0	4.9	22.5	3.5
1974-02-24	0.4	4.9	18	4.5
1974-02-25	0	5.2	15.5	0.5
1974-02-26	0	5	19	-3
1974-02-27	0	6.1	20	-1
1974-02-28	0	6.9	18.5	2
1974-03-01	0	5.7	20	-2.5
1974-03-02	0	8.4	22.5	-0.5
1974-03-03	0	8.3	25	3
1974-03-04	0	7.9	24.5	3
1974-03-05	0	7.8	25.5	4
1974-03-06	0	7.2	24.5	4
1974-03-07	0	5.2	24	3
1974-03-08	1.8	6.1	25	3.5
1974-03-09	2	5.1	25	5
1974-03-10	15	2.2	18	5
1974-03-11	0	3	18.5	4
1974-03-12	8	3.2	19.5	3
1974-03-13	1.4	3.5	18	3
1974-03-14	0	3.1	19.5	3.5
1974-03-15	0	2.8	18	4
1974-03-16	1.5	1.6	15.5	3
1974-03-17	1.2	2.5	16.5	3.5
1974-03-18	0	3.2	17	4.5
1974-03-19	0	3.7	21	5
1974-03-20	0	7.4	24.5	5.5
1974-03-21	0	4.8	25	6
1974-03-22	0	10	25	6.5
1974-03-23	0	8.7	25	6
1974-03-24	0	7.6	26	7
1974-03-25	0	8.6	24.5	5
1974-03-26	1.5	5.1	23.5	5
1974-03-27	0	5.1	24	5
1974-03-28	0	9.7	24.5	5.5
1974-03-29	0	7.7	24.5	5.5
1974-03-30	0	5.8	25	6.5
1974-03-31	0	4.1	23.5	5.5
1974-04-01	0	6.3	24.5	5.5
1974-04-02	0	4.3	22.5	5.5
1974-04-03	0	6.6	24.5	5.5
1974-04-04	0	5.7	24.5	6
1974-04-05	0	3.5	14	4.5
1974-04-06	0	4.8	23	0.5
1974-04-07	0	6.2	23	3.5
1974-04-08	0	8.2	23.5	6
1974-04-09	1	4.9	20.5	3
1974-04-10	0	6.2	23	4
1974-04-11	0	6.2	23.5	5
1974-04-12	0	6.9	25.5	4.5
1974-04-13	0	6.3	25.5	6.5
1974-04-14	0	4.7	24.5	6.5
1974-04-15	2.2	3.5	23.5	7.5
1974-04-16	10	2.2	21.5	7
1974-04-17	4.2	3.4	22.5	4.5
1974-04-18	1.3	3.2	21	8
1974-04-19	0.8	4.7	21.5	7
1974-04-20	0	5.5	24	7
1974-04-21	0	6.6	26.5	7.5
1974-04-22	0	9.1	27.5	7
1974-04-23	0	8.3	24	4.5
1974-04-24	0	8	23.5	2.5
1974-04-25	0	7.9	23.5	2.5
1974-04-26	0	8.7	23.5	6
1974-04-27	0	6.3	24.5	4.5
1974-04-28	0	5.7	22.5	6
1974-04-29	1.5	2.7	23	5.5
1974-04-30	2.4	3.4	21.5	5
1974-05-01	1.4	2.5	20.5	6
1974-05-02	7.3	4.7	23.5	5.5
1974-05-03	1.4	5.6	23	7
1974-05-04	0	6.7	24	7
1974-05-05	0	6.4	24.5	6
1974-05-06	0.7	4.9	25	7
1974-05-07	0	8.6	25.5	6
1974-05-08	0	6.2	27.5	7
1974-05-09	0	6.6	27.5	8.5
1974-05-10	0	7.9	30	9
1974-05-11	0	8.8	28	7
1974-05-12	2	5.9	28.5	8.5
1974-05-13	0	7.3	26	7.5
1974-05-14	0	7.5	27	6.5
1974-05-15	0	6.7	27	7
1974-05-16	0	6.2	26.5	10
1974-05-17	0	6.4	25	6.5
1974-05-18	0	6.9	22.5	5.5
1974-05-19	0	5.9	21.5	3
1974-05-20	0	5.8	24.5	4
1974-05-21	0	5.4	25.5	5.5
1974-05-22	0	6.2	22.5	5
1974-05-23	0	6.2	22	3.5
1974-05-24	15	5.5	23	4.5
1974-05-25	1	3.1	18	7.5
1974-05-26	3.5	2.3	20	9.5
1974-05-27	1	4.9	20	9
1974-05-28	1.8	3	21.5	7.5
1974-05-29	3.7	3.2	19	7.5
1974-05-30	1.5	3.4	23.5	6.5
1974-05-31	0	4.3	22.5	8.5
1974-06-01	0	3.3	22.5	10
1974-06-02	0	4.4	17.5	7
1974-06-03	0	5.6	23	6
1974-06-04	0	6.6	25.5	5.5
1974-06-05	0	5.7	28	7
1974-06-06	10.8	4.6	25.5	7
1974-06-07	0.6	5.8	22.5	8
1974-06-08	0	6.1	25.5	7
1974-06-09	0.4	5.3	20.5	7.5
1974-06-10	0	4.7	23	8.5
1974-06-11	7.3	4.5	21.5	6.5
1974-06-12	0	6.2	22	8
1974-06-13	20	4.7	22	8
1974-06-14	11.6	2.2	19.5	8.5
1974-06-15	4	1.6	16.5	9.5
1974-06-16	26	0.4	14	9.5
1974-06-17	1	1.8	15	8.5
1974-06-18	11.4	1.5	16.5	9
1974-06-19	20	2	18.5	8.5
1974-06-20	7.5	1.5	17	9
1974-06-21	0.8	1.8	16.5	9.5
1974-06-22	0.7	1.7	18	9.5
1974-06-23	25.5	2.3	19.5	9
1974-06-24	0	4.7	18	8
1974-06-25	0	2.5	17	6
1974-06-26	0	5.8	18	5.5
1974-06-27	0	5.2	19.5	5.5
1974-06-28	0	4.8	20.5	7.5
1974-06-29	8.4	3	21.5	7.5
1974-06-30	15.4	2.7	18.5	9.5
1974-07-01	20	2.2	19.5	8.5
1974-07-02	12.5	2	19.5	9
1974-07-03	34.2	2	16.5	7.5
1974-07-04	12.3	1.7	19.5	8.5
1974-07-05	24.5	0.8	14.5	9.5
1974-07-06	6.6	0.8	15	9.5
1974-07-07	0	4.3	18.5	7.5
1974-07-08	9.4	2.7	19.5	8.5
1974-07-09	11.7	1.2	15.5	6
1974-07-10	2.5	2	17	4
1974-07-11	2.3	2	17.5	6.5
1974-07-12	34	2.3	18	7.5
1974-07-13	0.7	1.7	14.5	5
1974-07-14	0	3.8	18	1
1974-07-15	0	1.5	18.5	5.5
1974-07-16	2	4.5	20.5	5.5
1974-07-17	4.9	1.9	17	8
1974-07-18	1.4	1.6	16	8
1974-07-19	5.1	3.2	19	3
1974-07-20	0	5.3	19	4
1974-07-21	4.7	5.2	21.5	6
1974-07-22	0	5.9	21.5	5.5
1974-07-23	0	4.4	22	4.5
1974-07-24	8.9	5.2	22.5	8.5
1974-07-25	1.6	2	20.5	7
1974-07-26	0	3.7	22	8.5
1974-07-27	0	4.2	21.5	7
1974-07-28	0	4.7	20.5	5
1974-07-29	0.5	3.4	22.5	6
1974-07-30	0	3.2	19.5	6.5
1974-07-31	0	3.5	21	7
1974-08-01	0.1	4.7	22.5	5.5
1974-08-02	0.2	3	21.5	8
1974-08-03	3	2.8	20.5	7
1974-08-04	0	5.2	20.5	4
1974-08-05	1.5	4.2	20	6
1974-08-06	0	4.2	22.5	6
1974-08-07	0	2.5	21.5	6.5
1974-08-08	0	5.7	24	7
1974-08-09	7	1.4	22	8
1974-08-10	0	5.8	22.5	5.5
1974-08-11	6.8	3.1	21.5	6
1974-08-12	5.6	3.2	20	5
1974-08-13	2.2	4.3	21.5	5.5
1974-08-14	0	5.8	21	5.5
1974-08-15	1.5	4.2	22	6
1974-08-16	3.2	4.4	21.5	6.5
1974-08-17	12.2	3.7	20	5.5
1974-08-18	0	4.5	20.5	8
1974-08-19	0	5.4	21	5.5
1974-08-20	0	5.8	21.5	6.5
1974-08-21	0	4.8	22	5.5
1974-08-22	0	4.9	20	2
1974-08-23	0	5.6	21	4
1974-08-24	3.1	2.7	21.5	8.5
1974-08-25	0	3.3	22	5
1974-08-26	9.8	3.6	22	5.5
1974-08-27	0	5.8	21.5	8
1974-08-28	0	3.9	22	7.5
1974-08-29	0	3.8	22	9
1974-08-30	0	4.9	21.5	5.5
1974-08-31	0	4.1	20.5	7
1974-09-01	1.8	4.8	22	6.5
1974-09-02	0	7.4	21.5	5.5
1974-09-03	0	6.1	20	3
1974-09-04	0	3.3	18.5	7.5
1974-09-05	0	6.8	21	9
1974-09-06	0	4.7	21	4.5
1974-09-07	0	5.5	21.5	2.5
1974-09-08	0	5.6	20.5	0
1974-09-09	0.4	7	23	1.5
1974-09-10	1.5	1.5	12	8
1974-09-11	1.8	0.8	17.5	8.5
1974-09-12	0	3.3	21	9.5
1974-09-13	0	3.3	22	7.5
1974-09-14	0	4.9	20.5	5
1974-09-15	1	1.9	17	8.5
1974-09-16	0	5.5	19.5	7.5
1974-09-17	0	3.7	20.5	6
1974-09-18	0	4.2	19	6.5
1974-09-19	0	5	19.5	6.5
1974-09-20	33.5	2.1	16.5	6.5
1974-09-21	17.5	1.1	19	10
1974-09-22	7.9	0.2	17.5	10
1974-09-23	4.5	1.7	20	10
1974-09-24	0	4.6	21.5	10
1974-09-25	6.5	3	21	8
1974-09-26	24.6	2	17.5	10.5
1974-09-27	1.3	2.6	21.5	9.5
1974-09-28	0.9	3.2	21	7.5
1974-09-29	1.8	3.2	17.5	8
1974-09-30	0.6	0.6	13.5	9
1974-10-01	0	2.1	15	7
1974-10-02	0	3.9	13	6.5
1974-10-03	0	2.2	14.5	3.5
1974-10-04	0	5.6	17.5	2.5
1974-10-05	0	3.9	19	2
1974-10-06	0	5.4	20.5	-1
1974-10-07	0	3.5	15	2.5
1974-10-08	0	4.7	17	5.5
1974-10-09	0	4.6	21	-0.5
1974-10-10	0	3.9	19.5	2
1974-10-11	0	3.6	21.5	2.5
1974-10-12	0	3.5	21.5	4
1974-10-13	6.4	3.4	23	5.5
1974-10-14	0	4.4	21.5	6
1974-10-15	0	5.1	17.5	4
1974-10-16	20.9	1.6	17.5	4
1974-10-17	4.3	1	16.5	6.5
1974-10-18	9.8	1.1	15	7
1974-10-19	58.6	3.6	18.5	6.5
1974-10-20	0.4	2.2	17.5	2.5
1974-10-21	0	3	17	1.5
1974-10-22	0	2.5	19.5	1.5
1974-10-23	0	5.2	18	4.5
1974-10-24	0	4.3	17.5	6
1974-10-25	0	3.5	20	2
1974-10-26	0	3.9	17.5	6
1974-10-27	0	4.4	21	4.5
1974-10-28	0.4	3.3	20	4.5
1974-10-29	1.3	2.6	21.5	5.5
1974-10-30	0	2.4	21.5	6
1974-10-31	0	4.2	21	0.5
1974-11-01	0	4.2	21.5	4
1974-11-02	0	3.7	20.5	5.5
1974-11-03	0	5	21.5	5
1974-11-04	0	3.6	22	4
1974-11-05	0	3.5	21.5	4
1974-11-06	0	5	21	6
1974-11-07	0	3.2	20	3.5
1974-11-08	0	3.6	20.5	5
1974-11-09	0	4.1	21	5.5
1974-11-10	0	3.6	20	5
1974-11-11	0	3.1	13.5	3
1974-11-12	0	1.7	9.5	2
1974-11-13	0	2.2	15.5	0.5
1974-11-14	0	2	14.5	2.5
1974-11-15	0	3	18	1
1974-11-16	0	3.3	20	2.5
1974-11-17	0	3.8	22	4
1974-11-18	0	3.2	21.5	4
1974-11-19	0	4.8	22	4.5
1974-11-20	0	4.6	20	4.5
1974-11-21	0	3.4	16.5	6.5
1974-11-22	0.2	1.4	18	4
1974-11-23	0	3.2	19	4
1974-11-24	0	2.2	17.5	4.5
1974-11-25	0	1.1	8	2
1974-11-26	0	5.7	16.5	-2.5
1974-11-27	0	5	16	-2.5
1974-11-28	0	2.3	19.5	0.5
1974-11-29	0	5.5	20	2
1974-11-30	0	3.8	21	2
1974-12-01	0	3.9	22.5	3.5
1974-12-02	0	2.9	19.5	3
1974-12-03	0	3.3	18	3.5
1974-12-04	0	3	20	3
1974-12-05	0	1.4	18.5	4.5
1974-12-06	0	4	21.5	3
1974-12-07	0	4.7	22	3.5
1974-12-08	0	2.1	19	2
1974-12-09	0	3.3	17	4
1974-12-10	0	2.6	16.5	3.5
1974-12-11	0	2.8	18.5	2.5
1974-12-12	0	2.2	19.5	3
1974-12-13	0	2.4	18	1.5
1974-12-14	0	2.7	21.5	2
1974-12-15	0	3.9	21.5	3.5
1974-12-16	0	4.6	19.5	4
1974-12-17	0	1.4	17	4.5
1974-12-18	0	3	19.5	1.5
1974-12-19	0	2.8	20	2.5
1974-12-20	0	2.6	14.5	3
1974-12-21	0	2.1	13.5	2.5
1974-12-22	0	1.2	19.5	3
1974-12-23	0	4.7	21	2
1974-12-24	0	3.4	21	4.5
1974-12-25	0	4	21	3.5
1974-12-26	0	2.8	18.5	5
1974-12-27	0	3.1	18.5	5
1974-12-28	0	4.7	22	2.5
1974-12-29	0	4.7	23.5	3
1974-12-30	0	6.4	23.5	2
1974-12-31	0	4.3	23	1.5
1975-01-01	0	3.5	20.5	1.5
1975-01-02	0	2.8	19	1.5
1975-01-03	0	3.7	20	0.5
1975-01-04	0	4.3	19.5	2
1975-01-05	0	2.7	17.5	3.5
1975-01-06	0	3.2	18	2
1975-01-07	0	3.6	17.5	4.5
1975-01-08	0	2.6	20.5	5
1975-01-09	0	5.4	19	2
1975-01-10	0	3.9	14	6
1975-01-11	0	3.7	19.5	1.5
1975-01-12	0	4.3	19	3
1975-01-13	0	3.6	18.5	-1.5
1975-01-14	0	4.8	17.5	-2
1975-01-15	0	4.6	19	-2
1975-01-16	0	3.7	18.5	-1
1975-01-17	0	4.6	17	-0.5
1975-01-18	0.5	1.5	14.5	2.5
1975-01-19	0	2.1	18	3
1975-01-20	5.2	1.4	10	3
1975-01-21	6	0.5	9.5	4
1975-01-22	1.5	3	14	4
1975-01-23	0	0.7	14.5	3.5
1975-01-24	0	1.4	17.5	3.5
1975-01-25	0	3.2	18	3
1975-01-26	0	3	19.5	4
1975-01-27	0	3.3	19	2.5
1975-01-28	0	4.6	21	3.5
1975-01-29	0	2.8	20.5	4.5
1975-01-30	0	4.6	21	2.5
1975-01-31	13.2	3.1	20	3.5
1975-02-01	0	1.7	20.5	5.5
1975-02-02	3.4	2.2	17.5	6
1975-02-03	0	3.5	20	5
1975-02-04	4.8	3	20.5	5.5
1975-02-05	0	3.2	19	5
1975-02-06	0	4.4	20	3.5
1975-02-07	0	3	19	5
1975-02-08	0	5.3	19.5	2
1975-02-09	0	4.5	19.5	3
1975-02-10	0	5.9	30	1.5
1975-02-11	0	4.9	20	2.5
1975-02-12	0	4.5	21	1.5
1975-02-13	0	4.2	20.5	0
1975-02-14	0	2.5	20	1.5
1975-02-15	0	4.1	20	2.5
1975-02-16	0	5.2	22	1.5
1975-02-17	0	6.4	24	3
1975-02-18	0	6.1	20.5	3.5
1975-02-19	0	5.4	24.5	3.5
1975-02-20	0	6	22	3
1975-02-21	0	6.7	20.5	2
1975-02-22	0	7.3	21.5	4.5
1975-02-23	0	6.4	22	4
1975-02-24	0	4.8	19.5	1.5
1975-02-25	0	6.8	21	1.5
1975-02-26	0	6.7	21	3
1975-02-27	0	5.9	21.5	3.5
1975-02-28	0	6.7	22	4.5
1975-03-01	0	5.8	22	3.5
1975-03-02	0	6.3	23	4
1975-03-03	0	5.6	23	3
1975-03-04	0	6	22.5	4
1975-03-05	0	6.5	22	3
1975-03-06	0	6.2	23	3.5
1975-03-07	0	7.6	22	5.5
1975-03-08	0	8	21.5	0
1975-03-09	0	5.9	23	2
1975-03-10	4.2	6.7	25.5	6.5
1975-03-11	0	4.7	23	4.5
1975-03-12	0	5.2	25	5.5
1975-03-13	0	6.3	25.5	3.5
1975-03-14	0	5.4	29.5	4
1975-03-15	0	6.2	26.5	4.5
1975-03-16	0	7.3	27	7
1975-03-17	0	8	26.5	5
1975-03-18	0	4.4	22	7.5
1975-03-19	3.5	5.4	25.5	6
1975-03-20	0	4.9	24	6.5
1975-03-21	0	6	26.5	6.5
1975-03-22	0	7.5	27.5	4.5
1975-03-23	0	6.9	26	6
1975-03-24	0	6.5	25.5	5.5
1975-03-25	0	5	21.5	5.5
1975-03-26	0	3.8	25	5.5
1975-03-27	0	5.9	25	5
1975-03-28	0	7.5	27.5	5
1975-03-29	0	8.3	28.5	6
1975-03-30	0	5.6	26.5	6.5
1975-03-31	0	8.6	25.5	8
1975-04-01	0	7.8	27.5	7
1975-04-02	0	9.6	28	7.5
1975-04-03	0	4.8	22	2
1975-04-04	0	9.1	27	6
1975-04-05	0	7.3	28.5	6
1975-04-06	4.3	6.7	27	6.5
1975-04-07	0	4.3	24.5	7.5
1975-04-08	0	6.2	25.5	5.5
1975-04-09	0	9.7	26	6
1975-04-10	0	9.6	26	8.5
1975-04-11	0	5.7	26.5	7.5
1975-04-12	0.3	4.9	26	7
1975-04-13	0	6.1	26	5.5
1975-04-14	0	7.3	27	5.5
1975-04-15	0	6.9	24.5	5.5
1975-04-16	0	8.8	28	5.5
1975-04-17	0	9.1	28.5	6.5
1975-04-18	0	7.7	29.5	6.5
1975-04-19	0	9	28.5	9.5
1975-04-20	0	6.6	28.5	9
1975-04-21	0	9	26	6
1975-04-22	0	6.9	25.5	3
1975-04-23	0	6.5	23.5	5.5
1975-04-24	0	9.1	29	7
1975-04-25	0	7.4	27	7
1975-04-26	3.2	5.3	28	7.5
1975-04-27	0	3.4	24	6.5
1975-04-28	1.2	4.1	24	8
1975-04-29	0	2.3	23	8
1975-04-30	0.2	3.4	26	6
1975-05-01	0	4.8	26.5	8.5
1975-05-02	0	4.5	26	8.5
1975-05-03	1.7	4.8	24	8
1975-05-04	0	7.3	26	8
1975-05-05	0	3.8	26.5	8
1975-05-06	1	5.6	24	9
1975-05-07	0	5.6	22	8.5
1975-05-08	3.5	4.9	24.5	8
1975-05-09	1	5.1	27	7
1975-05-10	0	4.7	25.5	7
1975-05-11	0	1.8	20	7.5
1975-05-12	7	2.8	20.5	8.5
1975-05-13	0	4	21.5	5.5
1975-05-14	0	6.1	22.5	7
1975-05-15	2.5	3.5	22.5	4.5
1975-05-16	0	4.3	23	7
1975-05-17	1.3	4.4	23.5	6
1975-05-18	0	5.9	23.5	7.5
1975-05-19	0	3.6	22	6
1975-05-20	2	2.8	19.5	7.5
1975-05-21	0	4.3	23.5	8
1975-05-22	9.5	3.4	25	6
1975-05-23	27	2.5	22	10
1975-05-24	0	4.8	21.5	6.5
1975-05-25	0	5.8	19.5	10
1975-05-26	4.8	3	21.5	7.5
1975-05-27	5.6	1.7	19.5	7
1975-05-28	2.5	1.7	19	9
1975-05-29	11.7	0.4	19	9
1975-05-30	21.3	2.5	21	9
1975-05-31	4.2	1.5	21	8.5
1975-06-01	0	4.7	17	8.5
1975-06-02	0	3.1	16	7.5
1975-06-03	7.7	1.5	16.5	8
1975-06-04	6.8	1	16.5	8.5
1975-06-05	5.9	4.7	21	8.5
1975-06-06	7.8	3.7	23	7.5
1975-06-07	7.9	4.1	23.5	8
1975-06-08	1.3	4.4	22	9.5
1975-06-09	45.4	3.4	21	9.5
1975-06-10	27.9	3.4	22.5	7.5
1975-06-11	0.3	2.7	21	9.5
1975-06-12	0	2.8	18.5	8.5
1975-06-13	0	6.5	22	9
1975-06-14	0	5.3	22.5	6
1975-06-15	0	4.5	22.5	7.5
1975-06-16	0.4	4.5	23.5	6.5
1975-06-17	0	2.9	22	6
1975-06-18	4	3.1	20	6
1975-06-19	0.3	2.8	22	8.5
1975-06-20	4.5	1.9	23	8.5
1975-06-21	2.4	1.3	17	7.5
1975-06-22	0.2	3	18.5	7.5
1975-06-23	1.6	2.9	17.5	9
1975-06-24	4.2	3.2	19	6.5
1975-06-25	0	3	20	4
1975-06-26	3.6	1.7	18.5	8
1975-06-27	6	3.8	17	7.5
1975-06-28	5	3.4	20.5	6
1975-06-29	1	2.2	20.5	7
1975-06-30	2	5.9	20	5.5
1975-07-01	0.2	4.7	20.5	4.5
1975-07-02	2.7	2.4	20	5.5
1975-07-03	0	3.8	19.5	5.5
1975-07-04	4.7	3.3	19	5
1975-07-05	8.4	3.3	18.5	7.5
1975-07-06	0	3.6	20	5
1975-07-07	0	4.5	18.5	6
1975-07-08	9	4	20	8
1975-07-09	0	3	17.5	8
1975-07-10	0	3.9	19.5	6
1975-07-11	24.3	2.7	16.5	8
1975-07-12	4.5	2	18	8
1975-07-13	0.3	2.2	19.5	7
1975-07-14	0	4.2	18.5	8
1975-07-15	3.7	1.8	16.5	9
1975-07-16	11.2	2.6	19	8.5
1975-07-17	2.6	4.3	19	7
1975-07-18	4.3	4.1	20.5	5.5
1975-07-19	4	1.6	19.5	7
1975-07-20	0	5.7	20.5	5.5
1975-07-21	0	3.2	20.5	5.5
1975-07-22	4.9	4.5	21	6
1975-07-23	9	1.9	21	6
1975-07-24	0	1.5	21	5.5
1975-07-25	0	5.3	19.5	5.5
1975-07-26	12.7	2	18.5	6.5
1975-07-27	0.5	2.6	17.5	9.5
1975-07-28	0	4.8	21	5
1975-07-29	0	3.3	20	6
1975-07-30	0	2.3	20.5	6.5
1975-07-31	1.9	6.2	20.5	6
1975-08-01	0	4.5	23	7
1975-08-02	0	6.6	21	6.5
1975-08-03	22.7	4.7	22	6.5
1975-08-04	0	3.8	21	8.5
1975-08-05	7	1.7	19.5	7.5
1975-08-06	1	1.9	20	9.5
1975-08-07	0	4.1	19.5	7
1975-08-08	0	4.9	22	5
1975-08-09	0	3.8	22	7.5
1975-08-10	8.7	5.3	21.5	7
1975-08-11	6	1.4	20	6.5
1975-08-12	2	4.2	21.5	6.5
1975-08-13	3.7	5.4	21.5	7.5
1975-08-14	0	3.1	21.5	7
1975-08-15	0	5.5	21	5.5
1975-08-16	0	3.4	22.5	5.5
1975-08-17	1.3	4.7	21	5.5
1975-08-18	10.3	2.4	19.5	7.5
1975-08-19	9.6	3.1	19	6.5
1975-08-20	0	3.7	19	6
1975-08-21	0	4.3	22	4.5
1975-08-22	3.2	4.5	19.5	6.5
1975-08-23	0.2	2	19.5	5.5
1975-08-24	7.8	4.1	21.5	5.5
1975-08-25	0.9	3	20	9
1975-08-26	5.3	3.3	21	7
1975-08-27	0	4.6	19.5	8
1975-08-28	0	3.6	19.5	4.5
1975-08-29	5.2	2.4	18.5	6
1975-08-30	9.2	4.8	21.5	6
1975-08-31	14.8	3.5	20.5	6
1975-09-01	0	1.6	17.5	7
1975-09-02	0.5	3.5	17.5	7.5
1975-09-03	0.3	3.3	19	6
1975-09-04	0.4	1	21	5.5
1975-09-05	0.5	3	20	7
1975-09-06	0	4.3	20	5.5
1975-09-07	0.7	1.8	18.5	6
1975-09-08	0.4	5.2	19.5	8
1975-09-09	11.9	4.8	16.5	8.5
1975-09-10	3.6	3.6	17	11
1975-09-11	0	3.3	17	10
1975-09-12	1.5	2.7	18.5	10.5
1975-09-13	2	3	17	9
1975-09-14	0	3.4	16.5	5.5
1975-09-15	3.7	2.6	18.5	7.5
1975-09-16	1.5	3.4	20	8
1975-09-17	0.9	2.6	19	9.5
1975-09-18	0.4	3.8	22.5	6.5
1975-09-19	0	5.2	21.5	5.5
1975-09-20	0	3.4	19.5	3.5
1975-09-21	0	4.6	20	6
1975-09-22	0	3.8	15	6
1975-09-23	0	3.1	17.5	6.5
1975-09-24	0	5.1	16.5	0.5
1975-09-25	0	3.4	17	-2.5
1975-09-26	0	4.2	21.5	1
1975-09-27	0	4.2	20	0.5
1975-09-28	0	5.8	21.5	2
1975-09-29	0	5.7	21.5	2.5
1975-09-30	0	4.9	23	4
1975-10-01	0	6.2	21.5	3.5
1975-10-02	0.7	1.9	14	5.5
1975-10-03	0	1.3	14	7
1975-10-04	0	3.5	16.5	6
1975-10-05	0	3	16.5	6.5
1975-10-06	2	2.7	17.5	7
1975-10-07	3.3	2.7	19.5	7.5
1975-10-08	0	3.8	20	7.5
1975-10-09	0	2.5	17.5	5.5
1975-10-10	0	2.2	17	6
1975-10-11	0	3	15.5	8
1975-10-12	0	0.7	15.5	2.5
1975-10-13	1	2.4	17	7
1975-10-14	10.2	2.5	20.5	5.5
1975-10-15	0	4.2	21.5	5.5
1975-10-16	0	3.5	20.5	5.5
1975-10-17	0	2.7	19.5	6.5
1975-10-18	0	3.3	17.5	5.5
1975-10-19	0	4.6	21	1.5
1975-10-20	0	4.5	23	0.5
1975-10-21	0	4.1	23.5	1
1975-10-22	0	5.5	23	1
1975-10-23	0	5.9	24.5	3
1975-10-24	0	4.4	23.5	4.5
1975-10-25	0	3.9	24	6
1975-10-26	0	1.1	16	8
1975-10-27	0	2	22	8.5
1975-10-28	0	2.2	20.5	6
1975-10-29	1	5.8	16	1.5
1975-10-30	0	5.2	14	5.5
1975-10-31	0	3	21	6
